,text,notes,date
https://arstechnica.com/features/2020/10/the-space-operating-systems-booting-up-where-no-one-has-gone-before/,Definitely not Windows 95: What operating systems keep things running in space?,,20201006-0000
https://arstechnica.com/science/2020/10/doctors-still-evasive-on-trumps-health-as-he-leaves-hospital/,Doctors still evasive on Trump’s health as he leaves hospital,,20201006-0000
https://arstechnica.com/cars/2020/10/nothing-beats-the-honda-civic-type-r-in-terms-of-driving-fun-per-dollar/,The Honda Civic Type-R is more fun to drive than a supercar,,20201006-0000
https://arstechnica.com/gadgets/2020/10/youtube-music-opens-up-google-cast-support-for-everyone/,YouTube Music drops monthly fee for Chromecast support,,20201006-0000
https://arstechnica.com/staff/2020/10/dealmaster-a-number-of-first-party-nintendo-switch-games-are-on-sale-today/,A number of first-party Nintendo Switch games are on sale today,,20201006-0000
https://arstechnica.com/gaming/2020/10/latest-free-guy-trailer-is-giving-us-strong-upload-vibes/,Latest Free Guy trailer is giving us strong Upload vibes,,20201006-0000
https://arstechnica.com/gaming/2020/10/playstation-5-runs-cool-and-quiet-according-to-initial-hands-on-reportss/,"PlayStation 5 runs cool and quiet, according to initial hands-on reports",,20201006-0000
https://arstechnica.com/science/2020/10/a-nobel-prize-for-the-discovery-of-hepatitis-c/,A decades-long struggle to find a virus wins the Nobel,,20201006-0000
https://arstechnica.com/tech-policy/2020/10/life-in-atts-slow-lane-millions-left-without-fiber-as-company-kills-dsl/,"AT&T kills DSL, leaves tens of millions of homes without fiber Internet",,20201006-0000
https://arstechnica.com/cars/2020/10/45-minutes-on-the-road-in-a-prototype-volkswagen-id-4-electric-car/,45 minutes on the road in a prototype Volkswagen ID.4 electric car,,20201006-0000
https://arstechnica.com/gaming/2020/10/the-history-of-galloping-ghost-the-usas-largest-classic-arcade/,"The history of Galloping Ghost, the USA’s largest classic arcade",,20201006-0000
https://arstechnica.com/gadgets/2020/10/disney-marvel-and-pixar-movies-now-available-in-4k-hdr-on-apple-tv-and-itunes/,"Disney, Marvel, and Pixar movies now available in 4K HDR on Apple TV and iTunes",,20201006-0000
https://arstechnica.com/tech-policy/2020/10/excel-glitch-may-have-caused-uk-to-underreport-covid-19-cases-by-15841/,"Botched Excel import may have caused loss of 15,841 UK COVID-19 cases",,20201006-0000
https://arstechnica.com/science/2020/10/metal-detector-enthusiasts-find-6th-century-anglo-saxon-warriors-grave/,Metal detector enthusiasts find 6th-century Anglo-Saxon warrior’s grave,,20201006-0000
https://arstechnica.com/information-technology/2020/10/custom-made-uefi-bootkit-found-lurking-in-the-wild/,Custom-made UEFI bootkit found lurking in the wild,,20201006-0000
https://arstechnica.com/science/2020/10/nasa-safety-panel-raises-doubts-about-software-testing-for-moon-missions/,Safety panel has “great concern” about NASA plans to test Moon mission software,,20201006-0000
https://arstechnica.com/science/2020/10/archaeologists-find-evidence-of-neurons-in-glassy-brain-of-vesuvius-victim/,Archaeologists find evidence of neurons in glassy brain of Vesuvius victim,,20201006-0000
https://arstechnica.com/cars/2020/10/typical-subaru-and-thats-good-the-2020-outback-reviewed/,2020 Subaru Outback is fan service in the best possible way,,20201006-0000
https://arstechnica.com/tech-policy/2020/10/this-congressperson-wants-to-ramp-up-covid-19-testing/,This congressperson wants to ramp up COVID-19 testing,,20201006-0000
https://arstechnica.com/science/2020/10/after-two-scrubs-elon-musk-says-he-will-visit-spacex-launch-sites-in-florida/,"After two scrubs, Elon Musk says he will visit SpaceX launch sites in Florida",,20201006-0000
https://arstechnica.com/gaming/2020/09/lgrs-clint-basinger-plumbs-the-depths-of-retro-computing-and-his-youtube-comments/,LGR’s Clint Basinger plumbs the depths of retro computing—and his YouTube comments,,20201006-0000
https://arstechnica.com/science/2020/10/trump-tested-positive-for-coronavirus-wednesday-doctor-reveals-in-briefing/,"Trump’s doctor dodges questions, suggests president tested positive Wednesday",,20201006-0000
https://arstechnica.com/gadgets/2020/10/ipad-2020-micro-review-battle-tested-and-more-than-fast-enough/,iPad (2020) micro-review: Battle-tested and more than fast enough,,20201006-0000
https://arstechnica.com/information-technology/2020/10/russias-fancy-bear-hackers-likely-penetrated-a-federal-agency/,Russia’s Fancy Bear hackers likely penetrated a federal agency,,20201006-0000
https://arstechnica.com/gaming/2020/10/publishers-worry-as-ebooks-fly-off-libraries-virtual-shelves/,Publishers worry as ebooks fly off libraries’ virtual shelves,,20201006-0000
https://arstechnica.com/science/2020/10/trumps-infection-outlook-with-covid-19-and-the-likelihood-of-white-house-spread/,"Trump’s infection, outlook with COVID-19 and the risk of White House spread [Updated]",,20201006-0000
https://arstechnica.com/cars/2020/10/after-12-years-mitsubishi-kills-the-i-miev-electric-car/,"After 12 years, Mitsubishi kills the i-MiEV electric car",,20201006-0000
https://arstechnica.com/gaming/2020/10/review-raised-by-wolves-squanders-early-promise-with-clumsy-bizarre-finale/,"Review: Raised by Wolves squanders early promise with clumsy, bizarre finale",,20201006-0000
https://arstechnica.com/cars/2020/10/honda-shocks-f1-says-it-will-quit-the-sport-after-2021/,"Honda shocks F1, says it will quit the sport after 2021",,20201006-0000
https://arstechnica.com/science/2020/10/last-years-us-emissions-went-down-after-2018-uptick/,Last year’s US emissions went down after 2018 uptick,,20201006-0000
https://arstechnica.com/tech-policy/2020/10/nikola-tries-to-silence-critics-with-copyright-takedowns-of-youtube-videos/,Nikola issues copyright takedowns against critics who use rolling-truck clip,,20201006-0000
https://arstechnica.com/tech-policy/2020/10/nearly-20000-workers-have-had-covid-19-amazon-admits/,"Nearly 20,000 workers have had COVID-19, Amazon admits",,20201006-0000
https://arstechnica.com/science/2020/10/spacex-northrop-seek-to-break-launch-gremlin-curse-with-friday-night-attempts/,"SpaceX, Northrop seek to break launch gremlin curse with Friday night attempts",,20201006-0000
https://arstechnica.com/cars/2020/10/tesla-delivers-140000-vehicles-smashing-previous-records/,"Tesla delivers 140,000 vehicles, smashing previous records",,20201006-0000
https://arstechnica.com/science/2020/10/rocket-report-an-old-centaur-comes-home-super-heavy-construction-begins/,"Rocket Report: An old Centaur comes home, Super Heavy construction begins",,20201006-0000
https://arstechnica.com/science/2020/10/president-trump-melania-and-i-tested-positive-for-covid-19/,President Trump: “Melania and I tested positive for COVID-19”,,20201006-0000
https://arstechnica.com/gaming/2020/10/mario-kart-live-home-circuit-is-half-rc-toy-half-game-all-ar-fun/,Going in-depth with Nintendo’s augmented reality Mario Kart RC car,,20201006-0000
https://arstechnica.com/features/2020/10/the-space-operating-systems-booting-up-where-no-one-has-gone-before/,Definitely not Windows 95: What operating systems keep things running in space?,,20201006-0030
https://arstechnica.com/information-technology/2020/10/boom-hacked-page-on-mobile-phone-website-is-stealing-customers-card-data/,Boom! Hacked page on mobile phone website is stealing customers’ card data,,20201006-0030
https://arstechnica.com/science/2020/10/doctors-still-evasive-on-trumps-health-as-he-leaves-hospital/,Doctors still evasive on Trump’s health as he leaves hospital,,20201006-0030
https://arstechnica.com/cars/2020/10/nothing-beats-the-honda-civic-type-r-in-terms-of-driving-fun-per-dollar/,The Honda Civic Type-R is more fun to drive than a supercar,,20201006-0030
https://arstechnica.com/gadgets/2020/10/youtube-music-opens-up-google-cast-support-for-everyone/,YouTube Music drops monthly fee for Chromecast support,,20201006-0030
https://arstechnica.com/staff/2020/10/dealmaster-a-number-of-first-party-nintendo-switch-games-are-on-sale-today/,A number of first-party Nintendo Switch games are on sale today,,20201006-0030
https://arstechnica.com/gaming/2020/10/latest-free-guy-trailer-is-giving-us-strong-upload-vibes/,Latest Free Guy trailer is giving us strong Upload vibes,,20201006-0030
https://arstechnica.com/gaming/2020/10/playstation-5-runs-cool-and-quiet-according-to-initial-hands-on-reportss/,"PlayStation 5 runs cool and quiet, according to initial hands-on reports",,20201006-0030
https://arstechnica.com/science/2020/10/a-nobel-prize-for-the-discovery-of-hepatitis-c/,A decades-long struggle to find a virus wins the Nobel,,20201006-0030
https://arstechnica.com/tech-policy/2020/10/life-in-atts-slow-lane-millions-left-without-fiber-as-company-kills-dsl/,"AT&T kills DSL, leaves tens of millions of homes without fiber Internet",,20201006-0030
https://arstechnica.com/cars/2020/10/45-minutes-on-the-road-in-a-prototype-volkswagen-id-4-electric-car/,45 minutes on the road in a prototype Volkswagen ID.4 electric car,,20201006-0030
https://arstechnica.com/gaming/2020/10/the-history-of-galloping-ghost-the-usas-largest-classic-arcade/,"The history of Galloping Ghost, the USA’s largest classic arcade",,20201006-0030
https://arstechnica.com/gadgets/2020/10/disney-marvel-and-pixar-movies-now-available-in-4k-hdr-on-apple-tv-and-itunes/,"Disney, Marvel, and Pixar movies now available in 4K HDR on Apple TV and iTunes",,20201006-0030
https://arstechnica.com/tech-policy/2020/10/excel-glitch-may-have-caused-uk-to-underreport-covid-19-cases-by-15841/,"Botched Excel import may have caused loss of 15,841 UK COVID-19 cases",,20201006-0030
https://arstechnica.com/science/2020/10/metal-detector-enthusiasts-find-6th-century-anglo-saxon-warriors-grave/,Metal detector enthusiasts find 6th-century Anglo-Saxon warrior’s grave,,20201006-0030
https://arstechnica.com/information-technology/2020/10/custom-made-uefi-bootkit-found-lurking-in-the-wild/,Custom-made UEFI bootkit found lurking in the wild,,20201006-0030
https://arstechnica.com/science/2020/10/nasa-safety-panel-raises-doubts-about-software-testing-for-moon-missions/,Safety panel has “great concern” about NASA plans to test Moon mission software,,20201006-0030
https://arstechnica.com/science/2020/10/archaeologists-find-evidence-of-neurons-in-glassy-brain-of-vesuvius-victim/,Archaeologists find evidence of neurons in glassy brain of Vesuvius victim,,20201006-0030
https://arstechnica.com/cars/2020/10/typical-subaru-and-thats-good-the-2020-outback-reviewed/,2020 Subaru Outback is fan service in the best possible way,,20201006-0030
https://arstechnica.com/tech-policy/2020/10/this-congressperson-wants-to-ramp-up-covid-19-testing/,This congressperson wants to ramp up COVID-19 testing,,20201006-0030
https://arstechnica.com/gaming/2020/09/lgrs-clint-basinger-plumbs-the-depths-of-retro-computing-and-his-youtube-comments/,LGR’s Clint Basinger plumbs the depths of retro computing—and his YouTube comments,,20201006-0030
https://arstechnica.com/science/2020/10/after-two-scrubs-elon-musk-says-he-will-visit-spacex-launch-sites-in-florida/,"After two scrubs, Elon Musk says he will visit SpaceX launch sites in Florida",,20201006-0030
https://arstechnica.com/science/2020/10/trump-tested-positive-for-coronavirus-wednesday-doctor-reveals-in-briefing/,"Trump’s doctor dodges questions, suggests president tested positive Wednesday",,20201006-0030
https://arstechnica.com/gadgets/2020/10/ipad-2020-micro-review-battle-tested-and-more-than-fast-enough/,iPad (2020) micro-review: Battle-tested and more than fast enough,,20201006-0030
https://arstechnica.com/information-technology/2020/10/russias-fancy-bear-hackers-likely-penetrated-a-federal-agency/,Russia’s Fancy Bear hackers likely penetrated a federal agency,,20201006-0030
https://arstechnica.com/gaming/2020/10/publishers-worry-as-ebooks-fly-off-libraries-virtual-shelves/,Publishers worry as ebooks fly off libraries’ virtual shelves,,20201006-0030
https://arstechnica.com/science/2020/10/trumps-infection-outlook-with-covid-19-and-the-likelihood-of-white-house-spread/,"Trump’s infection, outlook with COVID-19 and the risk of White House spread [Updated]",,20201006-0030
https://arstechnica.com/cars/2020/10/after-12-years-mitsubishi-kills-the-i-miev-electric-car/,"After 12 years, Mitsubishi kills the i-MiEV electric car",,20201006-0030
https://arstechnica.com/gaming/2020/10/review-raised-by-wolves-squanders-early-promise-with-clumsy-bizarre-finale/,"Review: Raised by Wolves squanders early promise with clumsy, bizarre finale",,20201006-0030
https://arstechnica.com/cars/2020/10/honda-shocks-f1-says-it-will-quit-the-sport-after-2021/,"Honda shocks F1, says it will quit the sport after 2021",,20201006-0030
https://arstechnica.com/science/2020/10/last-years-us-emissions-went-down-after-2018-uptick/,Last year’s US emissions went down after 2018 uptick,,20201006-0030
https://arstechnica.com/tech-policy/2020/10/nikola-tries-to-silence-critics-with-copyright-takedowns-of-youtube-videos/,Nikola issues copyright takedowns against critics who use rolling-truck clip,,20201006-0030
https://arstechnica.com/tech-policy/2020/10/nearly-20000-workers-have-had-covid-19-amazon-admits/,"Nearly 20,000 workers have had COVID-19, Amazon admits",,20201006-0030
https://arstechnica.com/science/2020/10/spacex-northrop-seek-to-break-launch-gremlin-curse-with-friday-night-attempts/,"SpaceX, Northrop seek to break launch gremlin curse with Friday night attempts",,20201006-0030
https://arstechnica.com/cars/2020/10/tesla-delivers-140000-vehicles-smashing-previous-records/,"Tesla delivers 140,000 vehicles, smashing previous records",,20201006-0030
https://arstechnica.com/science/2020/10/rocket-report-an-old-centaur-comes-home-super-heavy-construction-begins/,"Rocket Report: An old Centaur comes home, Super Heavy construction begins",,20201006-0030
https://arstechnica.com/science/2020/10/president-trump-melania-and-i-tested-positive-for-covid-19/,President Trump: “Melania and I tested positive for COVID-19”,,20201006-0030
https://arstechnica.com/features/2020/10/the-space-operating-systems-booting-up-where-no-one-has-gone-before/,Definitely not Windows 95: What operating systems keep things running in space?,,20201006-0100
https://arstechnica.com/information-technology/2020/10/boom-hacked-page-on-mobile-phone-website-is-stealing-customers-card-data/,Boom! Hacked page on mobile phone website is stealing customers’ card data,,20201006-0100
https://arstechnica.com/science/2020/10/doctors-still-evasive-on-trumps-health-as-he-leaves-hospital/,Doctors still evasive on Trump’s health as he leaves hospital,,20201006-0100
https://arstechnica.com/cars/2020/10/nothing-beats-the-honda-civic-type-r-in-terms-of-driving-fun-per-dollar/,The Honda Civic Type-R is more fun to drive than a supercar,,20201006-0100
https://arstechnica.com/gadgets/2020/10/youtube-music-opens-up-google-cast-support-for-everyone/,YouTube Music drops monthly fee for Chromecast support,,20201006-0100
https://arstechnica.com/staff/2020/10/dealmaster-a-number-of-first-party-nintendo-switch-games-are-on-sale-today/,A number of first-party Nintendo Switch games are on sale today,,20201006-0100
https://arstechnica.com/gaming/2020/10/latest-free-guy-trailer-is-giving-us-strong-upload-vibes/,Latest Free Guy trailer is giving us strong Upload vibes,,20201006-0100
https://arstechnica.com/gaming/2020/10/playstation-5-runs-cool-and-quiet-according-to-initial-hands-on-reportss/,"PlayStation 5 runs cool and quiet, according to initial hands-on reports",,20201006-0100
https://arstechnica.com/science/2020/10/a-nobel-prize-for-the-discovery-of-hepatitis-c/,A decades-long struggle to find a virus wins the Nobel,,20201006-0100
https://arstechnica.com/tech-policy/2020/10/life-in-atts-slow-lane-millions-left-without-fiber-as-company-kills-dsl/,"AT&T kills DSL, leaves tens of millions of homes without fiber Internet",,20201006-0100
https://arstechnica.com/cars/2020/10/45-minutes-on-the-road-in-a-prototype-volkswagen-id-4-electric-car/,45 minutes on the road in a prototype Volkswagen ID.4 electric car,,20201006-0100
https://arstechnica.com/gaming/2020/10/the-history-of-galloping-ghost-the-usas-largest-classic-arcade/,"The history of Galloping Ghost, the USA’s largest classic arcade",,20201006-0100
https://arstechnica.com/gadgets/2020/10/disney-marvel-and-pixar-movies-now-available-in-4k-hdr-on-apple-tv-and-itunes/,"Disney, Marvel, and Pixar movies now available in 4K HDR on Apple TV and iTunes",,20201006-0100
https://arstechnica.com/tech-policy/2020/10/excel-glitch-may-have-caused-uk-to-underreport-covid-19-cases-by-15841/,"Botched Excel import may have caused loss of 15,841 UK COVID-19 cases",,20201006-0100
https://arstechnica.com/science/2020/10/metal-detector-enthusiasts-find-6th-century-anglo-saxon-warriors-grave/,Metal detector enthusiasts find 6th-century Anglo-Saxon warrior’s grave,,20201006-0100
https://arstechnica.com/information-technology/2020/10/custom-made-uefi-bootkit-found-lurking-in-the-wild/,Custom-made UEFI bootkit found lurking in the wild,,20201006-0100
https://arstechnica.com/science/2020/10/nasa-safety-panel-raises-doubts-about-software-testing-for-moon-missions/,Safety panel has “great concern” about NASA plans to test Moon mission software,,20201006-0100
https://arstechnica.com/science/2020/10/archaeologists-find-evidence-of-neurons-in-glassy-brain-of-vesuvius-victim/,Archaeologists find evidence of neurons in glassy brain of Vesuvius victim,,20201006-0100
https://arstechnica.com/cars/2020/10/typical-subaru-and-thats-good-the-2020-outback-reviewed/,2020 Subaru Outback is fan service in the best possible way,,20201006-0100
https://arstechnica.com/tech-policy/2020/10/this-congressperson-wants-to-ramp-up-covid-19-testing/,This congressperson wants to ramp up COVID-19 testing,,20201006-0100
https://arstechnica.com/gaming/2020/09/lgrs-clint-basinger-plumbs-the-depths-of-retro-computing-and-his-youtube-comments/,LGR’s Clint Basinger plumbs the depths of retro computing—and his YouTube comments,,20201006-0100
https://arstechnica.com/science/2020/10/after-two-scrubs-elon-musk-says-he-will-visit-spacex-launch-sites-in-florida/,"After two scrubs, Elon Musk says he will visit SpaceX launch sites in Florida",,20201006-0100
https://arstechnica.com/science/2020/10/trump-tested-positive-for-coronavirus-wednesday-doctor-reveals-in-briefing/,"Trump’s doctor dodges questions, suggests president tested positive Wednesday",,20201006-0100
https://arstechnica.com/gadgets/2020/10/ipad-2020-micro-review-battle-tested-and-more-than-fast-enough/,iPad (2020) micro-review: Battle-tested and more than fast enough,,20201006-0100
https://arstechnica.com/information-technology/2020/10/russias-fancy-bear-hackers-likely-penetrated-a-federal-agency/,Russia’s Fancy Bear hackers likely penetrated a federal agency,,20201006-0100
https://arstechnica.com/gaming/2020/10/publishers-worry-as-ebooks-fly-off-libraries-virtual-shelves/,Publishers worry as ebooks fly off libraries’ virtual shelves,,20201006-0100
https://arstechnica.com/science/2020/10/trumps-infection-outlook-with-covid-19-and-the-likelihood-of-white-house-spread/,"Trump’s infection, outlook with COVID-19 and the risk of White House spread [Updated]",,20201006-0100
https://arstechnica.com/cars/2020/10/after-12-years-mitsubishi-kills-the-i-miev-electric-car/,"After 12 years, Mitsubishi kills the i-MiEV electric car",,20201006-0100
https://arstechnica.com/gaming/2020/10/review-raised-by-wolves-squanders-early-promise-with-clumsy-bizarre-finale/,"Review: Raised by Wolves squanders early promise with clumsy, bizarre finale",,20201006-0100
https://arstechnica.com/cars/2020/10/honda-shocks-f1-says-it-will-quit-the-sport-after-2021/,"Honda shocks F1, says it will quit the sport after 2021",,20201006-0100
https://arstechnica.com/science/2020/10/last-years-us-emissions-went-down-after-2018-uptick/,Last year’s US emissions went down after 2018 uptick,,20201006-0100
https://arstechnica.com/tech-policy/2020/10/nikola-tries-to-silence-critics-with-copyright-takedowns-of-youtube-videos/,Nikola issues copyright takedowns against critics who use rolling-truck clip,,20201006-0100
https://arstechnica.com/tech-policy/2020/10/nearly-20000-workers-have-had-covid-19-amazon-admits/,"Nearly 20,000 workers have had COVID-19, Amazon admits",,20201006-0100
https://arstechnica.com/science/2020/10/spacex-northrop-seek-to-break-launch-gremlin-curse-with-friday-night-attempts/,"SpaceX, Northrop seek to break launch gremlin curse with Friday night attempts",,20201006-0100
https://arstechnica.com/cars/2020/10/tesla-delivers-140000-vehicles-smashing-previous-records/,"Tesla delivers 140,000 vehicles, smashing previous records",,20201006-0100
https://arstechnica.com/science/2020/10/rocket-report-an-old-centaur-comes-home-super-heavy-construction-begins/,"Rocket Report: An old Centaur comes home, Super Heavy construction begins",,20201006-0100
https://arstechnica.com/science/2020/10/president-trump-melania-and-i-tested-positive-for-covid-19/,President Trump: “Melania and I tested positive for COVID-19”,,20201006-0100
https://arstechnica.com/features/2020/10/the-space-operating-systems-booting-up-where-no-one-has-gone-before/,Definitely not Windows 95: What operating systems keep things running in space?,,20201006-0130
https://arstechnica.com/information-technology/2020/10/boom-hacked-page-on-mobile-phone-website-is-stealing-customers-card-data/,Boom! Hacked page on mobile phone website is stealing customers’ card data,,20201006-0130
https://arstechnica.com/science/2020/10/doctors-still-evasive-on-trumps-health-as-he-leaves-hospital/,Doctors still evasive on Trump’s health as he leaves hospital,,20201006-0130
https://arstechnica.com/cars/2020/10/nothing-beats-the-honda-civic-type-r-in-terms-of-driving-fun-per-dollar/,The Honda Civic Type-R is more fun to drive than a supercar,,20201006-0130
https://arstechnica.com/gadgets/2020/10/youtube-music-opens-up-google-cast-support-for-everyone/,YouTube Music drops monthly fee for Chromecast support,,20201006-0130
https://arstechnica.com/staff/2020/10/dealmaster-a-number-of-first-party-nintendo-switch-games-are-on-sale-today/,A number of first-party Nintendo Switch games are on sale today,,20201006-0130
https://arstechnica.com/gaming/2020/10/latest-free-guy-trailer-is-giving-us-strong-upload-vibes/,Latest Free Guy trailer is giving us strong Upload vibes,,20201006-0130
https://arstechnica.com/gaming/2020/10/playstation-5-runs-cool-and-quiet-according-to-initial-hands-on-reportss/,"PlayStation 5 runs cool and quiet, according to initial hands-on reports",,20201006-0130
https://arstechnica.com/science/2020/10/a-nobel-prize-for-the-discovery-of-hepatitis-c/,A decades-long struggle to find a virus wins the Nobel,,20201006-0130
https://arstechnica.com/tech-policy/2020/10/life-in-atts-slow-lane-millions-left-without-fiber-as-company-kills-dsl/,"AT&T kills DSL, leaves tens of millions of homes without fiber Internet",,20201006-0130
https://arstechnica.com/cars/2020/10/45-minutes-on-the-road-in-a-prototype-volkswagen-id-4-electric-car/,45 minutes on the road in a prototype Volkswagen ID.4 electric car,,20201006-0130
https://arstechnica.com/gaming/2020/10/the-history-of-galloping-ghost-the-usas-largest-classic-arcade/,"The history of Galloping Ghost, the USA’s largest classic arcade",,20201006-0130
https://arstechnica.com/gadgets/2020/10/disney-marvel-and-pixar-movies-now-available-in-4k-hdr-on-apple-tv-and-itunes/,"Disney, Marvel, and Pixar movies now available in 4K HDR on Apple TV and iTunes",,20201006-0130
https://arstechnica.com/tech-policy/2020/10/excel-glitch-may-have-caused-uk-to-underreport-covid-19-cases-by-15841/,"Botched Excel import may have caused loss of 15,841 UK COVID-19 cases",,20201006-0130
https://arstechnica.com/science/2020/10/metal-detector-enthusiasts-find-6th-century-anglo-saxon-warriors-grave/,Metal detector enthusiasts find 6th-century Anglo-Saxon warrior’s grave,,20201006-0130
https://arstechnica.com/information-technology/2020/10/custom-made-uefi-bootkit-found-lurking-in-the-wild/,Custom-made UEFI bootkit found lurking in the wild,,20201006-0130
https://arstechnica.com/science/2020/10/nasa-safety-panel-raises-doubts-about-software-testing-for-moon-missions/,Safety panel has “great concern” about NASA plans to test Moon mission software,,20201006-0130
https://arstechnica.com/science/2020/10/archaeologists-find-evidence-of-neurons-in-glassy-brain-of-vesuvius-victim/,Archaeologists find evidence of neurons in glassy brain of Vesuvius victim,,20201006-0130
https://arstechnica.com/cars/2020/10/typical-subaru-and-thats-good-the-2020-outback-reviewed/,2020 Subaru Outback is fan service in the best possible way,,20201006-0130
https://arstechnica.com/tech-policy/2020/10/this-congressperson-wants-to-ramp-up-covid-19-testing/,This congressperson wants to ramp up COVID-19 testing,,20201006-0130
https://arstechnica.com/gaming/2020/09/lgrs-clint-basinger-plumbs-the-depths-of-retro-computing-and-his-youtube-comments/,LGR’s Clint Basinger plumbs the depths of retro computing—and his YouTube comments,,20201006-0130
https://arstechnica.com/science/2020/10/after-two-scrubs-elon-musk-says-he-will-visit-spacex-launch-sites-in-florida/,"After two scrubs, Elon Musk says he will visit SpaceX launch sites in Florida",,20201006-0130
https://arstechnica.com/science/2020/10/trump-tested-positive-for-coronavirus-wednesday-doctor-reveals-in-briefing/,"Trump’s doctor dodges questions, suggests president tested positive Wednesday",,20201006-0130
https://arstechnica.com/gadgets/2020/10/ipad-2020-micro-review-battle-tested-and-more-than-fast-enough/,iPad (2020) micro-review: Battle-tested and more than fast enough,,20201006-0130
https://arstechnica.com/information-technology/2020/10/russias-fancy-bear-hackers-likely-penetrated-a-federal-agency/,Russia’s Fancy Bear hackers likely penetrated a federal agency,,20201006-0130
https://arstechnica.com/gaming/2020/10/publishers-worry-as-ebooks-fly-off-libraries-virtual-shelves/,Publishers worry as ebooks fly off libraries’ virtual shelves,,20201006-0130
https://arstechnica.com/science/2020/10/trumps-infection-outlook-with-covid-19-and-the-likelihood-of-white-house-spread/,"Trump’s infection, outlook with COVID-19 and the risk of White House spread [Updated]",,20201006-0130
https://arstechnica.com/cars/2020/10/after-12-years-mitsubishi-kills-the-i-miev-electric-car/,"After 12 years, Mitsubishi kills the i-MiEV electric car",,20201006-0130
https://arstechnica.com/gaming/2020/10/review-raised-by-wolves-squanders-early-promise-with-clumsy-bizarre-finale/,"Review: Raised by Wolves squanders early promise with clumsy, bizarre finale",,20201006-0130
https://arstechnica.com/cars/2020/10/honda-shocks-f1-says-it-will-quit-the-sport-after-2021/,"Honda shocks F1, says it will quit the sport after 2021",,20201006-0130
https://arstechnica.com/science/2020/10/last-years-us-emissions-went-down-after-2018-uptick/,Last year’s US emissions went down after 2018 uptick,,20201006-0130
https://arstechnica.com/tech-policy/2020/10/nikola-tries-to-silence-critics-with-copyright-takedowns-of-youtube-videos/,Nikola issues copyright takedowns against critics who use rolling-truck clip,,20201006-0130
https://arstechnica.com/tech-policy/2020/10/nearly-20000-workers-have-had-covid-19-amazon-admits/,"Nearly 20,000 workers have had COVID-19, Amazon admits",,20201006-0130
https://arstechnica.com/science/2020/10/spacex-northrop-seek-to-break-launch-gremlin-curse-with-friday-night-attempts/,"SpaceX, Northrop seek to break launch gremlin curse with Friday night attempts",,20201006-0130
https://arstechnica.com/cars/2020/10/tesla-delivers-140000-vehicles-smashing-previous-records/,"Tesla delivers 140,000 vehicles, smashing previous records",,20201006-0130
https://arstechnica.com/science/2020/10/rocket-report-an-old-centaur-comes-home-super-heavy-construction-begins/,"Rocket Report: An old Centaur comes home, Super Heavy construction begins",,20201006-0130
https://arstechnica.com/science/2020/10/president-trump-melania-and-i-tested-positive-for-covid-19/,President Trump: “Melania and I tested positive for COVID-19”,,20201006-0130
https://arstechnica.com/features/2020/10/the-space-operating-systems-booting-up-where-no-one-has-gone-before/,Definitely not Windows 95: What operating systems keep things running in space?,,20201006-0200
https://arstechnica.com/information-technology/2020/10/boom-hacked-page-on-mobile-phone-website-is-stealing-customers-card-data/,Boom! Hacked page on mobile phone website is stealing customers’ card data,,20201006-0200
https://arstechnica.com/science/2020/10/doctors-still-evasive-on-trumps-health-as-he-leaves-hospital/,Doctors still evasive on Trump’s health as he leaves hospital,,20201006-0200
https://arstechnica.com/cars/2020/10/nothing-beats-the-honda-civic-type-r-in-terms-of-driving-fun-per-dollar/,The Honda Civic Type-R is more fun to drive than a supercar,,20201006-0200
https://arstechnica.com/gadgets/2020/10/youtube-music-opens-up-google-cast-support-for-everyone/,YouTube Music drops monthly fee for Chromecast support,,20201006-0200
https://arstechnica.com/staff/2020/10/dealmaster-a-number-of-first-party-nintendo-switch-games-are-on-sale-today/,A number of first-party Nintendo Switch games are on sale today,,20201006-0200
https://arstechnica.com/gaming/2020/10/latest-free-guy-trailer-is-giving-us-strong-upload-vibes/,Latest Free Guy trailer is giving us strong Upload vibes,,20201006-0200
https://arstechnica.com/gaming/2020/10/playstation-5-runs-cool-and-quiet-according-to-initial-hands-on-reportss/,"PlayStation 5 runs cool and quiet, according to initial hands-on reports",,20201006-0200
https://arstechnica.com/science/2020/10/a-nobel-prize-for-the-discovery-of-hepatitis-c/,A decades-long struggle to find a virus wins the Nobel,,20201006-0200
https://arstechnica.com/tech-policy/2020/10/life-in-atts-slow-lane-millions-left-without-fiber-as-company-kills-dsl/,"AT&T kills DSL, leaves tens of millions of homes without fiber Internet",,20201006-0200
https://arstechnica.com/cars/2020/10/45-minutes-on-the-road-in-a-prototype-volkswagen-id-4-electric-car/,45 minutes on the road in a prototype Volkswagen ID.4 electric car,,20201006-0200
https://arstechnica.com/gaming/2020/10/the-history-of-galloping-ghost-the-usas-largest-classic-arcade/,"The history of Galloping Ghost, the USA’s largest classic arcade",,20201006-0200
https://arstechnica.com/gadgets/2020/10/disney-marvel-and-pixar-movies-now-available-in-4k-hdr-on-apple-tv-and-itunes/,"Disney, Marvel, and Pixar movies now available in 4K HDR on Apple TV and iTunes",,20201006-0200
https://arstechnica.com/tech-policy/2020/10/excel-glitch-may-have-caused-uk-to-underreport-covid-19-cases-by-15841/,"Botched Excel import may have caused loss of 15,841 UK COVID-19 cases",,20201006-0200
https://arstechnica.com/science/2020/10/metal-detector-enthusiasts-find-6th-century-anglo-saxon-warriors-grave/,Metal detector enthusiasts find 6th-century Anglo-Saxon warrior’s grave,,20201006-0200
https://arstechnica.com/information-technology/2020/10/custom-made-uefi-bootkit-found-lurking-in-the-wild/,Custom-made UEFI bootkit found lurking in the wild,,20201006-0200
https://arstechnica.com/science/2020/10/nasa-safety-panel-raises-doubts-about-software-testing-for-moon-missions/,Safety panel has “great concern” about NASA plans to test Moon mission software,,20201006-0200
https://arstechnica.com/science/2020/10/archaeologists-find-evidence-of-neurons-in-glassy-brain-of-vesuvius-victim/,Archaeologists find evidence of neurons in glassy brain of Vesuvius victim,,20201006-0200
https://arstechnica.com/cars/2020/10/typical-subaru-and-thats-good-the-2020-outback-reviewed/,2020 Subaru Outback is fan service in the best possible way,,20201006-0200
https://arstechnica.com/tech-policy/2020/10/this-congressperson-wants-to-ramp-up-covid-19-testing/,This congressperson wants to ramp up COVID-19 testing,,20201006-0200
https://arstechnica.com/gaming/2020/09/lgrs-clint-basinger-plumbs-the-depths-of-retro-computing-and-his-youtube-comments/,LGR’s Clint Basinger plumbs the depths of retro computing—and his YouTube comments,,20201006-0200
https://arstechnica.com/science/2020/10/after-two-scrubs-elon-musk-says-he-will-visit-spacex-launch-sites-in-florida/,"After two scrubs, Elon Musk says he will visit SpaceX launch sites in Florida",,20201006-0200
https://arstechnica.com/science/2020/10/trump-tested-positive-for-coronavirus-wednesday-doctor-reveals-in-briefing/,"Trump’s doctor dodges questions, suggests president tested positive Wednesday",,20201006-0200
https://arstechnica.com/gadgets/2020/10/ipad-2020-micro-review-battle-tested-and-more-than-fast-enough/,iPad (2020) micro-review: Battle-tested and more than fast enough,,20201006-0200
https://arstechnica.com/information-technology/2020/10/russias-fancy-bear-hackers-likely-penetrated-a-federal-agency/,Russia’s Fancy Bear hackers likely penetrated a federal agency,,20201006-0200
https://arstechnica.com/gaming/2020/10/publishers-worry-as-ebooks-fly-off-libraries-virtual-shelves/,Publishers worry as ebooks fly off libraries’ virtual shelves,,20201006-0200
https://arstechnica.com/science/2020/10/trumps-infection-outlook-with-covid-19-and-the-likelihood-of-white-house-spread/,"Trump’s infection, outlook with COVID-19 and the risk of White House spread [Updated]",,20201006-0200
https://arstechnica.com/cars/2020/10/after-12-years-mitsubishi-kills-the-i-miev-electric-car/,"After 12 years, Mitsubishi kills the i-MiEV electric car",,20201006-0200
https://arstechnica.com/gaming/2020/10/review-raised-by-wolves-squanders-early-promise-with-clumsy-bizarre-finale/,"Review: Raised by Wolves squanders early promise with clumsy, bizarre finale",,20201006-0200
https://arstechnica.com/cars/2020/10/honda-shocks-f1-says-it-will-quit-the-sport-after-2021/,"Honda shocks F1, says it will quit the sport after 2021",,20201006-0200
https://arstechnica.com/science/2020/10/last-years-us-emissions-went-down-after-2018-uptick/,Last year’s US emissions went down after 2018 uptick,,20201006-0200
https://arstechnica.com/tech-policy/2020/10/nikola-tries-to-silence-critics-with-copyright-takedowns-of-youtube-videos/,Nikola issues copyright takedowns against critics who use rolling-truck clip,,20201006-0200
https://arstechnica.com/tech-policy/2020/10/nearly-20000-workers-have-had-covid-19-amazon-admits/,"Nearly 20,000 workers have had COVID-19, Amazon admits",,20201006-0200
https://arstechnica.com/science/2020/10/spacex-northrop-seek-to-break-launch-gremlin-curse-with-friday-night-attempts/,"SpaceX, Northrop seek to break launch gremlin curse with Friday night attempts",,20201006-0200
https://arstechnica.com/cars/2020/10/tesla-delivers-140000-vehicles-smashing-previous-records/,"Tesla delivers 140,000 vehicles, smashing previous records",,20201006-0200
https://arstechnica.com/science/2020/10/rocket-report-an-old-centaur-comes-home-super-heavy-construction-begins/,"Rocket Report: An old Centaur comes home, Super Heavy construction begins",,20201006-0200
https://arstechnica.com/science/2020/10/president-trump-melania-and-i-tested-positive-for-covid-19/,President Trump: “Melania and I tested positive for COVID-19”,,20201006-0200
https://arstechnica.com/features/2020/10/the-space-operating-systems-booting-up-where-no-one-has-gone-before/,Definitely not Windows 95: What operating systems keep things running in space?,,20201006-0230
https://arstechnica.com/information-technology/2020/10/boom-hacked-page-on-mobile-phone-website-is-stealing-customers-card-data/,Boom! Hacked page on mobile phone website is stealing customers’ card data,,20201006-0230
https://arstechnica.com/science/2020/10/doctors-still-evasive-on-trumps-health-as-he-leaves-hospital/,Doctors still evasive on Trump’s health as he leaves hospital,,20201006-0230
https://arstechnica.com/cars/2020/10/nothing-beats-the-honda-civic-type-r-in-terms-of-driving-fun-per-dollar/,The Honda Civic Type-R is more fun to drive than a supercar,,20201006-0230
https://arstechnica.com/gadgets/2020/10/youtube-music-opens-up-google-cast-support-for-everyone/,YouTube Music drops monthly fee for Chromecast support,,20201006-0230
https://arstechnica.com/staff/2020/10/dealmaster-a-number-of-first-party-nintendo-switch-games-are-on-sale-today/,A number of first-party Nintendo Switch games are on sale today,,20201006-0230
https://arstechnica.com/gaming/2020/10/latest-free-guy-trailer-is-giving-us-strong-upload-vibes/,Latest Free Guy trailer is giving us strong Upload vibes,,20201006-0230
https://arstechnica.com/gaming/2020/10/playstation-5-runs-cool-and-quiet-according-to-initial-hands-on-reportss/,"PlayStation 5 runs cool and quiet, according to initial hands-on reports",,20201006-0230
https://arstechnica.com/science/2020/10/a-nobel-prize-for-the-discovery-of-hepatitis-c/,A decades-long struggle to find a virus wins the Nobel,,20201006-0230
https://arstechnica.com/tech-policy/2020/10/life-in-atts-slow-lane-millions-left-without-fiber-as-company-kills-dsl/,"AT&T kills DSL, leaves tens of millions of homes without fiber Internet",,20201006-0230
https://arstechnica.com/cars/2020/10/45-minutes-on-the-road-in-a-prototype-volkswagen-id-4-electric-car/,45 minutes on the road in a prototype Volkswagen ID.4 electric car,,20201006-0230
https://arstechnica.com/gaming/2020/10/the-history-of-galloping-ghost-the-usas-largest-classic-arcade/,"The history of Galloping Ghost, the USA’s largest classic arcade",,20201006-0230
https://arstechnica.com/gadgets/2020/10/disney-marvel-and-pixar-movies-now-available-in-4k-hdr-on-apple-tv-and-itunes/,"Disney, Marvel, and Pixar movies now available in 4K HDR on Apple TV and iTunes",,20201006-0230
https://arstechnica.com/tech-policy/2020/10/excel-glitch-may-have-caused-uk-to-underreport-covid-19-cases-by-15841/,"Botched Excel import may have caused loss of 15,841 UK COVID-19 cases",,20201006-0230
https://arstechnica.com/science/2020/10/metal-detector-enthusiasts-find-6th-century-anglo-saxon-warriors-grave/,Metal detector enthusiasts find 6th-century Anglo-Saxon warrior’s grave,,20201006-0230
https://arstechnica.com/information-technology/2020/10/custom-made-uefi-bootkit-found-lurking-in-the-wild/,Custom-made UEFI bootkit found lurking in the wild,,20201006-0230
https://arstechnica.com/science/2020/10/nasa-safety-panel-raises-doubts-about-software-testing-for-moon-missions/,Safety panel has “great concern” about NASA plans to test Moon mission software,,20201006-0230
https://arstechnica.com/science/2020/10/archaeologists-find-evidence-of-neurons-in-glassy-brain-of-vesuvius-victim/,Archaeologists find evidence of neurons in glassy brain of Vesuvius victim,,20201006-0230
https://arstechnica.com/cars/2020/10/typical-subaru-and-thats-good-the-2020-outback-reviewed/,2020 Subaru Outback is fan service in the best possible way,,20201006-0230
https://arstechnica.com/tech-policy/2020/10/this-congressperson-wants-to-ramp-up-covid-19-testing/,This congressperson wants to ramp up COVID-19 testing,,20201006-0230
https://arstechnica.com/gaming/2020/09/lgrs-clint-basinger-plumbs-the-depths-of-retro-computing-and-his-youtube-comments/,LGR’s Clint Basinger plumbs the depths of retro computing—and his YouTube comments,,20201006-0230
https://arstechnica.com/science/2020/10/after-two-scrubs-elon-musk-says-he-will-visit-spacex-launch-sites-in-florida/,"After two scrubs, Elon Musk says he will visit SpaceX launch sites in Florida",,20201006-0230
https://arstechnica.com/science/2020/10/trump-tested-positive-for-coronavirus-wednesday-doctor-reveals-in-briefing/,"Trump’s doctor dodges questions, suggests president tested positive Wednesday",,20201006-0230
https://arstechnica.com/gadgets/2020/10/ipad-2020-micro-review-battle-tested-and-more-than-fast-enough/,iPad (2020) micro-review: Battle-tested and more than fast enough,,20201006-0230
https://arstechnica.com/information-technology/2020/10/russias-fancy-bear-hackers-likely-penetrated-a-federal-agency/,Russia’s Fancy Bear hackers likely penetrated a federal agency,,20201006-0230
https://arstechnica.com/gaming/2020/10/publishers-worry-as-ebooks-fly-off-libraries-virtual-shelves/,Publishers worry as ebooks fly off libraries’ virtual shelves,,20201006-0230
https://arstechnica.com/science/2020/10/trumps-infection-outlook-with-covid-19-and-the-likelihood-of-white-house-spread/,"Trump’s infection, outlook with COVID-19 and the risk of White House spread [Updated]",,20201006-0230
https://arstechnica.com/cars/2020/10/after-12-years-mitsubishi-kills-the-i-miev-electric-car/,"After 12 years, Mitsubishi kills the i-MiEV electric car",,20201006-0230
https://arstechnica.com/gaming/2020/10/review-raised-by-wolves-squanders-early-promise-with-clumsy-bizarre-finale/,"Review: Raised by Wolves squanders early promise with clumsy, bizarre finale",,20201006-0230
https://arstechnica.com/cars/2020/10/honda-shocks-f1-says-it-will-quit-the-sport-after-2021/,"Honda shocks F1, says it will quit the sport after 2021",,20201006-0230
https://arstechnica.com/science/2020/10/last-years-us-emissions-went-down-after-2018-uptick/,Last year’s US emissions went down after 2018 uptick,,20201006-0230
https://arstechnica.com/tech-policy/2020/10/nikola-tries-to-silence-critics-with-copyright-takedowns-of-youtube-videos/,Nikola issues copyright takedowns against critics who use rolling-truck clip,,20201006-0230
https://arstechnica.com/tech-policy/2020/10/nearly-20000-workers-have-had-covid-19-amazon-admits/,"Nearly 20,000 workers have had COVID-19, Amazon admits",,20201006-0230
https://arstechnica.com/science/2020/10/spacex-northrop-seek-to-break-launch-gremlin-curse-with-friday-night-attempts/,"SpaceX, Northrop seek to break launch gremlin curse with Friday night attempts",,20201006-0230
https://arstechnica.com/cars/2020/10/tesla-delivers-140000-vehicles-smashing-previous-records/,"Tesla delivers 140,000 vehicles, smashing previous records",,20201006-0230
https://arstechnica.com/science/2020/10/rocket-report-an-old-centaur-comes-home-super-heavy-construction-begins/,"Rocket Report: An old Centaur comes home, Super Heavy construction begins",,20201006-0230
https://arstechnica.com/science/2020/10/president-trump-melania-and-i-tested-positive-for-covid-19/,President Trump: “Melania and I tested positive for COVID-19”,,20201006-0230
https://arstechnica.com/features/2020/10/the-space-operating-systems-booting-up-where-no-one-has-gone-before/,Definitely not Windows 95: What operating systems keep things running in space?,,20201006-0300
https://arstechnica.com/information-technology/2020/10/boom-hacked-page-on-mobile-phone-website-is-stealing-customers-card-data/,Boom! Hacked page on mobile phone website is stealing customers’ card data,,20201006-0300
https://arstechnica.com/science/2020/10/doctors-still-evasive-on-trumps-health-as-he-leaves-hospital/,Doctors still evasive on Trump’s health as he leaves hospital,,20201006-0300
https://arstechnica.com/cars/2020/10/nothing-beats-the-honda-civic-type-r-in-terms-of-driving-fun-per-dollar/,The Honda Civic Type-R is more fun to drive than a supercar,,20201006-0300
https://arstechnica.com/gadgets/2020/10/youtube-music-opens-up-google-cast-support-for-everyone/,YouTube Music drops monthly fee for Chromecast support,,20201006-0300
https://arstechnica.com/staff/2020/10/dealmaster-a-number-of-first-party-nintendo-switch-games-are-on-sale-today/,A number of first-party Nintendo Switch games are on sale today,,20201006-0300
https://arstechnica.com/gaming/2020/10/latest-free-guy-trailer-is-giving-us-strong-upload-vibes/,Latest Free Guy trailer is giving us strong Upload vibes,,20201006-0300
https://arstechnica.com/gaming/2020/10/playstation-5-runs-cool-and-quiet-according-to-initial-hands-on-reportss/,"PlayStation 5 runs cool and quiet, according to initial hands-on reports",,20201006-0300
https://arstechnica.com/science/2020/10/a-nobel-prize-for-the-discovery-of-hepatitis-c/,A decades-long struggle to find a virus wins the Nobel,,20201006-0300
https://arstechnica.com/tech-policy/2020/10/life-in-atts-slow-lane-millions-left-without-fiber-as-company-kills-dsl/,"AT&T kills DSL, leaves tens of millions of homes without fiber Internet",,20201006-0300
https://arstechnica.com/cars/2020/10/45-minutes-on-the-road-in-a-prototype-volkswagen-id-4-electric-car/,45 minutes on the road in a prototype Volkswagen ID.4 electric car,,20201006-0300
https://arstechnica.com/gaming/2020/10/the-history-of-galloping-ghost-the-usas-largest-classic-arcade/,"The history of Galloping Ghost, the USA’s largest classic arcade",,20201006-0300
https://arstechnica.com/gadgets/2020/10/disney-marvel-and-pixar-movies-now-available-in-4k-hdr-on-apple-tv-and-itunes/,"Disney, Marvel, and Pixar movies now available in 4K HDR on Apple TV and iTunes",,20201006-0300
https://arstechnica.com/tech-policy/2020/10/excel-glitch-may-have-caused-uk-to-underreport-covid-19-cases-by-15841/,"Botched Excel import may have caused loss of 15,841 UK COVID-19 cases",,20201006-0300
https://arstechnica.com/science/2020/10/metal-detector-enthusiasts-find-6th-century-anglo-saxon-warriors-grave/,Metal detector enthusiasts find 6th-century Anglo-Saxon warrior’s grave,,20201006-0300
https://arstechnica.com/information-technology/2020/10/custom-made-uefi-bootkit-found-lurking-in-the-wild/,Custom-made UEFI bootkit found lurking in the wild,,20201006-0300
https://arstechnica.com/science/2020/10/nasa-safety-panel-raises-doubts-about-software-testing-for-moon-missions/,Safety panel has “great concern” about NASA plans to test Moon mission software,,20201006-0300
https://arstechnica.com/science/2020/10/archaeologists-find-evidence-of-neurons-in-glassy-brain-of-vesuvius-victim/,Archaeologists find evidence of neurons in glassy brain of Vesuvius victim,,20201006-0300
https://arstechnica.com/cars/2020/10/typical-subaru-and-thats-good-the-2020-outback-reviewed/,2020 Subaru Outback is fan service in the best possible way,,20201006-0300
https://arstechnica.com/tech-policy/2020/10/this-congressperson-wants-to-ramp-up-covid-19-testing/,This congressperson wants to ramp up COVID-19 testing,,20201006-0300
https://arstechnica.com/gaming/2020/09/lgrs-clint-basinger-plumbs-the-depths-of-retro-computing-and-his-youtube-comments/,LGR’s Clint Basinger plumbs the depths of retro computing—and his YouTube comments,,20201006-0300
https://arstechnica.com/science/2020/10/after-two-scrubs-elon-musk-says-he-will-visit-spacex-launch-sites-in-florida/,"After two scrubs, Elon Musk says he will visit SpaceX launch sites in Florida",,20201006-0300
https://arstechnica.com/science/2020/10/trump-tested-positive-for-coronavirus-wednesday-doctor-reveals-in-briefing/,"Trump’s doctor dodges questions, suggests president tested positive Wednesday",,20201006-0300
https://arstechnica.com/gadgets/2020/10/ipad-2020-micro-review-battle-tested-and-more-than-fast-enough/,iPad (2020) micro-review: Battle-tested and more than fast enough,,20201006-0300
https://arstechnica.com/information-technology/2020/10/russias-fancy-bear-hackers-likely-penetrated-a-federal-agency/,Russia’s Fancy Bear hackers likely penetrated a federal agency,,20201006-0300
https://arstechnica.com/gaming/2020/10/publishers-worry-as-ebooks-fly-off-libraries-virtual-shelves/,Publishers worry as ebooks fly off libraries’ virtual shelves,,20201006-0300
https://arstechnica.com/science/2020/10/trumps-infection-outlook-with-covid-19-and-the-likelihood-of-white-house-spread/,"Trump’s infection, outlook with COVID-19 and the risk of White House spread [Updated]",,20201006-0300
https://arstechnica.com/cars/2020/10/after-12-years-mitsubishi-kills-the-i-miev-electric-car/,"After 12 years, Mitsubishi kills the i-MiEV electric car",,20201006-0300
https://arstechnica.com/gaming/2020/10/review-raised-by-wolves-squanders-early-promise-with-clumsy-bizarre-finale/,"Review: Raised by Wolves squanders early promise with clumsy, bizarre finale",,20201006-0300
https://arstechnica.com/cars/2020/10/honda-shocks-f1-says-it-will-quit-the-sport-after-2021/,"Honda shocks F1, says it will quit the sport after 2021",,20201006-0300
https://arstechnica.com/science/2020/10/last-years-us-emissions-went-down-after-2018-uptick/,Last year’s US emissions went down after 2018 uptick,,20201006-0300
https://arstechnica.com/tech-policy/2020/10/nikola-tries-to-silence-critics-with-copyright-takedowns-of-youtube-videos/,Nikola issues copyright takedowns against critics who use rolling-truck clip,,20201006-0300
https://arstechnica.com/tech-policy/2020/10/nearly-20000-workers-have-had-covid-19-amazon-admits/,"Nearly 20,000 workers have had COVID-19, Amazon admits",,20201006-0300
https://arstechnica.com/science/2020/10/spacex-northrop-seek-to-break-launch-gremlin-curse-with-friday-night-attempts/,"SpaceX, Northrop seek to break launch gremlin curse with Friday night attempts",,20201006-0300
https://arstechnica.com/cars/2020/10/tesla-delivers-140000-vehicles-smashing-previous-records/,"Tesla delivers 140,000 vehicles, smashing previous records",,20201006-0300
https://arstechnica.com/science/2020/10/rocket-report-an-old-centaur-comes-home-super-heavy-construction-begins/,"Rocket Report: An old Centaur comes home, Super Heavy construction begins",,20201006-0300
https://arstechnica.com/science/2020/10/president-trump-melania-and-i-tested-positive-for-covid-19/,President Trump: “Melania and I tested positive for COVID-19”,,20201006-0300
https://arstechnica.com/features/2020/10/the-space-operating-systems-booting-up-where-no-one-has-gone-before/,Definitely not Windows 95: What operating systems keep things running in space?,,20201006-0330
https://arstechnica.com/information-technology/2020/10/boom-hacked-page-on-mobile-phone-website-is-stealing-customers-card-data/,Boom! Hacked page on mobile phone website is stealing customers’ card data,,20201006-0330
https://arstechnica.com/science/2020/10/doctors-still-evasive-on-trumps-health-as-he-leaves-hospital/,Doctors still evasive on Trump’s health as he leaves hospital,,20201006-0330
https://arstechnica.com/cars/2020/10/nothing-beats-the-honda-civic-type-r-in-terms-of-driving-fun-per-dollar/,The Honda Civic Type-R is more fun to drive than a supercar,,20201006-0330
https://arstechnica.com/gadgets/2020/10/youtube-music-opens-up-google-cast-support-for-everyone/,YouTube Music drops monthly fee for Chromecast support,,20201006-0330
https://arstechnica.com/staff/2020/10/dealmaster-a-number-of-first-party-nintendo-switch-games-are-on-sale-today/,A number of first-party Nintendo Switch games are on sale today,,20201006-0330
https://arstechnica.com/gaming/2020/10/latest-free-guy-trailer-is-giving-us-strong-upload-vibes/,Latest Free Guy trailer is giving us strong Upload vibes,,20201006-0330
https://arstechnica.com/gaming/2020/10/playstation-5-runs-cool-and-quiet-according-to-initial-hands-on-reportss/,"PlayStation 5 runs cool and quiet, according to initial hands-on reports",,20201006-0330
https://arstechnica.com/science/2020/10/a-nobel-prize-for-the-discovery-of-hepatitis-c/,A decades-long struggle to find a virus wins the Nobel,,20201006-0330
https://arstechnica.com/tech-policy/2020/10/life-in-atts-slow-lane-millions-left-without-fiber-as-company-kills-dsl/,"AT&T kills DSL, leaves tens of millions of homes without fiber Internet",,20201006-0330
https://arstechnica.com/cars/2020/10/45-minutes-on-the-road-in-a-prototype-volkswagen-id-4-electric-car/,45 minutes on the road in a prototype Volkswagen ID.4 electric car,,20201006-0330
https://arstechnica.com/gaming/2020/10/the-history-of-galloping-ghost-the-usas-largest-classic-arcade/,"The history of Galloping Ghost, the USA’s largest classic arcade",,20201006-0330
https://arstechnica.com/gadgets/2020/10/disney-marvel-and-pixar-movies-now-available-in-4k-hdr-on-apple-tv-and-itunes/,"Disney, Marvel, and Pixar movies now available in 4K HDR on Apple TV and iTunes",,20201006-0330
https://arstechnica.com/tech-policy/2020/10/excel-glitch-may-have-caused-uk-to-underreport-covid-19-cases-by-15841/,"Botched Excel import may have caused loss of 15,841 UK COVID-19 cases",,20201006-0330
https://arstechnica.com/science/2020/10/metal-detector-enthusiasts-find-6th-century-anglo-saxon-warriors-grave/,Metal detector enthusiasts find 6th-century Anglo-Saxon warrior’s grave,,20201006-0330
https://arstechnica.com/information-technology/2020/10/custom-made-uefi-bootkit-found-lurking-in-the-wild/,Custom-made UEFI bootkit found lurking in the wild,,20201006-0330
https://arstechnica.com/science/2020/10/nasa-safety-panel-raises-doubts-about-software-testing-for-moon-missions/,Safety panel has “great concern” about NASA plans to test Moon mission software,,20201006-0330
https://arstechnica.com/science/2020/10/archaeologists-find-evidence-of-neurons-in-glassy-brain-of-vesuvius-victim/,Archaeologists find evidence of neurons in glassy brain of Vesuvius victim,,20201006-0330
https://arstechnica.com/cars/2020/10/typical-subaru-and-thats-good-the-2020-outback-reviewed/,2020 Subaru Outback is fan service in the best possible way,,20201006-0330
https://arstechnica.com/tech-policy/2020/10/this-congressperson-wants-to-ramp-up-covid-19-testing/,This congressperson wants to ramp up COVID-19 testing,,20201006-0330
https://arstechnica.com/gaming/2020/09/lgrs-clint-basinger-plumbs-the-depths-of-retro-computing-and-his-youtube-comments/,LGR’s Clint Basinger plumbs the depths of retro computing—and his YouTube comments,,20201006-0330
https://arstechnica.com/science/2020/10/after-two-scrubs-elon-musk-says-he-will-visit-spacex-launch-sites-in-florida/,"After two scrubs, Elon Musk says he will visit SpaceX launch sites in Florida",,20201006-0330
https://arstechnica.com/science/2020/10/trump-tested-positive-for-coronavirus-wednesday-doctor-reveals-in-briefing/,"Trump’s doctor dodges questions, suggests president tested positive Wednesday",,20201006-0330
https://arstechnica.com/gadgets/2020/10/ipad-2020-micro-review-battle-tested-and-more-than-fast-enough/,iPad (2020) micro-review: Battle-tested and more than fast enough,,20201006-0330
https://arstechnica.com/information-technology/2020/10/russias-fancy-bear-hackers-likely-penetrated-a-federal-agency/,Russia’s Fancy Bear hackers likely penetrated a federal agency,,20201006-0330
https://arstechnica.com/gaming/2020/10/publishers-worry-as-ebooks-fly-off-libraries-virtual-shelves/,Publishers worry as ebooks fly off libraries’ virtual shelves,,20201006-0330
https://arstechnica.com/science/2020/10/trumps-infection-outlook-with-covid-19-and-the-likelihood-of-white-house-spread/,"Trump’s infection, outlook with COVID-19 and the risk of White House spread [Updated]",,20201006-0330
https://arstechnica.com/cars/2020/10/after-12-years-mitsubishi-kills-the-i-miev-electric-car/,"After 12 years, Mitsubishi kills the i-MiEV electric car",,20201006-0330
https://arstechnica.com/gaming/2020/10/review-raised-by-wolves-squanders-early-promise-with-clumsy-bizarre-finale/,"Review: Raised by Wolves squanders early promise with clumsy, bizarre finale",,20201006-0330
https://arstechnica.com/cars/2020/10/honda-shocks-f1-says-it-will-quit-the-sport-after-2021/,"Honda shocks F1, says it will quit the sport after 2021",,20201006-0330
https://arstechnica.com/science/2020/10/last-years-us-emissions-went-down-after-2018-uptick/,Last year’s US emissions went down after 2018 uptick,,20201006-0330
https://arstechnica.com/tech-policy/2020/10/nikola-tries-to-silence-critics-with-copyright-takedowns-of-youtube-videos/,Nikola issues copyright takedowns against critics who use rolling-truck clip,,20201006-0330
https://arstechnica.com/tech-policy/2020/10/nearly-20000-workers-have-had-covid-19-amazon-admits/,"Nearly 20,000 workers have had COVID-19, Amazon admits",,20201006-0330
https://arstechnica.com/science/2020/10/spacex-northrop-seek-to-break-launch-gremlin-curse-with-friday-night-attempts/,"SpaceX, Northrop seek to break launch gremlin curse with Friday night attempts",,20201006-0330
https://arstechnica.com/cars/2020/10/tesla-delivers-140000-vehicles-smashing-previous-records/,"Tesla delivers 140,000 vehicles, smashing previous records",,20201006-0330
https://arstechnica.com/science/2020/10/rocket-report-an-old-centaur-comes-home-super-heavy-construction-begins/,"Rocket Report: An old Centaur comes home, Super Heavy construction begins",,20201006-0330
https://arstechnica.com/science/2020/10/president-trump-melania-and-i-tested-positive-for-covid-19/,President Trump: “Melania and I tested positive for COVID-19”,,20201006-0330
https://arstechnica.com/features/2020/10/the-space-operating-systems-booting-up-where-no-one-has-gone-before/,Definitely not Windows 95: What operating systems keep things running in space?,,20201006-0400
https://arstechnica.com/information-technology/2020/10/boom-hacked-page-on-mobile-phone-website-is-stealing-customers-card-data/,Boom! Hacked page on mobile phone website is stealing customers’ card data,,20201006-0400
https://arstechnica.com/science/2020/10/doctors-still-evasive-on-trumps-health-as-he-leaves-hospital/,Doctors still evasive on Trump’s health as he leaves hospital,,20201006-0400
https://arstechnica.com/cars/2020/10/nothing-beats-the-honda-civic-type-r-in-terms-of-driving-fun-per-dollar/,The Honda Civic Type-R is more fun to drive than a supercar,,20201006-0400
https://arstechnica.com/gadgets/2020/10/youtube-music-opens-up-google-cast-support-for-everyone/,YouTube Music drops monthly fee for Chromecast support,,20201006-0400
https://arstechnica.com/staff/2020/10/dealmaster-a-number-of-first-party-nintendo-switch-games-are-on-sale-today/,A number of first-party Nintendo Switch games are on sale today,,20201006-0400
https://arstechnica.com/gaming/2020/10/latest-free-guy-trailer-is-giving-us-strong-upload-vibes/,Latest Free Guy trailer is giving us strong Upload vibes,,20201006-0400
https://arstechnica.com/gaming/2020/10/playstation-5-runs-cool-and-quiet-according-to-initial-hands-on-reportss/,"PlayStation 5 runs cool and quiet, according to initial hands-on reports",,20201006-0400
https://arstechnica.com/science/2020/10/a-nobel-prize-for-the-discovery-of-hepatitis-c/,A decades-long struggle to find a virus wins the Nobel,,20201006-0400
https://arstechnica.com/tech-policy/2020/10/life-in-atts-slow-lane-millions-left-without-fiber-as-company-kills-dsl/,"AT&T kills DSL, leaves tens of millions of homes without fiber Internet",,20201006-0400
https://arstechnica.com/cars/2020/10/45-minutes-on-the-road-in-a-prototype-volkswagen-id-4-electric-car/,45 minutes on the road in a prototype Volkswagen ID.4 electric car,,20201006-0400
https://arstechnica.com/gaming/2020/10/the-history-of-galloping-ghost-the-usas-largest-classic-arcade/,"The history of Galloping Ghost, the USA’s largest classic arcade",,20201006-0400
https://arstechnica.com/gadgets/2020/10/disney-marvel-and-pixar-movies-now-available-in-4k-hdr-on-apple-tv-and-itunes/,"Disney, Marvel, and Pixar movies now available in 4K HDR on Apple TV and iTunes",,20201006-0400
https://arstechnica.com/tech-policy/2020/10/excel-glitch-may-have-caused-uk-to-underreport-covid-19-cases-by-15841/,"Botched Excel import may have caused loss of 15,841 UK COVID-19 cases",,20201006-0400
https://arstechnica.com/science/2020/10/metal-detector-enthusiasts-find-6th-century-anglo-saxon-warriors-grave/,Metal detector enthusiasts find 6th-century Anglo-Saxon warrior’s grave,,20201006-0400
https://arstechnica.com/information-technology/2020/10/custom-made-uefi-bootkit-found-lurking-in-the-wild/,Custom-made UEFI bootkit found lurking in the wild,,20201006-0400
https://arstechnica.com/science/2020/10/nasa-safety-panel-raises-doubts-about-software-testing-for-moon-missions/,Safety panel has “great concern” about NASA plans to test Moon mission software,,20201006-0400
https://arstechnica.com/science/2020/10/archaeologists-find-evidence-of-neurons-in-glassy-brain-of-vesuvius-victim/,Archaeologists find evidence of neurons in glassy brain of Vesuvius victim,,20201006-0400
https://arstechnica.com/cars/2020/10/typical-subaru-and-thats-good-the-2020-outback-reviewed/,2020 Subaru Outback is fan service in the best possible way,,20201006-0400
https://arstechnica.com/tech-policy/2020/10/this-congressperson-wants-to-ramp-up-covid-19-testing/,This congressperson wants to ramp up COVID-19 testing,,20201006-0400
https://arstechnica.com/gaming/2020/09/lgrs-clint-basinger-plumbs-the-depths-of-retro-computing-and-his-youtube-comments/,LGR’s Clint Basinger plumbs the depths of retro computing—and his YouTube comments,,20201006-0400
https://arstechnica.com/science/2020/10/after-two-scrubs-elon-musk-says-he-will-visit-spacex-launch-sites-in-florida/,"After two scrubs, Elon Musk says he will visit SpaceX launch sites in Florida",,20201006-0400
https://arstechnica.com/science/2020/10/trump-tested-positive-for-coronavirus-wednesday-doctor-reveals-in-briefing/,"Trump’s doctor dodges questions, suggests president tested positive Wednesday",,20201006-0400
https://arstechnica.com/gadgets/2020/10/ipad-2020-micro-review-battle-tested-and-more-than-fast-enough/,iPad (2020) micro-review: Battle-tested and more than fast enough,,20201006-0400
https://arstechnica.com/information-technology/2020/10/russias-fancy-bear-hackers-likely-penetrated-a-federal-agency/,Russia’s Fancy Bear hackers likely penetrated a federal agency,,20201006-0400
https://arstechnica.com/gaming/2020/10/publishers-worry-as-ebooks-fly-off-libraries-virtual-shelves/,Publishers worry as ebooks fly off libraries’ virtual shelves,,20201006-0400
https://arstechnica.com/science/2020/10/trumps-infection-outlook-with-covid-19-and-the-likelihood-of-white-house-spread/,"Trump’s infection, outlook with COVID-19 and the risk of White House spread [Updated]",,20201006-0400
https://arstechnica.com/cars/2020/10/after-12-years-mitsubishi-kills-the-i-miev-electric-car/,"After 12 years, Mitsubishi kills the i-MiEV electric car",,20201006-0400
https://arstechnica.com/gaming/2020/10/review-raised-by-wolves-squanders-early-promise-with-clumsy-bizarre-finale/,"Review: Raised by Wolves squanders early promise with clumsy, bizarre finale",,20201006-0400
https://arstechnica.com/cars/2020/10/honda-shocks-f1-says-it-will-quit-the-sport-after-2021/,"Honda shocks F1, says it will quit the sport after 2021",,20201006-0400
https://arstechnica.com/science/2020/10/last-years-us-emissions-went-down-after-2018-uptick/,Last year’s US emissions went down after 2018 uptick,,20201006-0400
https://arstechnica.com/tech-policy/2020/10/nikola-tries-to-silence-critics-with-copyright-takedowns-of-youtube-videos/,Nikola issues copyright takedowns against critics who use rolling-truck clip,,20201006-0400
https://arstechnica.com/tech-policy/2020/10/nearly-20000-workers-have-had-covid-19-amazon-admits/,"Nearly 20,000 workers have had COVID-19, Amazon admits",,20201006-0400
https://arstechnica.com/science/2020/10/spacex-northrop-seek-to-break-launch-gremlin-curse-with-friday-night-attempts/,"SpaceX, Northrop seek to break launch gremlin curse with Friday night attempts",,20201006-0400
https://arstechnica.com/cars/2020/10/tesla-delivers-140000-vehicles-smashing-previous-records/,"Tesla delivers 140,000 vehicles, smashing previous records",,20201006-0400
https://arstechnica.com/science/2020/10/rocket-report-an-old-centaur-comes-home-super-heavy-construction-begins/,"Rocket Report: An old Centaur comes home, Super Heavy construction begins",,20201006-0400
https://arstechnica.com/science/2020/10/president-trump-melania-and-i-tested-positive-for-covid-19/,President Trump: “Melania and I tested positive for COVID-19”,,20201006-0400
https://arstechnica.com/features/2020/10/the-space-operating-systems-booting-up-where-no-one-has-gone-before/,Definitely not Windows 95: What operating systems keep things running in space?,,20201006-0430
https://arstechnica.com/information-technology/2020/10/boom-hacked-page-on-mobile-phone-website-is-stealing-customers-card-data/,Boom! Hacked page on mobile phone website is stealing customers’ card data,,20201006-0430
https://arstechnica.com/science/2020/10/doctors-still-evasive-on-trumps-health-as-he-leaves-hospital/,Doctors still evasive on Trump’s health as he leaves hospital,,20201006-0430
https://arstechnica.com/cars/2020/10/nothing-beats-the-honda-civic-type-r-in-terms-of-driving-fun-per-dollar/,The Honda Civic Type-R is more fun to drive than a supercar,,20201006-0430
https://arstechnica.com/gadgets/2020/10/youtube-music-opens-up-google-cast-support-for-everyone/,YouTube Music drops monthly fee for Chromecast support,,20201006-0430
https://arstechnica.com/staff/2020/10/dealmaster-a-number-of-first-party-nintendo-switch-games-are-on-sale-today/,A number of first-party Nintendo Switch games are on sale today,,20201006-0430
https://arstechnica.com/gaming/2020/10/latest-free-guy-trailer-is-giving-us-strong-upload-vibes/,Latest Free Guy trailer is giving us strong Upload vibes,,20201006-0430
https://arstechnica.com/gaming/2020/10/playstation-5-runs-cool-and-quiet-according-to-initial-hands-on-reportss/,"PlayStation 5 runs cool and quiet, according to initial hands-on reports",,20201006-0430
https://arstechnica.com/science/2020/10/a-nobel-prize-for-the-discovery-of-hepatitis-c/,A decades-long struggle to find a virus wins the Nobel,,20201006-0430
https://arstechnica.com/tech-policy/2020/10/life-in-atts-slow-lane-millions-left-without-fiber-as-company-kills-dsl/,"AT&T kills DSL, leaves tens of millions of homes without fiber Internet",,20201006-0430
https://arstechnica.com/cars/2020/10/45-minutes-on-the-road-in-a-prototype-volkswagen-id-4-electric-car/,45 minutes on the road in a prototype Volkswagen ID.4 electric car,,20201006-0430
https://arstechnica.com/gaming/2020/10/the-history-of-galloping-ghost-the-usas-largest-classic-arcade/,"The history of Galloping Ghost, the USA’s largest classic arcade",,20201006-0430
https://arstechnica.com/gadgets/2020/10/disney-marvel-and-pixar-movies-now-available-in-4k-hdr-on-apple-tv-and-itunes/,"Disney, Marvel, and Pixar movies now available in 4K HDR on Apple TV and iTunes",,20201006-0430
https://arstechnica.com/tech-policy/2020/10/excel-glitch-may-have-caused-uk-to-underreport-covid-19-cases-by-15841/,"Botched Excel import may have caused loss of 15,841 UK COVID-19 cases",,20201006-0430
https://arstechnica.com/science/2020/10/metal-detector-enthusiasts-find-6th-century-anglo-saxon-warriors-grave/,Metal detector enthusiasts find 6th-century Anglo-Saxon warrior’s grave,,20201006-0430
https://arstechnica.com/information-technology/2020/10/custom-made-uefi-bootkit-found-lurking-in-the-wild/,Custom-made UEFI bootkit found lurking in the wild,,20201006-0430
https://arstechnica.com/science/2020/10/nasa-safety-panel-raises-doubts-about-software-testing-for-moon-missions/,Safety panel has “great concern” about NASA plans to test Moon mission software,,20201006-0430
https://arstechnica.com/science/2020/10/archaeologists-find-evidence-of-neurons-in-glassy-brain-of-vesuvius-victim/,Archaeologists find evidence of neurons in glassy brain of Vesuvius victim,,20201006-0430
https://arstechnica.com/cars/2020/10/typical-subaru-and-thats-good-the-2020-outback-reviewed/,2020 Subaru Outback is fan service in the best possible way,,20201006-0430
https://arstechnica.com/tech-policy/2020/10/this-congressperson-wants-to-ramp-up-covid-19-testing/,This congressperson wants to ramp up COVID-19 testing,,20201006-0430
https://arstechnica.com/gaming/2020/09/lgrs-clint-basinger-plumbs-the-depths-of-retro-computing-and-his-youtube-comments/,LGR’s Clint Basinger plumbs the depths of retro computing—and his YouTube comments,,20201006-0430
https://arstechnica.com/science/2020/10/after-two-scrubs-elon-musk-says-he-will-visit-spacex-launch-sites-in-florida/,"After two scrubs, Elon Musk says he will visit SpaceX launch sites in Florida",,20201006-0430
https://arstechnica.com/science/2020/10/trump-tested-positive-for-coronavirus-wednesday-doctor-reveals-in-briefing/,"Trump’s doctor dodges questions, suggests president tested positive Wednesday",,20201006-0430
https://arstechnica.com/gadgets/2020/10/ipad-2020-micro-review-battle-tested-and-more-than-fast-enough/,iPad (2020) micro-review: Battle-tested and more than fast enough,,20201006-0430
https://arstechnica.com/information-technology/2020/10/russias-fancy-bear-hackers-likely-penetrated-a-federal-agency/,Russia’s Fancy Bear hackers likely penetrated a federal agency,,20201006-0430
https://arstechnica.com/gaming/2020/10/publishers-worry-as-ebooks-fly-off-libraries-virtual-shelves/,Publishers worry as ebooks fly off libraries’ virtual shelves,,20201006-0430
https://arstechnica.com/science/2020/10/trumps-infection-outlook-with-covid-19-and-the-likelihood-of-white-house-spread/,"Trump’s infection, outlook with COVID-19 and the risk of White House spread [Updated]",,20201006-0430
https://arstechnica.com/cars/2020/10/after-12-years-mitsubishi-kills-the-i-miev-electric-car/,"After 12 years, Mitsubishi kills the i-MiEV electric car",,20201006-0430
https://arstechnica.com/gaming/2020/10/review-raised-by-wolves-squanders-early-promise-with-clumsy-bizarre-finale/,"Review: Raised by Wolves squanders early promise with clumsy, bizarre finale",,20201006-0430
https://arstechnica.com/cars/2020/10/honda-shocks-f1-says-it-will-quit-the-sport-after-2021/,"Honda shocks F1, says it will quit the sport after 2021",,20201006-0430
https://arstechnica.com/science/2020/10/last-years-us-emissions-went-down-after-2018-uptick/,Last year’s US emissions went down after 2018 uptick,,20201006-0430
https://arstechnica.com/tech-policy/2020/10/nikola-tries-to-silence-critics-with-copyright-takedowns-of-youtube-videos/,Nikola issues copyright takedowns against critics who use rolling-truck clip,,20201006-0430
https://arstechnica.com/tech-policy/2020/10/nearly-20000-workers-have-had-covid-19-amazon-admits/,"Nearly 20,000 workers have had COVID-19, Amazon admits",,20201006-0430
https://arstechnica.com/science/2020/10/spacex-northrop-seek-to-break-launch-gremlin-curse-with-friday-night-attempts/,"SpaceX, Northrop seek to break launch gremlin curse with Friday night attempts",,20201006-0430
https://arstechnica.com/cars/2020/10/tesla-delivers-140000-vehicles-smashing-previous-records/,"Tesla delivers 140,000 vehicles, smashing previous records",,20201006-0430
https://arstechnica.com/science/2020/10/rocket-report-an-old-centaur-comes-home-super-heavy-construction-begins/,"Rocket Report: An old Centaur comes home, Super Heavy construction begins",,20201006-0430
https://arstechnica.com/science/2020/10/president-trump-melania-and-i-tested-positive-for-covid-19/,President Trump: “Melania and I tested positive for COVID-19”,,20201006-0430
https://arstechnica.com/features/2020/10/the-space-operating-systems-booting-up-where-no-one-has-gone-before/,Definitely not Windows 95: What operating systems keep things running in space?,,20201006-0500
https://arstechnica.com/information-technology/2020/10/boom-hacked-page-on-mobile-phone-website-is-stealing-customers-card-data/,Boom! Hacked page on mobile phone website is stealing customers’ card data,,20201006-0500
https://arstechnica.com/science/2020/10/doctors-still-evasive-on-trumps-health-as-he-leaves-hospital/,Doctors still evasive on Trump’s health as he leaves hospital,,20201006-0500
https://arstechnica.com/cars/2020/10/nothing-beats-the-honda-civic-type-r-in-terms-of-driving-fun-per-dollar/,The Honda Civic Type-R is more fun to drive than a supercar,,20201006-0500
https://arstechnica.com/gadgets/2020/10/youtube-music-opens-up-google-cast-support-for-everyone/,YouTube Music drops monthly fee for Chromecast support,,20201006-0500
https://arstechnica.com/staff/2020/10/dealmaster-a-number-of-first-party-nintendo-switch-games-are-on-sale-today/,A number of first-party Nintendo Switch games are on sale today,,20201006-0500
https://arstechnica.com/gaming/2020/10/latest-free-guy-trailer-is-giving-us-strong-upload-vibes/,Latest Free Guy trailer is giving us strong Upload vibes,,20201006-0500
https://arstechnica.com/gaming/2020/10/playstation-5-runs-cool-and-quiet-according-to-initial-hands-on-reportss/,"PlayStation 5 runs cool and quiet, according to initial hands-on reports",,20201006-0500
https://arstechnica.com/science/2020/10/a-nobel-prize-for-the-discovery-of-hepatitis-c/,A decades-long struggle to find a virus wins the Nobel,,20201006-0500
https://arstechnica.com/tech-policy/2020/10/life-in-atts-slow-lane-millions-left-without-fiber-as-company-kills-dsl/,"AT&T kills DSL, leaves tens of millions of homes without fiber Internet",,20201006-0500
https://arstechnica.com/cars/2020/10/45-minutes-on-the-road-in-a-prototype-volkswagen-id-4-electric-car/,45 minutes on the road in a prototype Volkswagen ID.4 electric car,,20201006-0500
https://arstechnica.com/gaming/2020/10/the-history-of-galloping-ghost-the-usas-largest-classic-arcade/,"The history of Galloping Ghost, the USA’s largest classic arcade",,20201006-0500
https://arstechnica.com/gadgets/2020/10/disney-marvel-and-pixar-movies-now-available-in-4k-hdr-on-apple-tv-and-itunes/,"Disney, Marvel, and Pixar movies now available in 4K HDR on Apple TV and iTunes",,20201006-0500
https://arstechnica.com/tech-policy/2020/10/excel-glitch-may-have-caused-uk-to-underreport-covid-19-cases-by-15841/,"Botched Excel import may have caused loss of 15,841 UK COVID-19 cases",,20201006-0500
https://arstechnica.com/science/2020/10/metal-detector-enthusiasts-find-6th-century-anglo-saxon-warriors-grave/,Metal detector enthusiasts find 6th-century Anglo-Saxon warrior’s grave,,20201006-0500
https://arstechnica.com/information-technology/2020/10/custom-made-uefi-bootkit-found-lurking-in-the-wild/,Custom-made UEFI bootkit found lurking in the wild,,20201006-0500
https://arstechnica.com/science/2020/10/nasa-safety-panel-raises-doubts-about-software-testing-for-moon-missions/,Safety panel has “great concern” about NASA plans to test Moon mission software,,20201006-0500
https://arstechnica.com/science/2020/10/archaeologists-find-evidence-of-neurons-in-glassy-brain-of-vesuvius-victim/,Archaeologists find evidence of neurons in glassy brain of Vesuvius victim,,20201006-0500
https://arstechnica.com/cars/2020/10/typical-subaru-and-thats-good-the-2020-outback-reviewed/,2020 Subaru Outback is fan service in the best possible way,,20201006-0500
https://arstechnica.com/tech-policy/2020/10/this-congressperson-wants-to-ramp-up-covid-19-testing/,This congressperson wants to ramp up COVID-19 testing,,20201006-0500
https://arstechnica.com/gaming/2020/09/lgrs-clint-basinger-plumbs-the-depths-of-retro-computing-and-his-youtube-comments/,LGR’s Clint Basinger plumbs the depths of retro computing—and his YouTube comments,,20201006-0500
https://arstechnica.com/science/2020/10/after-two-scrubs-elon-musk-says-he-will-visit-spacex-launch-sites-in-florida/,"After two scrubs, Elon Musk says he will visit SpaceX launch sites in Florida",,20201006-0500
https://arstechnica.com/science/2020/10/trump-tested-positive-for-coronavirus-wednesday-doctor-reveals-in-briefing/,"Trump’s doctor dodges questions, suggests president tested positive Wednesday",,20201006-0500
https://arstechnica.com/gadgets/2020/10/ipad-2020-micro-review-battle-tested-and-more-than-fast-enough/,iPad (2020) micro-review: Battle-tested and more than fast enough,,20201006-0500
https://arstechnica.com/information-technology/2020/10/russias-fancy-bear-hackers-likely-penetrated-a-federal-agency/,Russia’s Fancy Bear hackers likely penetrated a federal agency,,20201006-0500
https://arstechnica.com/gaming/2020/10/publishers-worry-as-ebooks-fly-off-libraries-virtual-shelves/,Publishers worry as ebooks fly off libraries’ virtual shelves,,20201006-0500
https://arstechnica.com/science/2020/10/trumps-infection-outlook-with-covid-19-and-the-likelihood-of-white-house-spread/,"Trump’s infection, outlook with COVID-19 and the risk of White House spread [Updated]",,20201006-0500
https://arstechnica.com/cars/2020/10/after-12-years-mitsubishi-kills-the-i-miev-electric-car/,"After 12 years, Mitsubishi kills the i-MiEV electric car",,20201006-0500
https://arstechnica.com/gaming/2020/10/review-raised-by-wolves-squanders-early-promise-with-clumsy-bizarre-finale/,"Review: Raised by Wolves squanders early promise with clumsy, bizarre finale",,20201006-0500
https://arstechnica.com/cars/2020/10/honda-shocks-f1-says-it-will-quit-the-sport-after-2021/,"Honda shocks F1, says it will quit the sport after 2021",,20201006-0500
https://arstechnica.com/science/2020/10/last-years-us-emissions-went-down-after-2018-uptick/,Last year’s US emissions went down after 2018 uptick,,20201006-0500
https://arstechnica.com/tech-policy/2020/10/nikola-tries-to-silence-critics-with-copyright-takedowns-of-youtube-videos/,Nikola issues copyright takedowns against critics who use rolling-truck clip,,20201006-0500
https://arstechnica.com/tech-policy/2020/10/nearly-20000-workers-have-had-covid-19-amazon-admits/,"Nearly 20,000 workers have had COVID-19, Amazon admits",,20201006-0500
https://arstechnica.com/science/2020/10/spacex-northrop-seek-to-break-launch-gremlin-curse-with-friday-night-attempts/,"SpaceX, Northrop seek to break launch gremlin curse with Friday night attempts",,20201006-0500
https://arstechnica.com/cars/2020/10/tesla-delivers-140000-vehicles-smashing-previous-records/,"Tesla delivers 140,000 vehicles, smashing previous records",,20201006-0500
https://arstechnica.com/science/2020/10/rocket-report-an-old-centaur-comes-home-super-heavy-construction-begins/,"Rocket Report: An old Centaur comes home, Super Heavy construction begins",,20201006-0500
https://arstechnica.com/science/2020/10/president-trump-melania-and-i-tested-positive-for-covid-19/,President Trump: “Melania and I tested positive for COVID-19”,,20201006-0500
https://arstechnica.com/features/2020/10/the-space-operating-systems-booting-up-where-no-one-has-gone-before/,Definitely not Windows 95: What operating systems keep things running in space?,,20201006-0530
https://arstechnica.com/information-technology/2020/10/boom-hacked-page-on-mobile-phone-website-is-stealing-customers-card-data/,Boom! Hacked page on mobile phone website is stealing customers’ card data,,20201006-0530
https://arstechnica.com/science/2020/10/doctors-still-evasive-on-trumps-health-as-he-leaves-hospital/,Doctors still evasive on Trump’s health as he leaves hospital,,20201006-0530
https://arstechnica.com/cars/2020/10/nothing-beats-the-honda-civic-type-r-in-terms-of-driving-fun-per-dollar/,The Honda Civic Type-R is more fun to drive than a supercar,,20201006-0530
https://arstechnica.com/gadgets/2020/10/youtube-music-opens-up-google-cast-support-for-everyone/,YouTube Music drops monthly fee for Chromecast support,,20201006-0530
https://arstechnica.com/staff/2020/10/dealmaster-a-number-of-first-party-nintendo-switch-games-are-on-sale-today/,A number of first-party Nintendo Switch games are on sale today,,20201006-0530
https://arstechnica.com/gaming/2020/10/latest-free-guy-trailer-is-giving-us-strong-upload-vibes/,Latest Free Guy trailer is giving us strong Upload vibes,,20201006-0530
https://arstechnica.com/gaming/2020/10/playstation-5-runs-cool-and-quiet-according-to-initial-hands-on-reportss/,"PlayStation 5 runs cool and quiet, according to initial hands-on reports",,20201006-0530
https://arstechnica.com/science/2020/10/a-nobel-prize-for-the-discovery-of-hepatitis-c/,A decades-long struggle to find a virus wins the Nobel,,20201006-0530
https://arstechnica.com/tech-policy/2020/10/life-in-atts-slow-lane-millions-left-without-fiber-as-company-kills-dsl/,"AT&T kills DSL, leaves tens of millions of homes without fiber Internet",,20201006-0530
https://arstechnica.com/cars/2020/10/45-minutes-on-the-road-in-a-prototype-volkswagen-id-4-electric-car/,45 minutes on the road in a prototype Volkswagen ID.4 electric car,,20201006-0530
https://arstechnica.com/gaming/2020/10/the-history-of-galloping-ghost-the-usas-largest-classic-arcade/,"The history of Galloping Ghost, the USA’s largest classic arcade",,20201006-0530
https://arstechnica.com/gadgets/2020/10/disney-marvel-and-pixar-movies-now-available-in-4k-hdr-on-apple-tv-and-itunes/,"Disney, Marvel, and Pixar movies now available in 4K HDR on Apple TV and iTunes",,20201006-0530
https://arstechnica.com/tech-policy/2020/10/excel-glitch-may-have-caused-uk-to-underreport-covid-19-cases-by-15841/,"Botched Excel import may have caused loss of 15,841 UK COVID-19 cases",,20201006-0530
https://arstechnica.com/science/2020/10/metal-detector-enthusiasts-find-6th-century-anglo-saxon-warriors-grave/,Metal detector enthusiasts find 6th-century Anglo-Saxon warrior’s grave,,20201006-0530
https://arstechnica.com/information-technology/2020/10/custom-made-uefi-bootkit-found-lurking-in-the-wild/,Custom-made UEFI bootkit found lurking in the wild,,20201006-0530
https://arstechnica.com/science/2020/10/nasa-safety-panel-raises-doubts-about-software-testing-for-moon-missions/,Safety panel has “great concern” about NASA plans to test Moon mission software,,20201006-0530
https://arstechnica.com/science/2020/10/archaeologists-find-evidence-of-neurons-in-glassy-brain-of-vesuvius-victim/,Archaeologists find evidence of neurons in glassy brain of Vesuvius victim,,20201006-0530
https://arstechnica.com/cars/2020/10/typical-subaru-and-thats-good-the-2020-outback-reviewed/,2020 Subaru Outback is fan service in the best possible way,,20201006-0530
https://arstechnica.com/tech-policy/2020/10/this-congressperson-wants-to-ramp-up-covid-19-testing/,This congressperson wants to ramp up COVID-19 testing,,20201006-0530
https://arstechnica.com/gaming/2020/09/lgrs-clint-basinger-plumbs-the-depths-of-retro-computing-and-his-youtube-comments/,LGR’s Clint Basinger plumbs the depths of retro computing—and his YouTube comments,,20201006-0530
https://arstechnica.com/science/2020/10/after-two-scrubs-elon-musk-says-he-will-visit-spacex-launch-sites-in-florida/,"After two scrubs, Elon Musk says he will visit SpaceX launch sites in Florida",,20201006-0530
https://arstechnica.com/science/2020/10/trump-tested-positive-for-coronavirus-wednesday-doctor-reveals-in-briefing/,"Trump’s doctor dodges questions, suggests president tested positive Wednesday",,20201006-0530
https://arstechnica.com/gadgets/2020/10/ipad-2020-micro-review-battle-tested-and-more-than-fast-enough/,iPad (2020) micro-review: Battle-tested and more than fast enough,,20201006-0530
https://arstechnica.com/information-technology/2020/10/russias-fancy-bear-hackers-likely-penetrated-a-federal-agency/,Russia’s Fancy Bear hackers likely penetrated a federal agency,,20201006-0530
https://arstechnica.com/gaming/2020/10/publishers-worry-as-ebooks-fly-off-libraries-virtual-shelves/,Publishers worry as ebooks fly off libraries’ virtual shelves,,20201006-0530
https://arstechnica.com/science/2020/10/trumps-infection-outlook-with-covid-19-and-the-likelihood-of-white-house-spread/,"Trump’s infection, outlook with COVID-19 and the risk of White House spread [Updated]",,20201006-0530
https://arstechnica.com/cars/2020/10/after-12-years-mitsubishi-kills-the-i-miev-electric-car/,"After 12 years, Mitsubishi kills the i-MiEV electric car",,20201006-0530
https://arstechnica.com/gaming/2020/10/review-raised-by-wolves-squanders-early-promise-with-clumsy-bizarre-finale/,"Review: Raised by Wolves squanders early promise with clumsy, bizarre finale",,20201006-0530
https://arstechnica.com/cars/2020/10/honda-shocks-f1-says-it-will-quit-the-sport-after-2021/,"Honda shocks F1, says it will quit the sport after 2021",,20201006-0530
https://arstechnica.com/science/2020/10/last-years-us-emissions-went-down-after-2018-uptick/,Last year’s US emissions went down after 2018 uptick,,20201006-0530
https://arstechnica.com/tech-policy/2020/10/nikola-tries-to-silence-critics-with-copyright-takedowns-of-youtube-videos/,Nikola issues copyright takedowns against critics who use rolling-truck clip,,20201006-0530
https://arstechnica.com/tech-policy/2020/10/nearly-20000-workers-have-had-covid-19-amazon-admits/,"Nearly 20,000 workers have had COVID-19, Amazon admits",,20201006-0530
https://arstechnica.com/science/2020/10/spacex-northrop-seek-to-break-launch-gremlin-curse-with-friday-night-attempts/,"SpaceX, Northrop seek to break launch gremlin curse with Friday night attempts",,20201006-0530
https://arstechnica.com/cars/2020/10/tesla-delivers-140000-vehicles-smashing-previous-records/,"Tesla delivers 140,000 vehicles, smashing previous records",,20201006-0530
https://arstechnica.com/science/2020/10/rocket-report-an-old-centaur-comes-home-super-heavy-construction-begins/,"Rocket Report: An old Centaur comes home, Super Heavy construction begins",,20201006-0530
https://arstechnica.com/science/2020/10/president-trump-melania-and-i-tested-positive-for-covid-19/,President Trump: “Melania and I tested positive for COVID-19”,,20201006-0530
https://arstechnica.com/features/2020/10/the-space-operating-systems-booting-up-where-no-one-has-gone-before/,Definitely not Windows 95: What operating systems keep things running in space?,,20201006-0600
https://arstechnica.com/information-technology/2020/10/boom-hacked-page-on-mobile-phone-website-is-stealing-customers-card-data/,Boom! Hacked page on mobile phone website is stealing customers’ card data,,20201006-0600
https://arstechnica.com/science/2020/10/doctors-still-evasive-on-trumps-health-as-he-leaves-hospital/,Doctors still evasive on Trump’s health as he leaves hospital,,20201006-0600
https://arstechnica.com/cars/2020/10/nothing-beats-the-honda-civic-type-r-in-terms-of-driving-fun-per-dollar/,The Honda Civic Type-R is more fun to drive than a supercar,,20201006-0600
https://arstechnica.com/gadgets/2020/10/youtube-music-opens-up-google-cast-support-for-everyone/,YouTube Music drops monthly fee for Chromecast support,,20201006-0600
https://arstechnica.com/staff/2020/10/dealmaster-a-number-of-first-party-nintendo-switch-games-are-on-sale-today/,A number of first-party Nintendo Switch games are on sale today,,20201006-0600
https://arstechnica.com/gaming/2020/10/latest-free-guy-trailer-is-giving-us-strong-upload-vibes/,Latest Free Guy trailer is giving us strong Upload vibes,,20201006-0600
https://arstechnica.com/gaming/2020/10/playstation-5-runs-cool-and-quiet-according-to-initial-hands-on-reportss/,"PlayStation 5 runs cool and quiet, according to initial hands-on reports",,20201006-0600
https://arstechnica.com/science/2020/10/a-nobel-prize-for-the-discovery-of-hepatitis-c/,A decades-long struggle to find a virus wins the Nobel,,20201006-0600
https://arstechnica.com/tech-policy/2020/10/life-in-atts-slow-lane-millions-left-without-fiber-as-company-kills-dsl/,"AT&T kills DSL, leaves tens of millions of homes without fiber Internet",,20201006-0600
https://arstechnica.com/cars/2020/10/45-minutes-on-the-road-in-a-prototype-volkswagen-id-4-electric-car/,45 minutes on the road in a prototype Volkswagen ID.4 electric car,,20201006-0600
https://arstechnica.com/gaming/2020/10/the-history-of-galloping-ghost-the-usas-largest-classic-arcade/,"The history of Galloping Ghost, the USA’s largest classic arcade",,20201006-0600
https://arstechnica.com/gadgets/2020/10/disney-marvel-and-pixar-movies-now-available-in-4k-hdr-on-apple-tv-and-itunes/,"Disney, Marvel, and Pixar movies now available in 4K HDR on Apple TV and iTunes",,20201006-0600
https://arstechnica.com/tech-policy/2020/10/excel-glitch-may-have-caused-uk-to-underreport-covid-19-cases-by-15841/,"Botched Excel import may have caused loss of 15,841 UK COVID-19 cases",,20201006-0600
https://arstechnica.com/science/2020/10/metal-detector-enthusiasts-find-6th-century-anglo-saxon-warriors-grave/,Metal detector enthusiasts find 6th-century Anglo-Saxon warrior’s grave,,20201006-0600
https://arstechnica.com/information-technology/2020/10/custom-made-uefi-bootkit-found-lurking-in-the-wild/,Custom-made UEFI bootkit found lurking in the wild,,20201006-0600
https://arstechnica.com/science/2020/10/nasa-safety-panel-raises-doubts-about-software-testing-for-moon-missions/,Safety panel has “great concern” about NASA plans to test Moon mission software,,20201006-0600
https://arstechnica.com/science/2020/10/archaeologists-find-evidence-of-neurons-in-glassy-brain-of-vesuvius-victim/,Archaeologists find evidence of neurons in glassy brain of Vesuvius victim,,20201006-0600
https://arstechnica.com/cars/2020/10/typical-subaru-and-thats-good-the-2020-outback-reviewed/,2020 Subaru Outback is fan service in the best possible way,,20201006-0600
https://arstechnica.com/tech-policy/2020/10/this-congressperson-wants-to-ramp-up-covid-19-testing/,This congressperson wants to ramp up COVID-19 testing,,20201006-0600
https://arstechnica.com/gaming/2020/09/lgrs-clint-basinger-plumbs-the-depths-of-retro-computing-and-his-youtube-comments/,LGR’s Clint Basinger plumbs the depths of retro computing—and his YouTube comments,,20201006-0600
https://arstechnica.com/science/2020/10/after-two-scrubs-elon-musk-says-he-will-visit-spacex-launch-sites-in-florida/,"After two scrubs, Elon Musk says he will visit SpaceX launch sites in Florida",,20201006-0600
https://arstechnica.com/science/2020/10/trump-tested-positive-for-coronavirus-wednesday-doctor-reveals-in-briefing/,"Trump’s doctor dodges questions, suggests president tested positive Wednesday",,20201006-0600
https://arstechnica.com/gadgets/2020/10/ipad-2020-micro-review-battle-tested-and-more-than-fast-enough/,iPad (2020) micro-review: Battle-tested and more than fast enough,,20201006-0600
https://arstechnica.com/information-technology/2020/10/russias-fancy-bear-hackers-likely-penetrated-a-federal-agency/,Russia’s Fancy Bear hackers likely penetrated a federal agency,,20201006-0600
https://arstechnica.com/gaming/2020/10/publishers-worry-as-ebooks-fly-off-libraries-virtual-shelves/,Publishers worry as ebooks fly off libraries’ virtual shelves,,20201006-0600
https://arstechnica.com/science/2020/10/trumps-infection-outlook-with-covid-19-and-the-likelihood-of-white-house-spread/,"Trump’s infection, outlook with COVID-19 and the risk of White House spread [Updated]",,20201006-0600
https://arstechnica.com/cars/2020/10/after-12-years-mitsubishi-kills-the-i-miev-electric-car/,"After 12 years, Mitsubishi kills the i-MiEV electric car",,20201006-0600
https://arstechnica.com/gaming/2020/10/review-raised-by-wolves-squanders-early-promise-with-clumsy-bizarre-finale/,"Review: Raised by Wolves squanders early promise with clumsy, bizarre finale",,20201006-0600
https://arstechnica.com/cars/2020/10/honda-shocks-f1-says-it-will-quit-the-sport-after-2021/,"Honda shocks F1, says it will quit the sport after 2021",,20201006-0600
https://arstechnica.com/science/2020/10/last-years-us-emissions-went-down-after-2018-uptick/,Last year’s US emissions went down after 2018 uptick,,20201006-0600
https://arstechnica.com/tech-policy/2020/10/nikola-tries-to-silence-critics-with-copyright-takedowns-of-youtube-videos/,Nikola issues copyright takedowns against critics who use rolling-truck clip,,20201006-0600
https://arstechnica.com/tech-policy/2020/10/nearly-20000-workers-have-had-covid-19-amazon-admits/,"Nearly 20,000 workers have had COVID-19, Amazon admits",,20201006-0600
https://arstechnica.com/science/2020/10/spacex-northrop-seek-to-break-launch-gremlin-curse-with-friday-night-attempts/,"SpaceX, Northrop seek to break launch gremlin curse with Friday night attempts",,20201006-0600
https://arstechnica.com/cars/2020/10/tesla-delivers-140000-vehicles-smashing-previous-records/,"Tesla delivers 140,000 vehicles, smashing previous records",,20201006-0600
https://arstechnica.com/science/2020/10/rocket-report-an-old-centaur-comes-home-super-heavy-construction-begins/,"Rocket Report: An old Centaur comes home, Super Heavy construction begins",,20201006-0600
https://arstechnica.com/science/2020/10/president-trump-melania-and-i-tested-positive-for-covid-19/,President Trump: “Melania and I tested positive for COVID-19”,,20201006-0600
https://arstechnica.com/features/2020/10/the-space-operating-systems-booting-up-where-no-one-has-gone-before/,Definitely not Windows 95: What operating systems keep things running in space?,,20201006-0630
https://arstechnica.com/information-technology/2020/10/boom-hacked-page-on-mobile-phone-website-is-stealing-customers-card-data/,Boom! Hacked page on mobile phone website is stealing customers’ card data,,20201006-0630
https://arstechnica.com/science/2020/10/doctors-still-evasive-on-trumps-health-as-he-leaves-hospital/,Doctors still evasive on Trump’s health as he leaves hospital,,20201006-0630
https://arstechnica.com/cars/2020/10/nothing-beats-the-honda-civic-type-r-in-terms-of-driving-fun-per-dollar/,The Honda Civic Type-R is more fun to drive than a supercar,,20201006-0630
https://arstechnica.com/gadgets/2020/10/youtube-music-opens-up-google-cast-support-for-everyone/,YouTube Music drops monthly fee for Chromecast support,,20201006-0630
https://arstechnica.com/staff/2020/10/dealmaster-a-number-of-first-party-nintendo-switch-games-are-on-sale-today/,A number of first-party Nintendo Switch games are on sale today,,20201006-0630
https://arstechnica.com/gaming/2020/10/latest-free-guy-trailer-is-giving-us-strong-upload-vibes/,Latest Free Guy trailer is giving us strong Upload vibes,,20201006-0630
https://arstechnica.com/gaming/2020/10/playstation-5-runs-cool-and-quiet-according-to-initial-hands-on-reportss/,"PlayStation 5 runs cool and quiet, according to initial hands-on reports",,20201006-0630
https://arstechnica.com/science/2020/10/a-nobel-prize-for-the-discovery-of-hepatitis-c/,A decades-long struggle to find a virus wins the Nobel,,20201006-0630
https://arstechnica.com/tech-policy/2020/10/life-in-atts-slow-lane-millions-left-without-fiber-as-company-kills-dsl/,"AT&T kills DSL, leaves tens of millions of homes without fiber Internet",,20201006-0630
https://arstechnica.com/cars/2020/10/45-minutes-on-the-road-in-a-prototype-volkswagen-id-4-electric-car/,45 minutes on the road in a prototype Volkswagen ID.4 electric car,,20201006-0630
https://arstechnica.com/gaming/2020/10/the-history-of-galloping-ghost-the-usas-largest-classic-arcade/,"The history of Galloping Ghost, the USA’s largest classic arcade",,20201006-0630
https://arstechnica.com/gadgets/2020/10/disney-marvel-and-pixar-movies-now-available-in-4k-hdr-on-apple-tv-and-itunes/,"Disney, Marvel, and Pixar movies now available in 4K HDR on Apple TV and iTunes",,20201006-0630
https://arstechnica.com/tech-policy/2020/10/excel-glitch-may-have-caused-uk-to-underreport-covid-19-cases-by-15841/,"Botched Excel import may have caused loss of 15,841 UK COVID-19 cases",,20201006-0630
https://arstechnica.com/science/2020/10/metal-detector-enthusiasts-find-6th-century-anglo-saxon-warriors-grave/,Metal detector enthusiasts find 6th-century Anglo-Saxon warrior’s grave,,20201006-0630
https://arstechnica.com/information-technology/2020/10/custom-made-uefi-bootkit-found-lurking-in-the-wild/,Custom-made UEFI bootkit found lurking in the wild,,20201006-0630
https://arstechnica.com/science/2020/10/nasa-safety-panel-raises-doubts-about-software-testing-for-moon-missions/,Safety panel has “great concern” about NASA plans to test Moon mission software,,20201006-0630
https://arstechnica.com/science/2020/10/archaeologists-find-evidence-of-neurons-in-glassy-brain-of-vesuvius-victim/,Archaeologists find evidence of neurons in glassy brain of Vesuvius victim,,20201006-0630
https://arstechnica.com/cars/2020/10/typical-subaru-and-thats-good-the-2020-outback-reviewed/,2020 Subaru Outback is fan service in the best possible way,,20201006-0630
https://arstechnica.com/tech-policy/2020/10/this-congressperson-wants-to-ramp-up-covid-19-testing/,This congressperson wants to ramp up COVID-19 testing,,20201006-0630
https://arstechnica.com/gaming/2020/09/lgrs-clint-basinger-plumbs-the-depths-of-retro-computing-and-his-youtube-comments/,LGR’s Clint Basinger plumbs the depths of retro computing—and his YouTube comments,,20201006-0630
https://arstechnica.com/science/2020/10/after-two-scrubs-elon-musk-says-he-will-visit-spacex-launch-sites-in-florida/,"After two scrubs, Elon Musk says he will visit SpaceX launch sites in Florida",,20201006-0630
https://arstechnica.com/science/2020/10/trump-tested-positive-for-coronavirus-wednesday-doctor-reveals-in-briefing/,"Trump’s doctor dodges questions, suggests president tested positive Wednesday",,20201006-0630
https://arstechnica.com/gadgets/2020/10/ipad-2020-micro-review-battle-tested-and-more-than-fast-enough/,iPad (2020) micro-review: Battle-tested and more than fast enough,,20201006-0630
https://arstechnica.com/information-technology/2020/10/russias-fancy-bear-hackers-likely-penetrated-a-federal-agency/,Russia’s Fancy Bear hackers likely penetrated a federal agency,,20201006-0630
https://arstechnica.com/gaming/2020/10/publishers-worry-as-ebooks-fly-off-libraries-virtual-shelves/,Publishers worry as ebooks fly off libraries’ virtual shelves,,20201006-0630
https://arstechnica.com/science/2020/10/trumps-infection-outlook-with-covid-19-and-the-likelihood-of-white-house-spread/,"Trump’s infection, outlook with COVID-19 and the risk of White House spread [Updated]",,20201006-0630
https://arstechnica.com/cars/2020/10/after-12-years-mitsubishi-kills-the-i-miev-electric-car/,"After 12 years, Mitsubishi kills the i-MiEV electric car",,20201006-0630
https://arstechnica.com/gaming/2020/10/review-raised-by-wolves-squanders-early-promise-with-clumsy-bizarre-finale/,"Review: Raised by Wolves squanders early promise with clumsy, bizarre finale",,20201006-0630
https://arstechnica.com/cars/2020/10/honda-shocks-f1-says-it-will-quit-the-sport-after-2021/,"Honda shocks F1, says it will quit the sport after 2021",,20201006-0630
https://arstechnica.com/science/2020/10/last-years-us-emissions-went-down-after-2018-uptick/,Last year’s US emissions went down after 2018 uptick,,20201006-0630
https://arstechnica.com/tech-policy/2020/10/nikola-tries-to-silence-critics-with-copyright-takedowns-of-youtube-videos/,Nikola issues copyright takedowns against critics who use rolling-truck clip,,20201006-0630
https://arstechnica.com/tech-policy/2020/10/nearly-20000-workers-have-had-covid-19-amazon-admits/,"Nearly 20,000 workers have had COVID-19, Amazon admits",,20201006-0630
https://arstechnica.com/science/2020/10/spacex-northrop-seek-to-break-launch-gremlin-curse-with-friday-night-attempts/,"SpaceX, Northrop seek to break launch gremlin curse with Friday night attempts",,20201006-0630
https://arstechnica.com/cars/2020/10/tesla-delivers-140000-vehicles-smashing-previous-records/,"Tesla delivers 140,000 vehicles, smashing previous records",,20201006-0630
https://arstechnica.com/science/2020/10/rocket-report-an-old-centaur-comes-home-super-heavy-construction-begins/,"Rocket Report: An old Centaur comes home, Super Heavy construction begins",,20201006-0630
https://arstechnica.com/science/2020/10/president-trump-melania-and-i-tested-positive-for-covid-19/,President Trump: “Melania and I tested positive for COVID-19”,,20201006-0630
https://arstechnica.com/features/2020/10/the-space-operating-systems-booting-up-where-no-one-has-gone-before/,Definitely not Windows 95: What operating systems keep things running in space?,,20201006-0700
https://arstechnica.com/information-technology/2020/10/boom-hacked-page-on-mobile-phone-website-is-stealing-customers-card-data/,Boom! Hacked page on mobile phone website is stealing customers’ card data,,20201006-0700
https://arstechnica.com/science/2020/10/doctors-still-evasive-on-trumps-health-as-he-leaves-hospital/,Doctors still evasive on Trump’s health as he leaves hospital,,20201006-0700
https://arstechnica.com/cars/2020/10/nothing-beats-the-honda-civic-type-r-in-terms-of-driving-fun-per-dollar/,The Honda Civic Type-R is more fun to drive than a supercar,,20201006-0700
https://arstechnica.com/gadgets/2020/10/youtube-music-opens-up-google-cast-support-for-everyone/,YouTube Music drops monthly fee for Chromecast support,,20201006-0700
https://arstechnica.com/staff/2020/10/dealmaster-a-number-of-first-party-nintendo-switch-games-are-on-sale-today/,A number of first-party Nintendo Switch games are on sale today,,20201006-0700
https://arstechnica.com/gaming/2020/10/latest-free-guy-trailer-is-giving-us-strong-upload-vibes/,Latest Free Guy trailer is giving us strong Upload vibes,,20201006-0700
https://arstechnica.com/gaming/2020/10/playstation-5-runs-cool-and-quiet-according-to-initial-hands-on-reportss/,"PlayStation 5 runs cool and quiet, according to initial hands-on reports",,20201006-0700
https://arstechnica.com/science/2020/10/a-nobel-prize-for-the-discovery-of-hepatitis-c/,A decades-long struggle to find a virus wins the Nobel,,20201006-0700
https://arstechnica.com/tech-policy/2020/10/life-in-atts-slow-lane-millions-left-without-fiber-as-company-kills-dsl/,"AT&T kills DSL, leaves tens of millions of homes without fiber Internet",,20201006-0700
https://arstechnica.com/cars/2020/10/45-minutes-on-the-road-in-a-prototype-volkswagen-id-4-electric-car/,45 minutes on the road in a prototype Volkswagen ID.4 electric car,,20201006-0700
https://arstechnica.com/gaming/2020/10/the-history-of-galloping-ghost-the-usas-largest-classic-arcade/,"The history of Galloping Ghost, the USA’s largest classic arcade",,20201006-0700
https://arstechnica.com/gadgets/2020/10/disney-marvel-and-pixar-movies-now-available-in-4k-hdr-on-apple-tv-and-itunes/,"Disney, Marvel, and Pixar movies now available in 4K HDR on Apple TV and iTunes",,20201006-0700
https://arstechnica.com/tech-policy/2020/10/excel-glitch-may-have-caused-uk-to-underreport-covid-19-cases-by-15841/,"Botched Excel import may have caused loss of 15,841 UK COVID-19 cases",,20201006-0700
https://arstechnica.com/science/2020/10/metal-detector-enthusiasts-find-6th-century-anglo-saxon-warriors-grave/,Metal detector enthusiasts find 6th-century Anglo-Saxon warrior’s grave,,20201006-0700
https://arstechnica.com/information-technology/2020/10/custom-made-uefi-bootkit-found-lurking-in-the-wild/,Custom-made UEFI bootkit found lurking in the wild,,20201006-0700
https://arstechnica.com/science/2020/10/nasa-safety-panel-raises-doubts-about-software-testing-for-moon-missions/,Safety panel has “great concern” about NASA plans to test Moon mission software,,20201006-0700
https://arstechnica.com/science/2020/10/archaeologists-find-evidence-of-neurons-in-glassy-brain-of-vesuvius-victim/,Archaeologists find evidence of neurons in glassy brain of Vesuvius victim,,20201006-0700
https://arstechnica.com/cars/2020/10/typical-subaru-and-thats-good-the-2020-outback-reviewed/,2020 Subaru Outback is fan service in the best possible way,,20201006-0700
https://arstechnica.com/tech-policy/2020/10/this-congressperson-wants-to-ramp-up-covid-19-testing/,This congressperson wants to ramp up COVID-19 testing,,20201006-0700
https://arstechnica.com/gaming/2020/09/lgrs-clint-basinger-plumbs-the-depths-of-retro-computing-and-his-youtube-comments/,LGR’s Clint Basinger plumbs the depths of retro computing—and his YouTube comments,,20201006-0700
https://arstechnica.com/science/2020/10/after-two-scrubs-elon-musk-says-he-will-visit-spacex-launch-sites-in-florida/,"After two scrubs, Elon Musk says he will visit SpaceX launch sites in Florida",,20201006-0700
https://arstechnica.com/science/2020/10/trump-tested-positive-for-coronavirus-wednesday-doctor-reveals-in-briefing/,"Trump’s doctor dodges questions, suggests president tested positive Wednesday",,20201006-0700
https://arstechnica.com/gadgets/2020/10/ipad-2020-micro-review-battle-tested-and-more-than-fast-enough/,iPad (2020) micro-review: Battle-tested and more than fast enough,,20201006-0700
https://arstechnica.com/information-technology/2020/10/russias-fancy-bear-hackers-likely-penetrated-a-federal-agency/,Russia’s Fancy Bear hackers likely penetrated a federal agency,,20201006-0700
https://arstechnica.com/gaming/2020/10/publishers-worry-as-ebooks-fly-off-libraries-virtual-shelves/,Publishers worry as ebooks fly off libraries’ virtual shelves,,20201006-0700
https://arstechnica.com/science/2020/10/trumps-infection-outlook-with-covid-19-and-the-likelihood-of-white-house-spread/,"Trump’s infection, outlook with COVID-19 and the risk of White House spread [Updated]",,20201006-0700
https://arstechnica.com/cars/2020/10/after-12-years-mitsubishi-kills-the-i-miev-electric-car/,"After 12 years, Mitsubishi kills the i-MiEV electric car",,20201006-0700
https://arstechnica.com/gaming/2020/10/review-raised-by-wolves-squanders-early-promise-with-clumsy-bizarre-finale/,"Review: Raised by Wolves squanders early promise with clumsy, bizarre finale",,20201006-0700
https://arstechnica.com/cars/2020/10/honda-shocks-f1-says-it-will-quit-the-sport-after-2021/,"Honda shocks F1, says it will quit the sport after 2021",,20201006-0700
https://arstechnica.com/science/2020/10/last-years-us-emissions-went-down-after-2018-uptick/,Last year’s US emissions went down after 2018 uptick,,20201006-0700
https://arstechnica.com/tech-policy/2020/10/nikola-tries-to-silence-critics-with-copyright-takedowns-of-youtube-videos/,Nikola issues copyright takedowns against critics who use rolling-truck clip,,20201006-0700
https://arstechnica.com/tech-policy/2020/10/nearly-20000-workers-have-had-covid-19-amazon-admits/,"Nearly 20,000 workers have had COVID-19, Amazon admits",,20201006-0700
https://arstechnica.com/science/2020/10/spacex-northrop-seek-to-break-launch-gremlin-curse-with-friday-night-attempts/,"SpaceX, Northrop seek to break launch gremlin curse with Friday night attempts",,20201006-0700
https://arstechnica.com/cars/2020/10/tesla-delivers-140000-vehicles-smashing-previous-records/,"Tesla delivers 140,000 vehicles, smashing previous records",,20201006-0700
https://arstechnica.com/science/2020/10/rocket-report-an-old-centaur-comes-home-super-heavy-construction-begins/,"Rocket Report: An old Centaur comes home, Super Heavy construction begins",,20201006-0700
https://arstechnica.com/science/2020/10/president-trump-melania-and-i-tested-positive-for-covid-19/,President Trump: “Melania and I tested positive for COVID-19”,,20201006-0700
https://arstechnica.com/features/2020/10/the-space-operating-systems-booting-up-where-no-one-has-gone-before/,Definitely not Windows 95: What operating systems keep things running in space?,,20201006-0730
https://arstechnica.com/information-technology/2020/10/boom-hacked-page-on-mobile-phone-website-is-stealing-customers-card-data/,Boom! Hacked page on mobile phone website is stealing customers’ card data,,20201006-0730
https://arstechnica.com/science/2020/10/doctors-still-evasive-on-trumps-health-as-he-leaves-hospital/,Doctors still evasive on Trump’s health as he leaves hospital,,20201006-0730
https://arstechnica.com/cars/2020/10/nothing-beats-the-honda-civic-type-r-in-terms-of-driving-fun-per-dollar/,The Honda Civic Type-R is more fun to drive than a supercar,,20201006-0730
https://arstechnica.com/gadgets/2020/10/youtube-music-opens-up-google-cast-support-for-everyone/,YouTube Music drops monthly fee for Chromecast support,,20201006-0730
https://arstechnica.com/staff/2020/10/dealmaster-a-number-of-first-party-nintendo-switch-games-are-on-sale-today/,A number of first-party Nintendo Switch games are on sale today,,20201006-0730
https://arstechnica.com/gaming/2020/10/latest-free-guy-trailer-is-giving-us-strong-upload-vibes/,Latest Free Guy trailer is giving us strong Upload vibes,,20201006-0730
https://arstechnica.com/gaming/2020/10/playstation-5-runs-cool-and-quiet-according-to-initial-hands-on-reportss/,"PlayStation 5 runs cool and quiet, according to initial hands-on reports",,20201006-0730
https://arstechnica.com/science/2020/10/a-nobel-prize-for-the-discovery-of-hepatitis-c/,A decades-long struggle to find a virus wins the Nobel,,20201006-0730
https://arstechnica.com/tech-policy/2020/10/life-in-atts-slow-lane-millions-left-without-fiber-as-company-kills-dsl/,"AT&T kills DSL, leaves tens of millions of homes without fiber Internet",,20201006-0730
https://arstechnica.com/cars/2020/10/45-minutes-on-the-road-in-a-prototype-volkswagen-id-4-electric-car/,45 minutes on the road in a prototype Volkswagen ID.4 electric car,,20201006-0730
https://arstechnica.com/gaming/2020/10/the-history-of-galloping-ghost-the-usas-largest-classic-arcade/,"The history of Galloping Ghost, the USA’s largest classic arcade",,20201006-0730
https://arstechnica.com/gadgets/2020/10/disney-marvel-and-pixar-movies-now-available-in-4k-hdr-on-apple-tv-and-itunes/,"Disney, Marvel, and Pixar movies now available in 4K HDR on Apple TV and iTunes",,20201006-0730
https://arstechnica.com/tech-policy/2020/10/excel-glitch-may-have-caused-uk-to-underreport-covid-19-cases-by-15841/,"Botched Excel import may have caused loss of 15,841 UK COVID-19 cases",,20201006-0730
https://arstechnica.com/science/2020/10/metal-detector-enthusiasts-find-6th-century-anglo-saxon-warriors-grave/,Metal detector enthusiasts find 6th-century Anglo-Saxon warrior’s grave,,20201006-0730
https://arstechnica.com/information-technology/2020/10/custom-made-uefi-bootkit-found-lurking-in-the-wild/,Custom-made UEFI bootkit found lurking in the wild,,20201006-0730
https://arstechnica.com/science/2020/10/nasa-safety-panel-raises-doubts-about-software-testing-for-moon-missions/,Safety panel has “great concern” about NASA plans to test Moon mission software,,20201006-0730
https://arstechnica.com/science/2020/10/archaeologists-find-evidence-of-neurons-in-glassy-brain-of-vesuvius-victim/,Archaeologists find evidence of neurons in glassy brain of Vesuvius victim,,20201006-0730
https://arstechnica.com/cars/2020/10/typical-subaru-and-thats-good-the-2020-outback-reviewed/,2020 Subaru Outback is fan service in the best possible way,,20201006-0730
https://arstechnica.com/tech-policy/2020/10/this-congressperson-wants-to-ramp-up-covid-19-testing/,This congressperson wants to ramp up COVID-19 testing,,20201006-0730
https://arstechnica.com/gaming/2020/09/lgrs-clint-basinger-plumbs-the-depths-of-retro-computing-and-his-youtube-comments/,LGR’s Clint Basinger plumbs the depths of retro computing—and his YouTube comments,,20201006-0730
https://arstechnica.com/science/2020/10/after-two-scrubs-elon-musk-says-he-will-visit-spacex-launch-sites-in-florida/,"After two scrubs, Elon Musk says he will visit SpaceX launch sites in Florida",,20201006-0730
https://arstechnica.com/science/2020/10/trump-tested-positive-for-coronavirus-wednesday-doctor-reveals-in-briefing/,"Trump’s doctor dodges questions, suggests president tested positive Wednesday",,20201006-0730
https://arstechnica.com/gadgets/2020/10/ipad-2020-micro-review-battle-tested-and-more-than-fast-enough/,iPad (2020) micro-review: Battle-tested and more than fast enough,,20201006-0730
https://arstechnica.com/information-technology/2020/10/russias-fancy-bear-hackers-likely-penetrated-a-federal-agency/,Russia’s Fancy Bear hackers likely penetrated a federal agency,,20201006-0730
https://arstechnica.com/gaming/2020/10/publishers-worry-as-ebooks-fly-off-libraries-virtual-shelves/,Publishers worry as ebooks fly off libraries’ virtual shelves,,20201006-0730
https://arstechnica.com/science/2020/10/trumps-infection-outlook-with-covid-19-and-the-likelihood-of-white-house-spread/,"Trump’s infection, outlook with COVID-19 and the risk of White House spread [Updated]",,20201006-0730
https://arstechnica.com/cars/2020/10/after-12-years-mitsubishi-kills-the-i-miev-electric-car/,"After 12 years, Mitsubishi kills the i-MiEV electric car",,20201006-0730
https://arstechnica.com/gaming/2020/10/review-raised-by-wolves-squanders-early-promise-with-clumsy-bizarre-finale/,"Review: Raised by Wolves squanders early promise with clumsy, bizarre finale",,20201006-0730
https://arstechnica.com/cars/2020/10/honda-shocks-f1-says-it-will-quit-the-sport-after-2021/,"Honda shocks F1, says it will quit the sport after 2021",,20201006-0730
https://arstechnica.com/science/2020/10/last-years-us-emissions-went-down-after-2018-uptick/,Last year’s US emissions went down after 2018 uptick,,20201006-0730
https://arstechnica.com/tech-policy/2020/10/nikola-tries-to-silence-critics-with-copyright-takedowns-of-youtube-videos/,Nikola issues copyright takedowns against critics who use rolling-truck clip,,20201006-0730
https://arstechnica.com/tech-policy/2020/10/nearly-20000-workers-have-had-covid-19-amazon-admits/,"Nearly 20,000 workers have had COVID-19, Amazon admits",,20201006-0730
https://arstechnica.com/science/2020/10/spacex-northrop-seek-to-break-launch-gremlin-curse-with-friday-night-attempts/,"SpaceX, Northrop seek to break launch gremlin curse with Friday night attempts",,20201006-0730
https://arstechnica.com/cars/2020/10/tesla-delivers-140000-vehicles-smashing-previous-records/,"Tesla delivers 140,000 vehicles, smashing previous records",,20201006-0730
https://arstechnica.com/science/2020/10/rocket-report-an-old-centaur-comes-home-super-heavy-construction-begins/,"Rocket Report: An old Centaur comes home, Super Heavy construction begins",,20201006-0730
https://arstechnica.com/science/2020/10/president-trump-melania-and-i-tested-positive-for-covid-19/,President Trump: “Melania and I tested positive for COVID-19”,,20201006-0730
https://arstechnica.com/features/2020/10/the-space-operating-systems-booting-up-where-no-one-has-gone-before/,Definitely not Windows 95: What operating systems keep things running in space?,,20201006-0800
https://arstechnica.com/information-technology/2020/10/boom-hacked-page-on-mobile-phone-website-is-stealing-customers-card-data/,Boom! Hacked page on mobile phone website is stealing customers’ card data,,20201006-0800
https://arstechnica.com/science/2020/10/doctors-still-evasive-on-trumps-health-as-he-leaves-hospital/,Doctors still evasive on Trump’s health as he leaves hospital,,20201006-0800
https://arstechnica.com/cars/2020/10/nothing-beats-the-honda-civic-type-r-in-terms-of-driving-fun-per-dollar/,The Honda Civic Type-R is more fun to drive than a supercar,,20201006-0800
https://arstechnica.com/gadgets/2020/10/youtube-music-opens-up-google-cast-support-for-everyone/,YouTube Music drops monthly fee for Chromecast support,,20201006-0800
https://arstechnica.com/staff/2020/10/dealmaster-a-number-of-first-party-nintendo-switch-games-are-on-sale-today/,A number of first-party Nintendo Switch games are on sale today,,20201006-0800
https://arstechnica.com/gaming/2020/10/latest-free-guy-trailer-is-giving-us-strong-upload-vibes/,Latest Free Guy trailer is giving us strong Upload vibes,,20201006-0800
https://arstechnica.com/gaming/2020/10/playstation-5-runs-cool-and-quiet-according-to-initial-hands-on-reportss/,"PlayStation 5 runs cool and quiet, according to initial hands-on reports",,20201006-0800
https://arstechnica.com/science/2020/10/a-nobel-prize-for-the-discovery-of-hepatitis-c/,A decades-long struggle to find a virus wins the Nobel,,20201006-0800
https://arstechnica.com/tech-policy/2020/10/life-in-atts-slow-lane-millions-left-without-fiber-as-company-kills-dsl/,"AT&T kills DSL, leaves tens of millions of homes without fiber Internet",,20201006-0800
https://arstechnica.com/cars/2020/10/45-minutes-on-the-road-in-a-prototype-volkswagen-id-4-electric-car/,45 minutes on the road in a prototype Volkswagen ID.4 electric car,,20201006-0800
https://arstechnica.com/gaming/2020/10/the-history-of-galloping-ghost-the-usas-largest-classic-arcade/,"The history of Galloping Ghost, the USA’s largest classic arcade",,20201006-0800
https://arstechnica.com/gadgets/2020/10/disney-marvel-and-pixar-movies-now-available-in-4k-hdr-on-apple-tv-and-itunes/,"Disney, Marvel, and Pixar movies now available in 4K HDR on Apple TV and iTunes",,20201006-0800
https://arstechnica.com/tech-policy/2020/10/excel-glitch-may-have-caused-uk-to-underreport-covid-19-cases-by-15841/,"Botched Excel import may have caused loss of 15,841 UK COVID-19 cases",,20201006-0800
https://arstechnica.com/science/2020/10/metal-detector-enthusiasts-find-6th-century-anglo-saxon-warriors-grave/,Metal detector enthusiasts find 6th-century Anglo-Saxon warrior’s grave,,20201006-0800
https://arstechnica.com/information-technology/2020/10/custom-made-uefi-bootkit-found-lurking-in-the-wild/,Custom-made UEFI bootkit found lurking in the wild,,20201006-0800
https://arstechnica.com/science/2020/10/nasa-safety-panel-raises-doubts-about-software-testing-for-moon-missions/,Safety panel has “great concern” about NASA plans to test Moon mission software,,20201006-0800
https://arstechnica.com/science/2020/10/archaeologists-find-evidence-of-neurons-in-glassy-brain-of-vesuvius-victim/,Archaeologists find evidence of neurons in glassy brain of Vesuvius victim,,20201006-0800
https://arstechnica.com/cars/2020/10/typical-subaru-and-thats-good-the-2020-outback-reviewed/,2020 Subaru Outback is fan service in the best possible way,,20201006-0800
https://arstechnica.com/tech-policy/2020/10/this-congressperson-wants-to-ramp-up-covid-19-testing/,This congressperson wants to ramp up COVID-19 testing,,20201006-0800
https://arstechnica.com/gaming/2020/09/lgrs-clint-basinger-plumbs-the-depths-of-retro-computing-and-his-youtube-comments/,LGR’s Clint Basinger plumbs the depths of retro computing—and his YouTube comments,,20201006-0800
https://arstechnica.com/science/2020/10/after-two-scrubs-elon-musk-says-he-will-visit-spacex-launch-sites-in-florida/,"After two scrubs, Elon Musk says he will visit SpaceX launch sites in Florida",,20201006-0800
https://arstechnica.com/science/2020/10/trump-tested-positive-for-coronavirus-wednesday-doctor-reveals-in-briefing/,"Trump’s doctor dodges questions, suggests president tested positive Wednesday",,20201006-0800
https://arstechnica.com/gadgets/2020/10/ipad-2020-micro-review-battle-tested-and-more-than-fast-enough/,iPad (2020) micro-review: Battle-tested and more than fast enough,,20201006-0800
https://arstechnica.com/information-technology/2020/10/russias-fancy-bear-hackers-likely-penetrated-a-federal-agency/,Russia’s Fancy Bear hackers likely penetrated a federal agency,,20201006-0800
https://arstechnica.com/gaming/2020/10/publishers-worry-as-ebooks-fly-off-libraries-virtual-shelves/,Publishers worry as ebooks fly off libraries’ virtual shelves,,20201006-0800
https://arstechnica.com/science/2020/10/trumps-infection-outlook-with-covid-19-and-the-likelihood-of-white-house-spread/,"Trump’s infection, outlook with COVID-19 and the risk of White House spread [Updated]",,20201006-0800
https://arstechnica.com/cars/2020/10/after-12-years-mitsubishi-kills-the-i-miev-electric-car/,"After 12 years, Mitsubishi kills the i-MiEV electric car",,20201006-0800
https://arstechnica.com/gaming/2020/10/review-raised-by-wolves-squanders-early-promise-with-clumsy-bizarre-finale/,"Review: Raised by Wolves squanders early promise with clumsy, bizarre finale",,20201006-0800
https://arstechnica.com/cars/2020/10/honda-shocks-f1-says-it-will-quit-the-sport-after-2021/,"Honda shocks F1, says it will quit the sport after 2021",,20201006-0800
https://arstechnica.com/science/2020/10/last-years-us-emissions-went-down-after-2018-uptick/,Last year’s US emissions went down after 2018 uptick,,20201006-0800
https://arstechnica.com/tech-policy/2020/10/nikola-tries-to-silence-critics-with-copyright-takedowns-of-youtube-videos/,Nikola issues copyright takedowns against critics who use rolling-truck clip,,20201006-0800
https://arstechnica.com/tech-policy/2020/10/nearly-20000-workers-have-had-covid-19-amazon-admits/,"Nearly 20,000 workers have had COVID-19, Amazon admits",,20201006-0800
https://arstechnica.com/science/2020/10/spacex-northrop-seek-to-break-launch-gremlin-curse-with-friday-night-attempts/,"SpaceX, Northrop seek to break launch gremlin curse with Friday night attempts",,20201006-0800
https://arstechnica.com/cars/2020/10/tesla-delivers-140000-vehicles-smashing-previous-records/,"Tesla delivers 140,000 vehicles, smashing previous records",,20201006-0800
https://arstechnica.com/science/2020/10/rocket-report-an-old-centaur-comes-home-super-heavy-construction-begins/,"Rocket Report: An old Centaur comes home, Super Heavy construction begins",,20201006-0800
https://arstechnica.com/science/2020/10/president-trump-melania-and-i-tested-positive-for-covid-19/,President Trump: “Melania and I tested positive for COVID-19”,,20201006-0800
https://arstechnica.com/features/2020/10/the-space-operating-systems-booting-up-where-no-one-has-gone-before/,Definitely not Windows 95: What operating systems keep things running in space?,,20201006-0830
https://arstechnica.com/information-technology/2020/10/boom-hacked-page-on-mobile-phone-website-is-stealing-customers-card-data/,Boom! Hacked page on mobile phone website is stealing customers’ card data,,20201006-0830
https://arstechnica.com/science/2020/10/doctors-still-evasive-on-trumps-health-as-he-leaves-hospital/,Doctors still evasive on Trump’s health as he leaves hospital,,20201006-0830
https://arstechnica.com/cars/2020/10/nothing-beats-the-honda-civic-type-r-in-terms-of-driving-fun-per-dollar/,The Honda Civic Type-R is more fun to drive than a supercar,,20201006-0830
https://arstechnica.com/gadgets/2020/10/youtube-music-opens-up-google-cast-support-for-everyone/,YouTube Music drops monthly fee for Chromecast support,,20201006-0830
https://arstechnica.com/staff/2020/10/dealmaster-a-number-of-first-party-nintendo-switch-games-are-on-sale-today/,A number of first-party Nintendo Switch games are on sale today,,20201006-0830
https://arstechnica.com/gaming/2020/10/latest-free-guy-trailer-is-giving-us-strong-upload-vibes/,Latest Free Guy trailer is giving us strong Upload vibes,,20201006-0830
https://arstechnica.com/gaming/2020/10/playstation-5-runs-cool-and-quiet-according-to-initial-hands-on-reportss/,"PlayStation 5 runs cool and quiet, according to initial hands-on reports",,20201006-0830
https://arstechnica.com/science/2020/10/a-nobel-prize-for-the-discovery-of-hepatitis-c/,A decades-long struggle to find a virus wins the Nobel,,20201006-0830
https://arstechnica.com/tech-policy/2020/10/life-in-atts-slow-lane-millions-left-without-fiber-as-company-kills-dsl/,"AT&T kills DSL, leaves tens of millions of homes without fiber Internet",,20201006-0830
https://arstechnica.com/cars/2020/10/45-minutes-on-the-road-in-a-prototype-volkswagen-id-4-electric-car/,45 minutes on the road in a prototype Volkswagen ID.4 electric car,,20201006-0830
https://arstechnica.com/gaming/2020/10/the-history-of-galloping-ghost-the-usas-largest-classic-arcade/,"The history of Galloping Ghost, the USA’s largest classic arcade",,20201006-0830
https://arstechnica.com/gadgets/2020/10/disney-marvel-and-pixar-movies-now-available-in-4k-hdr-on-apple-tv-and-itunes/,"Disney, Marvel, and Pixar movies now available in 4K HDR on Apple TV and iTunes",,20201006-0830
https://arstechnica.com/tech-policy/2020/10/excel-glitch-may-have-caused-uk-to-underreport-covid-19-cases-by-15841/,"Botched Excel import may have caused loss of 15,841 UK COVID-19 cases",,20201006-0830
https://arstechnica.com/science/2020/10/metal-detector-enthusiasts-find-6th-century-anglo-saxon-warriors-grave/,Metal detector enthusiasts find 6th-century Anglo-Saxon warrior’s grave,,20201006-0830
https://arstechnica.com/information-technology/2020/10/custom-made-uefi-bootkit-found-lurking-in-the-wild/,Custom-made UEFI bootkit found lurking in the wild,,20201006-0830
https://arstechnica.com/science/2020/10/nasa-safety-panel-raises-doubts-about-software-testing-for-moon-missions/,Safety panel has “great concern” about NASA plans to test Moon mission software,,20201006-0830
https://arstechnica.com/science/2020/10/archaeologists-find-evidence-of-neurons-in-glassy-brain-of-vesuvius-victim/,Archaeologists find evidence of neurons in glassy brain of Vesuvius victim,,20201006-0830
https://arstechnica.com/cars/2020/10/typical-subaru-and-thats-good-the-2020-outback-reviewed/,2020 Subaru Outback is fan service in the best possible way,,20201006-0830
https://arstechnica.com/tech-policy/2020/10/this-congressperson-wants-to-ramp-up-covid-19-testing/,This congressperson wants to ramp up COVID-19 testing,,20201006-0830
https://arstechnica.com/gaming/2020/09/lgrs-clint-basinger-plumbs-the-depths-of-retro-computing-and-his-youtube-comments/,LGR’s Clint Basinger plumbs the depths of retro computing—and his YouTube comments,,20201006-0830
https://arstechnica.com/science/2020/10/after-two-scrubs-elon-musk-says-he-will-visit-spacex-launch-sites-in-florida/,"After two scrubs, Elon Musk says he will visit SpaceX launch sites in Florida",,20201006-0830
https://arstechnica.com/science/2020/10/trump-tested-positive-for-coronavirus-wednesday-doctor-reveals-in-briefing/,"Trump’s doctor dodges questions, suggests president tested positive Wednesday",,20201006-0830
https://arstechnica.com/gadgets/2020/10/ipad-2020-micro-review-battle-tested-and-more-than-fast-enough/,iPad (2020) micro-review: Battle-tested and more than fast enough,,20201006-0830
https://arstechnica.com/information-technology/2020/10/russias-fancy-bear-hackers-likely-penetrated-a-federal-agency/,Russia’s Fancy Bear hackers likely penetrated a federal agency,,20201006-0830
https://arstechnica.com/gaming/2020/10/publishers-worry-as-ebooks-fly-off-libraries-virtual-shelves/,Publishers worry as ebooks fly off libraries’ virtual shelves,,20201006-0830
https://arstechnica.com/science/2020/10/trumps-infection-outlook-with-covid-19-and-the-likelihood-of-white-house-spread/,"Trump’s infection, outlook with COVID-19 and the risk of White House spread [Updated]",,20201006-0830
https://arstechnica.com/cars/2020/10/after-12-years-mitsubishi-kills-the-i-miev-electric-car/,"After 12 years, Mitsubishi kills the i-MiEV electric car",,20201006-0830
https://arstechnica.com/gaming/2020/10/review-raised-by-wolves-squanders-early-promise-with-clumsy-bizarre-finale/,"Review: Raised by Wolves squanders early promise with clumsy, bizarre finale",,20201006-0830
https://arstechnica.com/cars/2020/10/honda-shocks-f1-says-it-will-quit-the-sport-after-2021/,"Honda shocks F1, says it will quit the sport after 2021",,20201006-0830
https://arstechnica.com/science/2020/10/last-years-us-emissions-went-down-after-2018-uptick/,Last year’s US emissions went down after 2018 uptick,,20201006-0830
https://arstechnica.com/tech-policy/2020/10/nikola-tries-to-silence-critics-with-copyright-takedowns-of-youtube-videos/,Nikola issues copyright takedowns against critics who use rolling-truck clip,,20201006-0830
https://arstechnica.com/tech-policy/2020/10/nearly-20000-workers-have-had-covid-19-amazon-admits/,"Nearly 20,000 workers have had COVID-19, Amazon admits",,20201006-0830
https://arstechnica.com/science/2020/10/spacex-northrop-seek-to-break-launch-gremlin-curse-with-friday-night-attempts/,"SpaceX, Northrop seek to break launch gremlin curse with Friday night attempts",,20201006-0830
https://arstechnica.com/cars/2020/10/tesla-delivers-140000-vehicles-smashing-previous-records/,"Tesla delivers 140,000 vehicles, smashing previous records",,20201006-0830
https://arstechnica.com/science/2020/10/rocket-report-an-old-centaur-comes-home-super-heavy-construction-begins/,"Rocket Report: An old Centaur comes home, Super Heavy construction begins",,20201006-0830
https://arstechnica.com/science/2020/10/president-trump-melania-and-i-tested-positive-for-covid-19/,President Trump: “Melania and I tested positive for COVID-19”,,20201006-0830
https://arstechnica.com/features/2020/10/the-space-operating-systems-booting-up-where-no-one-has-gone-before/,Definitely not Windows 95: What operating systems keep things running in space?,,20201006-0900
https://arstechnica.com/information-technology/2020/10/boom-hacked-page-on-mobile-phone-website-is-stealing-customers-card-data/,Boom! Hacked page on mobile phone website is stealing customers’ card data,,20201006-0900
https://arstechnica.com/science/2020/10/doctors-still-evasive-on-trumps-health-as-he-leaves-hospital/,Doctors still evasive on Trump’s health as he leaves hospital,,20201006-0900
https://arstechnica.com/cars/2020/10/nothing-beats-the-honda-civic-type-r-in-terms-of-driving-fun-per-dollar/,The Honda Civic Type-R is more fun to drive than a supercar,,20201006-0900
https://arstechnica.com/gadgets/2020/10/youtube-music-opens-up-google-cast-support-for-everyone/,YouTube Music drops monthly fee for Chromecast support,,20201006-0900
https://arstechnica.com/staff/2020/10/dealmaster-a-number-of-first-party-nintendo-switch-games-are-on-sale-today/,A number of first-party Nintendo Switch games are on sale today,,20201006-0900
https://arstechnica.com/gaming/2020/10/latest-free-guy-trailer-is-giving-us-strong-upload-vibes/,Latest Free Guy trailer is giving us strong Upload vibes,,20201006-0900
https://arstechnica.com/gaming/2020/10/playstation-5-runs-cool-and-quiet-according-to-initial-hands-on-reportss/,"PlayStation 5 runs cool and quiet, according to initial hands-on reports",,20201006-0900
https://arstechnica.com/science/2020/10/a-nobel-prize-for-the-discovery-of-hepatitis-c/,A decades-long struggle to find a virus wins the Nobel,,20201006-0900
https://arstechnica.com/tech-policy/2020/10/life-in-atts-slow-lane-millions-left-without-fiber-as-company-kills-dsl/,"AT&T kills DSL, leaves tens of millions of homes without fiber Internet",,20201006-0900
https://arstechnica.com/cars/2020/10/45-minutes-on-the-road-in-a-prototype-volkswagen-id-4-electric-car/,45 minutes on the road in a prototype Volkswagen ID.4 electric car,,20201006-0900
https://arstechnica.com/gaming/2020/10/the-history-of-galloping-ghost-the-usas-largest-classic-arcade/,"The history of Galloping Ghost, the USA’s largest classic arcade",,20201006-0900
https://arstechnica.com/gadgets/2020/10/disney-marvel-and-pixar-movies-now-available-in-4k-hdr-on-apple-tv-and-itunes/,"Disney, Marvel, and Pixar movies now available in 4K HDR on Apple TV and iTunes",,20201006-0900
https://arstechnica.com/tech-policy/2020/10/excel-glitch-may-have-caused-uk-to-underreport-covid-19-cases-by-15841/,"Botched Excel import may have caused loss of 15,841 UK COVID-19 cases",,20201006-0900
https://arstechnica.com/science/2020/10/metal-detector-enthusiasts-find-6th-century-anglo-saxon-warriors-grave/,Metal detector enthusiasts find 6th-century Anglo-Saxon warrior’s grave,,20201006-0900
https://arstechnica.com/information-technology/2020/10/custom-made-uefi-bootkit-found-lurking-in-the-wild/,Custom-made UEFI bootkit found lurking in the wild,,20201006-0900
https://arstechnica.com/science/2020/10/nasa-safety-panel-raises-doubts-about-software-testing-for-moon-missions/,Safety panel has “great concern” about NASA plans to test Moon mission software,,20201006-0900
https://arstechnica.com/science/2020/10/archaeologists-find-evidence-of-neurons-in-glassy-brain-of-vesuvius-victim/,Archaeologists find evidence of neurons in glassy brain of Vesuvius victim,,20201006-0900
https://arstechnica.com/cars/2020/10/typical-subaru-and-thats-good-the-2020-outback-reviewed/,2020 Subaru Outback is fan service in the best possible way,,20201006-0900
https://arstechnica.com/tech-policy/2020/10/this-congressperson-wants-to-ramp-up-covid-19-testing/,This congressperson wants to ramp up COVID-19 testing,,20201006-0900
https://arstechnica.com/gaming/2020/09/lgrs-clint-basinger-plumbs-the-depths-of-retro-computing-and-his-youtube-comments/,LGR’s Clint Basinger plumbs the depths of retro computing—and his YouTube comments,,20201006-0900
https://arstechnica.com/science/2020/10/after-two-scrubs-elon-musk-says-he-will-visit-spacex-launch-sites-in-florida/,"After two scrubs, Elon Musk says he will visit SpaceX launch sites in Florida",,20201006-0900
https://arstechnica.com/science/2020/10/trump-tested-positive-for-coronavirus-wednesday-doctor-reveals-in-briefing/,"Trump’s doctor dodges questions, suggests president tested positive Wednesday",,20201006-0900
https://arstechnica.com/gadgets/2020/10/ipad-2020-micro-review-battle-tested-and-more-than-fast-enough/,iPad (2020) micro-review: Battle-tested and more than fast enough,,20201006-0900
https://arstechnica.com/information-technology/2020/10/russias-fancy-bear-hackers-likely-penetrated-a-federal-agency/,Russia’s Fancy Bear hackers likely penetrated a federal agency,,20201006-0900
https://arstechnica.com/gaming/2020/10/publishers-worry-as-ebooks-fly-off-libraries-virtual-shelves/,Publishers worry as ebooks fly off libraries’ virtual shelves,,20201006-0900
https://arstechnica.com/science/2020/10/trumps-infection-outlook-with-covid-19-and-the-likelihood-of-white-house-spread/,"Trump’s infection, outlook with COVID-19 and the risk of White House spread [Updated]",,20201006-0900
https://arstechnica.com/cars/2020/10/after-12-years-mitsubishi-kills-the-i-miev-electric-car/,"After 12 years, Mitsubishi kills the i-MiEV electric car",,20201006-0900
https://arstechnica.com/gaming/2020/10/review-raised-by-wolves-squanders-early-promise-with-clumsy-bizarre-finale/,"Review: Raised by Wolves squanders early promise with clumsy, bizarre finale",,20201006-0900
https://arstechnica.com/cars/2020/10/honda-shocks-f1-says-it-will-quit-the-sport-after-2021/,"Honda shocks F1, says it will quit the sport after 2021",,20201006-0900
https://arstechnica.com/science/2020/10/last-years-us-emissions-went-down-after-2018-uptick/,Last year’s US emissions went down after 2018 uptick,,20201006-0900
https://arstechnica.com/tech-policy/2020/10/nikola-tries-to-silence-critics-with-copyright-takedowns-of-youtube-videos/,Nikola issues copyright takedowns against critics who use rolling-truck clip,,20201006-0900
https://arstechnica.com/tech-policy/2020/10/nearly-20000-workers-have-had-covid-19-amazon-admits/,"Nearly 20,000 workers have had COVID-19, Amazon admits",,20201006-0900
https://arstechnica.com/science/2020/10/spacex-northrop-seek-to-break-launch-gremlin-curse-with-friday-night-attempts/,"SpaceX, Northrop seek to break launch gremlin curse with Friday night attempts",,20201006-0900
https://arstechnica.com/cars/2020/10/tesla-delivers-140000-vehicles-smashing-previous-records/,"Tesla delivers 140,000 vehicles, smashing previous records",,20201006-0900
https://arstechnica.com/science/2020/10/rocket-report-an-old-centaur-comes-home-super-heavy-construction-begins/,"Rocket Report: An old Centaur comes home, Super Heavy construction begins",,20201006-0900
https://arstechnica.com/science/2020/10/president-trump-melania-and-i-tested-positive-for-covid-19/,President Trump: “Melania and I tested positive for COVID-19”,,20201006-0900
https://arstechnica.com/features/2020/10/the-space-operating-systems-booting-up-where-no-one-has-gone-before/,Definitely not Windows 95: What operating systems keep things running in space?,,20201006-0930
https://arstechnica.com/information-technology/2020/10/boom-hacked-page-on-mobile-phone-website-is-stealing-customers-card-data/,Boom! Hacked page on mobile phone website is stealing customers’ card data,,20201006-0930
https://arstechnica.com/science/2020/10/doctors-still-evasive-on-trumps-health-as-he-leaves-hospital/,Doctors still evasive on Trump’s health as he leaves hospital,,20201006-0930
https://arstechnica.com/cars/2020/10/nothing-beats-the-honda-civic-type-r-in-terms-of-driving-fun-per-dollar/,The Honda Civic Type-R is more fun to drive than a supercar,,20201006-0930
https://arstechnica.com/gadgets/2020/10/youtube-music-opens-up-google-cast-support-for-everyone/,YouTube Music drops monthly fee for Chromecast support,,20201006-0930
https://arstechnica.com/staff/2020/10/dealmaster-a-number-of-first-party-nintendo-switch-games-are-on-sale-today/,A number of first-party Nintendo Switch games are on sale today,,20201006-0930
https://arstechnica.com/gaming/2020/10/latest-free-guy-trailer-is-giving-us-strong-upload-vibes/,Latest Free Guy trailer is giving us strong Upload vibes,,20201006-0930
https://arstechnica.com/gaming/2020/10/playstation-5-runs-cool-and-quiet-according-to-initial-hands-on-reportss/,"PlayStation 5 runs cool and quiet, according to initial hands-on reports",,20201006-0930
https://arstechnica.com/science/2020/10/a-nobel-prize-for-the-discovery-of-hepatitis-c/,A decades-long struggle to find a virus wins the Nobel,,20201006-0930
https://arstechnica.com/tech-policy/2020/10/life-in-atts-slow-lane-millions-left-without-fiber-as-company-kills-dsl/,"AT&T kills DSL, leaves tens of millions of homes without fiber Internet",,20201006-0930
https://arstechnica.com/cars/2020/10/45-minutes-on-the-road-in-a-prototype-volkswagen-id-4-electric-car/,45 minutes on the road in a prototype Volkswagen ID.4 electric car,,20201006-0930
https://arstechnica.com/gaming/2020/10/the-history-of-galloping-ghost-the-usas-largest-classic-arcade/,"The history of Galloping Ghost, the USA’s largest classic arcade",,20201006-0930
https://arstechnica.com/gadgets/2020/10/disney-marvel-and-pixar-movies-now-available-in-4k-hdr-on-apple-tv-and-itunes/,"Disney, Marvel, and Pixar movies now available in 4K HDR on Apple TV and iTunes",,20201006-0930
https://arstechnica.com/tech-policy/2020/10/excel-glitch-may-have-caused-uk-to-underreport-covid-19-cases-by-15841/,"Botched Excel import may have caused loss of 15,841 UK COVID-19 cases",,20201006-0930
https://arstechnica.com/science/2020/10/metal-detector-enthusiasts-find-6th-century-anglo-saxon-warriors-grave/,Metal detector enthusiasts find 6th-century Anglo-Saxon warrior’s grave,,20201006-0930
https://arstechnica.com/information-technology/2020/10/custom-made-uefi-bootkit-found-lurking-in-the-wild/,Custom-made UEFI bootkit found lurking in the wild,,20201006-0930
https://arstechnica.com/science/2020/10/nasa-safety-panel-raises-doubts-about-software-testing-for-moon-missions/,Safety panel has “great concern” about NASA plans to test Moon mission software,,20201006-0930
https://arstechnica.com/science/2020/10/archaeologists-find-evidence-of-neurons-in-glassy-brain-of-vesuvius-victim/,Archaeologists find evidence of neurons in glassy brain of Vesuvius victim,,20201006-0930
https://arstechnica.com/cars/2020/10/typical-subaru-and-thats-good-the-2020-outback-reviewed/,2020 Subaru Outback is fan service in the best possible way,,20201006-0930
https://arstechnica.com/tech-policy/2020/10/this-congressperson-wants-to-ramp-up-covid-19-testing/,This congressperson wants to ramp up COVID-19 testing,,20201006-0930
https://arstechnica.com/gaming/2020/09/lgrs-clint-basinger-plumbs-the-depths-of-retro-computing-and-his-youtube-comments/,LGR’s Clint Basinger plumbs the depths of retro computing—and his YouTube comments,,20201006-0930
https://arstechnica.com/science/2020/10/after-two-scrubs-elon-musk-says-he-will-visit-spacex-launch-sites-in-florida/,"After two scrubs, Elon Musk says he will visit SpaceX launch sites in Florida",,20201006-0930
https://arstechnica.com/science/2020/10/trump-tested-positive-for-coronavirus-wednesday-doctor-reveals-in-briefing/,"Trump’s doctor dodges questions, suggests president tested positive Wednesday",,20201006-0930
https://arstechnica.com/gadgets/2020/10/ipad-2020-micro-review-battle-tested-and-more-than-fast-enough/,iPad (2020) micro-review: Battle-tested and more than fast enough,,20201006-0930
https://arstechnica.com/information-technology/2020/10/russias-fancy-bear-hackers-likely-penetrated-a-federal-agency/,Russia’s Fancy Bear hackers likely penetrated a federal agency,,20201006-0930
https://arstechnica.com/gaming/2020/10/publishers-worry-as-ebooks-fly-off-libraries-virtual-shelves/,Publishers worry as ebooks fly off libraries’ virtual shelves,,20201006-0930
https://arstechnica.com/science/2020/10/trumps-infection-outlook-with-covid-19-and-the-likelihood-of-white-house-spread/,"Trump’s infection, outlook with COVID-19 and the risk of White House spread [Updated]",,20201006-0930
https://arstechnica.com/cars/2020/10/after-12-years-mitsubishi-kills-the-i-miev-electric-car/,"After 12 years, Mitsubishi kills the i-MiEV electric car",,20201006-0930
https://arstechnica.com/gaming/2020/10/review-raised-by-wolves-squanders-early-promise-with-clumsy-bizarre-finale/,"Review: Raised by Wolves squanders early promise with clumsy, bizarre finale",,20201006-0930
https://arstechnica.com/cars/2020/10/honda-shocks-f1-says-it-will-quit-the-sport-after-2021/,"Honda shocks F1, says it will quit the sport after 2021",,20201006-0930
https://arstechnica.com/science/2020/10/last-years-us-emissions-went-down-after-2018-uptick/,Last year’s US emissions went down after 2018 uptick,,20201006-0930
https://arstechnica.com/tech-policy/2020/10/nikola-tries-to-silence-critics-with-copyright-takedowns-of-youtube-videos/,Nikola issues copyright takedowns against critics who use rolling-truck clip,,20201006-0930
https://arstechnica.com/tech-policy/2020/10/nearly-20000-workers-have-had-covid-19-amazon-admits/,"Nearly 20,000 workers have had COVID-19, Amazon admits",,20201006-0930
https://arstechnica.com/science/2020/10/spacex-northrop-seek-to-break-launch-gremlin-curse-with-friday-night-attempts/,"SpaceX, Northrop seek to break launch gremlin curse with Friday night attempts",,20201006-0930
https://arstechnica.com/cars/2020/10/tesla-delivers-140000-vehicles-smashing-previous-records/,"Tesla delivers 140,000 vehicles, smashing previous records",,20201006-0930
https://arstechnica.com/science/2020/10/rocket-report-an-old-centaur-comes-home-super-heavy-construction-begins/,"Rocket Report: An old Centaur comes home, Super Heavy construction begins",,20201006-0930
https://arstechnica.com/science/2020/10/president-trump-melania-and-i-tested-positive-for-covid-19/,President Trump: “Melania and I tested positive for COVID-19”,,20201006-0930
https://arstechnica.com/features/2020/10/the-space-operating-systems-booting-up-where-no-one-has-gone-before/,Definitely not Windows 95: What operating systems keep things running in space?,,20201006-1000
https://arstechnica.com/information-technology/2020/10/boom-hacked-page-on-mobile-phone-website-is-stealing-customers-card-data/,Boom! Hacked page on mobile phone website is stealing customers’ card data,,20201006-1000
https://arstechnica.com/science/2020/10/doctors-still-evasive-on-trumps-health-as-he-leaves-hospital/,Doctors still evasive on Trump’s health as he leaves hospital,,20201006-1000
https://arstechnica.com/cars/2020/10/nothing-beats-the-honda-civic-type-r-in-terms-of-driving-fun-per-dollar/,The Honda Civic Type-R is more fun to drive than a supercar,,20201006-1000
https://arstechnica.com/gadgets/2020/10/youtube-music-opens-up-google-cast-support-for-everyone/,YouTube Music drops monthly fee for Chromecast support,,20201006-1000
https://arstechnica.com/staff/2020/10/dealmaster-a-number-of-first-party-nintendo-switch-games-are-on-sale-today/,A number of first-party Nintendo Switch games are on sale today,,20201006-1000
https://arstechnica.com/gaming/2020/10/latest-free-guy-trailer-is-giving-us-strong-upload-vibes/,Latest Free Guy trailer is giving us strong Upload vibes,,20201006-1000
https://arstechnica.com/gaming/2020/10/playstation-5-runs-cool-and-quiet-according-to-initial-hands-on-reportss/,"PlayStation 5 runs cool and quiet, according to initial hands-on reports",,20201006-1000
https://arstechnica.com/science/2020/10/a-nobel-prize-for-the-discovery-of-hepatitis-c/,A decades-long struggle to find a virus wins the Nobel,,20201006-1000
https://arstechnica.com/tech-policy/2020/10/life-in-atts-slow-lane-millions-left-without-fiber-as-company-kills-dsl/,"AT&T kills DSL, leaves tens of millions of homes without fiber Internet",,20201006-1000
https://arstechnica.com/cars/2020/10/45-minutes-on-the-road-in-a-prototype-volkswagen-id-4-electric-car/,45 minutes on the road in a prototype Volkswagen ID.4 electric car,,20201006-1000
https://arstechnica.com/gaming/2020/10/the-history-of-galloping-ghost-the-usas-largest-classic-arcade/,"The history of Galloping Ghost, the USA’s largest classic arcade",,20201006-1000
https://arstechnica.com/gadgets/2020/10/disney-marvel-and-pixar-movies-now-available-in-4k-hdr-on-apple-tv-and-itunes/,"Disney, Marvel, and Pixar movies now available in 4K HDR on Apple TV and iTunes",,20201006-1000
https://arstechnica.com/tech-policy/2020/10/excel-glitch-may-have-caused-uk-to-underreport-covid-19-cases-by-15841/,"Botched Excel import may have caused loss of 15,841 UK COVID-19 cases",,20201006-1000
https://arstechnica.com/science/2020/10/metal-detector-enthusiasts-find-6th-century-anglo-saxon-warriors-grave/,Metal detector enthusiasts find 6th-century Anglo-Saxon warrior’s grave,,20201006-1000
https://arstechnica.com/information-technology/2020/10/custom-made-uefi-bootkit-found-lurking-in-the-wild/,Custom-made UEFI bootkit found lurking in the wild,,20201006-1000
https://arstechnica.com/science/2020/10/nasa-safety-panel-raises-doubts-about-software-testing-for-moon-missions/,Safety panel has “great concern” about NASA plans to test Moon mission software,,20201006-1000
https://arstechnica.com/science/2020/10/archaeologists-find-evidence-of-neurons-in-glassy-brain-of-vesuvius-victim/,Archaeologists find evidence of neurons in glassy brain of Vesuvius victim,,20201006-1000
https://arstechnica.com/cars/2020/10/typical-subaru-and-thats-good-the-2020-outback-reviewed/,2020 Subaru Outback is fan service in the best possible way,,20201006-1000
https://arstechnica.com/tech-policy/2020/10/this-congressperson-wants-to-ramp-up-covid-19-testing/,This congressperson wants to ramp up COVID-19 testing,,20201006-1000
https://arstechnica.com/gaming/2020/09/lgrs-clint-basinger-plumbs-the-depths-of-retro-computing-and-his-youtube-comments/,LGR’s Clint Basinger plumbs the depths of retro computing—and his YouTube comments,,20201006-1000
https://arstechnica.com/science/2020/10/after-two-scrubs-elon-musk-says-he-will-visit-spacex-launch-sites-in-florida/,"After two scrubs, Elon Musk says he will visit SpaceX launch sites in Florida",,20201006-1000
https://arstechnica.com/science/2020/10/trump-tested-positive-for-coronavirus-wednesday-doctor-reveals-in-briefing/,"Trump’s doctor dodges questions, suggests president tested positive Wednesday",,20201006-1000
https://arstechnica.com/gadgets/2020/10/ipad-2020-micro-review-battle-tested-and-more-than-fast-enough/,iPad (2020) micro-review: Battle-tested and more than fast enough,,20201006-1000
https://arstechnica.com/information-technology/2020/10/russias-fancy-bear-hackers-likely-penetrated-a-federal-agency/,Russia’s Fancy Bear hackers likely penetrated a federal agency,,20201006-1000
https://arstechnica.com/gaming/2020/10/publishers-worry-as-ebooks-fly-off-libraries-virtual-shelves/,Publishers worry as ebooks fly off libraries’ virtual shelves,,20201006-1000
https://arstechnica.com/science/2020/10/trumps-infection-outlook-with-covid-19-and-the-likelihood-of-white-house-spread/,"Trump’s infection, outlook with COVID-19 and the risk of White House spread [Updated]",,20201006-1000
https://arstechnica.com/cars/2020/10/after-12-years-mitsubishi-kills-the-i-miev-electric-car/,"After 12 years, Mitsubishi kills the i-MiEV electric car",,20201006-1000
https://arstechnica.com/gaming/2020/10/review-raised-by-wolves-squanders-early-promise-with-clumsy-bizarre-finale/,"Review: Raised by Wolves squanders early promise with clumsy, bizarre finale",,20201006-1000
https://arstechnica.com/cars/2020/10/honda-shocks-f1-says-it-will-quit-the-sport-after-2021/,"Honda shocks F1, says it will quit the sport after 2021",,20201006-1000
https://arstechnica.com/science/2020/10/last-years-us-emissions-went-down-after-2018-uptick/,Last year’s US emissions went down after 2018 uptick,,20201006-1000
https://arstechnica.com/tech-policy/2020/10/nikola-tries-to-silence-critics-with-copyright-takedowns-of-youtube-videos/,Nikola issues copyright takedowns against critics who use rolling-truck clip,,20201006-1000
https://arstechnica.com/tech-policy/2020/10/nearly-20000-workers-have-had-covid-19-amazon-admits/,"Nearly 20,000 workers have had COVID-19, Amazon admits",,20201006-1000
https://arstechnica.com/science/2020/10/spacex-northrop-seek-to-break-launch-gremlin-curse-with-friday-night-attempts/,"SpaceX, Northrop seek to break launch gremlin curse with Friday night attempts",,20201006-1000
https://arstechnica.com/cars/2020/10/tesla-delivers-140000-vehicles-smashing-previous-records/,"Tesla delivers 140,000 vehicles, smashing previous records",,20201006-1000
https://arstechnica.com/science/2020/10/rocket-report-an-old-centaur-comes-home-super-heavy-construction-begins/,"Rocket Report: An old Centaur comes home, Super Heavy construction begins",,20201006-1000
https://arstechnica.com/science/2020/10/president-trump-melania-and-i-tested-positive-for-covid-19/,President Trump: “Melania and I tested positive for COVID-19”,,20201006-1000
https://arstechnica.com/features/2020/10/the-space-operating-systems-booting-up-where-no-one-has-gone-before/,Definitely not Windows 95: What operating systems keep things running in space?,,20201006-1030
https://arstechnica.com/information-technology/2020/10/boom-hacked-page-on-mobile-phone-website-is-stealing-customers-card-data/,Boom! Hacked page on mobile phone website is stealing customers’ card data,,20201006-1030
https://arstechnica.com/science/2020/10/doctors-still-evasive-on-trumps-health-as-he-leaves-hospital/,Doctors still evasive on Trump’s health as he leaves hospital,,20201006-1030
https://arstechnica.com/cars/2020/10/nothing-beats-the-honda-civic-type-r-in-terms-of-driving-fun-per-dollar/,The Honda Civic Type-R is more fun to drive than a supercar,,20201006-1030
https://arstechnica.com/gadgets/2020/10/youtube-music-opens-up-google-cast-support-for-everyone/,YouTube Music drops monthly fee for Chromecast support,,20201006-1030
https://arstechnica.com/staff/2020/10/dealmaster-a-number-of-first-party-nintendo-switch-games-are-on-sale-today/,A number of first-party Nintendo Switch games are on sale today,,20201006-1030
https://arstechnica.com/gaming/2020/10/latest-free-guy-trailer-is-giving-us-strong-upload-vibes/,Latest Free Guy trailer is giving us strong Upload vibes,,20201006-1030
https://arstechnica.com/gaming/2020/10/playstation-5-runs-cool-and-quiet-according-to-initial-hands-on-reportss/,"PlayStation 5 runs cool and quiet, according to initial hands-on reports",,20201006-1030
https://arstechnica.com/science/2020/10/a-nobel-prize-for-the-discovery-of-hepatitis-c/,A decades-long struggle to find a virus wins the Nobel,,20201006-1030
https://arstechnica.com/tech-policy/2020/10/life-in-atts-slow-lane-millions-left-without-fiber-as-company-kills-dsl/,"AT&T kills DSL, leaves tens of millions of homes without fiber Internet",,20201006-1030
https://arstechnica.com/cars/2020/10/45-minutes-on-the-road-in-a-prototype-volkswagen-id-4-electric-car/,45 minutes on the road in a prototype Volkswagen ID.4 electric car,,20201006-1030
https://arstechnica.com/gaming/2020/10/the-history-of-galloping-ghost-the-usas-largest-classic-arcade/,"The history of Galloping Ghost, the USA’s largest classic arcade",,20201006-1030
https://arstechnica.com/gadgets/2020/10/disney-marvel-and-pixar-movies-now-available-in-4k-hdr-on-apple-tv-and-itunes/,"Disney, Marvel, and Pixar movies now available in 4K HDR on Apple TV and iTunes",,20201006-1030
https://arstechnica.com/tech-policy/2020/10/excel-glitch-may-have-caused-uk-to-underreport-covid-19-cases-by-15841/,"Botched Excel import may have caused loss of 15,841 UK COVID-19 cases",,20201006-1030
https://arstechnica.com/science/2020/10/metal-detector-enthusiasts-find-6th-century-anglo-saxon-warriors-grave/,Metal detector enthusiasts find 6th-century Anglo-Saxon warrior’s grave,,20201006-1030
https://arstechnica.com/information-technology/2020/10/custom-made-uefi-bootkit-found-lurking-in-the-wild/,Custom-made UEFI bootkit found lurking in the wild,,20201006-1030
https://arstechnica.com/science/2020/10/nasa-safety-panel-raises-doubts-about-software-testing-for-moon-missions/,Safety panel has “great concern” about NASA plans to test Moon mission software,,20201006-1030
https://arstechnica.com/science/2020/10/archaeologists-find-evidence-of-neurons-in-glassy-brain-of-vesuvius-victim/,Archaeologists find evidence of neurons in glassy brain of Vesuvius victim,,20201006-1030
https://arstechnica.com/cars/2020/10/typical-subaru-and-thats-good-the-2020-outback-reviewed/,2020 Subaru Outback is fan service in the best possible way,,20201006-1030
https://arstechnica.com/tech-policy/2020/10/this-congressperson-wants-to-ramp-up-covid-19-testing/,This congressperson wants to ramp up COVID-19 testing,,20201006-1030
https://arstechnica.com/gaming/2020/09/lgrs-clint-basinger-plumbs-the-depths-of-retro-computing-and-his-youtube-comments/,LGR’s Clint Basinger plumbs the depths of retro computing—and his YouTube comments,,20201006-1030
https://arstechnica.com/science/2020/10/after-two-scrubs-elon-musk-says-he-will-visit-spacex-launch-sites-in-florida/,"After two scrubs, Elon Musk says he will visit SpaceX launch sites in Florida",,20201006-1030
https://arstechnica.com/science/2020/10/trump-tested-positive-for-coronavirus-wednesday-doctor-reveals-in-briefing/,"Trump’s doctor dodges questions, suggests president tested positive Wednesday",,20201006-1030
https://arstechnica.com/gadgets/2020/10/ipad-2020-micro-review-battle-tested-and-more-than-fast-enough/,iPad (2020) micro-review: Battle-tested and more than fast enough,,20201006-1030
https://arstechnica.com/information-technology/2020/10/russias-fancy-bear-hackers-likely-penetrated-a-federal-agency/,Russia’s Fancy Bear hackers likely penetrated a federal agency,,20201006-1030
https://arstechnica.com/gaming/2020/10/publishers-worry-as-ebooks-fly-off-libraries-virtual-shelves/,Publishers worry as ebooks fly off libraries’ virtual shelves,,20201006-1030
https://arstechnica.com/science/2020/10/trumps-infection-outlook-with-covid-19-and-the-likelihood-of-white-house-spread/,"Trump’s infection, outlook with COVID-19 and the risk of White House spread [Updated]",,20201006-1030
https://arstechnica.com/cars/2020/10/after-12-years-mitsubishi-kills-the-i-miev-electric-car/,"After 12 years, Mitsubishi kills the i-MiEV electric car",,20201006-1030
https://arstechnica.com/gaming/2020/10/review-raised-by-wolves-squanders-early-promise-with-clumsy-bizarre-finale/,"Review: Raised by Wolves squanders early promise with clumsy, bizarre finale",,20201006-1030
https://arstechnica.com/cars/2020/10/honda-shocks-f1-says-it-will-quit-the-sport-after-2021/,"Honda shocks F1, says it will quit the sport after 2021",,20201006-1030
https://arstechnica.com/science/2020/10/last-years-us-emissions-went-down-after-2018-uptick/,Last year’s US emissions went down after 2018 uptick,,20201006-1030
https://arstechnica.com/tech-policy/2020/10/nikola-tries-to-silence-critics-with-copyright-takedowns-of-youtube-videos/,Nikola issues copyright takedowns against critics who use rolling-truck clip,,20201006-1030
https://arstechnica.com/tech-policy/2020/10/nearly-20000-workers-have-had-covid-19-amazon-admits/,"Nearly 20,000 workers have had COVID-19, Amazon admits",,20201006-1030
https://arstechnica.com/science/2020/10/spacex-northrop-seek-to-break-launch-gremlin-curse-with-friday-night-attempts/,"SpaceX, Northrop seek to break launch gremlin curse with Friday night attempts",,20201006-1030
https://arstechnica.com/cars/2020/10/tesla-delivers-140000-vehicles-smashing-previous-records/,"Tesla delivers 140,000 vehicles, smashing previous records",,20201006-1030
https://arstechnica.com/science/2020/10/rocket-report-an-old-centaur-comes-home-super-heavy-construction-begins/,"Rocket Report: An old Centaur comes home, Super Heavy construction begins",,20201006-1030
https://arstechnica.com/science/2020/10/president-trump-melania-and-i-tested-positive-for-covid-19/,President Trump: “Melania and I tested positive for COVID-19”,,20201006-1030
https://arstechnica.com/features/2020/10/the-space-operating-systems-booting-up-where-no-one-has-gone-before/,Definitely not Windows 95: What operating systems keep things running in space?,,20201006-1100
https://arstechnica.com/information-technology/2020/10/boom-hacked-page-on-mobile-phone-website-is-stealing-customers-card-data/,Boom! Hacked page on mobile phone website is stealing customers’ card data,,20201006-1100
https://arstechnica.com/science/2020/10/doctors-still-evasive-on-trumps-health-as-he-leaves-hospital/,Doctors still evasive on Trump’s health as he leaves hospital,,20201006-1100
https://arstechnica.com/cars/2020/10/nothing-beats-the-honda-civic-type-r-in-terms-of-driving-fun-per-dollar/,The Honda Civic Type-R is more fun to drive than a supercar,,20201006-1100
https://arstechnica.com/gadgets/2020/10/youtube-music-opens-up-google-cast-support-for-everyone/,YouTube Music drops monthly fee for Chromecast support,,20201006-1100
https://arstechnica.com/staff/2020/10/dealmaster-a-number-of-first-party-nintendo-switch-games-are-on-sale-today/,A number of first-party Nintendo Switch games are on sale today,,20201006-1100
https://arstechnica.com/gaming/2020/10/latest-free-guy-trailer-is-giving-us-strong-upload-vibes/,Latest Free Guy trailer is giving us strong Upload vibes,,20201006-1100
https://arstechnica.com/gaming/2020/10/playstation-5-runs-cool-and-quiet-according-to-initial-hands-on-reportss/,"PlayStation 5 runs cool and quiet, according to initial hands-on reports",,20201006-1100
https://arstechnica.com/science/2020/10/a-nobel-prize-for-the-discovery-of-hepatitis-c/,A decades-long struggle to find a virus wins the Nobel,,20201006-1100
https://arstechnica.com/tech-policy/2020/10/life-in-atts-slow-lane-millions-left-without-fiber-as-company-kills-dsl/,"AT&T kills DSL, leaves tens of millions of homes without fiber Internet",,20201006-1100
https://arstechnica.com/cars/2020/10/45-minutes-on-the-road-in-a-prototype-volkswagen-id-4-electric-car/,45 minutes on the road in a prototype Volkswagen ID.4 electric car,,20201006-1100
https://arstechnica.com/gaming/2020/10/the-history-of-galloping-ghost-the-usas-largest-classic-arcade/,"The history of Galloping Ghost, the USA’s largest classic arcade",,20201006-1100
https://arstechnica.com/gadgets/2020/10/disney-marvel-and-pixar-movies-now-available-in-4k-hdr-on-apple-tv-and-itunes/,"Disney, Marvel, and Pixar movies now available in 4K HDR on Apple TV and iTunes",,20201006-1100
https://arstechnica.com/tech-policy/2020/10/excel-glitch-may-have-caused-uk-to-underreport-covid-19-cases-by-15841/,"Botched Excel import may have caused loss of 15,841 UK COVID-19 cases",,20201006-1100
https://arstechnica.com/science/2020/10/metal-detector-enthusiasts-find-6th-century-anglo-saxon-warriors-grave/,Metal detector enthusiasts find 6th-century Anglo-Saxon warrior’s grave,,20201006-1100
https://arstechnica.com/information-technology/2020/10/custom-made-uefi-bootkit-found-lurking-in-the-wild/,Custom-made UEFI bootkit found lurking in the wild,,20201006-1100
https://arstechnica.com/science/2020/10/nasa-safety-panel-raises-doubts-about-software-testing-for-moon-missions/,Safety panel has “great concern” about NASA plans to test Moon mission software,,20201006-1100
https://arstechnica.com/science/2020/10/archaeologists-find-evidence-of-neurons-in-glassy-brain-of-vesuvius-victim/,Archaeologists find evidence of neurons in glassy brain of Vesuvius victim,,20201006-1100
https://arstechnica.com/cars/2020/10/typical-subaru-and-thats-good-the-2020-outback-reviewed/,2020 Subaru Outback is fan service in the best possible way,,20201006-1100
https://arstechnica.com/tech-policy/2020/10/this-congressperson-wants-to-ramp-up-covid-19-testing/,This congressperson wants to ramp up COVID-19 testing,,20201006-1100
https://arstechnica.com/gaming/2020/09/lgrs-clint-basinger-plumbs-the-depths-of-retro-computing-and-his-youtube-comments/,LGR’s Clint Basinger plumbs the depths of retro computing—and his YouTube comments,,20201006-1100
https://arstechnica.com/science/2020/10/after-two-scrubs-elon-musk-says-he-will-visit-spacex-launch-sites-in-florida/,"After two scrubs, Elon Musk says he will visit SpaceX launch sites in Florida",,20201006-1100
https://arstechnica.com/science/2020/10/trump-tested-positive-for-coronavirus-wednesday-doctor-reveals-in-briefing/,"Trump’s doctor dodges questions, suggests president tested positive Wednesday",,20201006-1100
https://arstechnica.com/gadgets/2020/10/ipad-2020-micro-review-battle-tested-and-more-than-fast-enough/,iPad (2020) micro-review: Battle-tested and more than fast enough,,20201006-1100
https://arstechnica.com/information-technology/2020/10/russias-fancy-bear-hackers-likely-penetrated-a-federal-agency/,Russia’s Fancy Bear hackers likely penetrated a federal agency,,20201006-1100
https://arstechnica.com/gaming/2020/10/publishers-worry-as-ebooks-fly-off-libraries-virtual-shelves/,Publishers worry as ebooks fly off libraries’ virtual shelves,,20201006-1100
https://arstechnica.com/science/2020/10/trumps-infection-outlook-with-covid-19-and-the-likelihood-of-white-house-spread/,"Trump’s infection, outlook with COVID-19 and the risk of White House spread [Updated]",,20201006-1100
https://arstechnica.com/cars/2020/10/after-12-years-mitsubishi-kills-the-i-miev-electric-car/,"After 12 years, Mitsubishi kills the i-MiEV electric car",,20201006-1100
https://arstechnica.com/gaming/2020/10/review-raised-by-wolves-squanders-early-promise-with-clumsy-bizarre-finale/,"Review: Raised by Wolves squanders early promise with clumsy, bizarre finale",,20201006-1100
https://arstechnica.com/cars/2020/10/honda-shocks-f1-says-it-will-quit-the-sport-after-2021/,"Honda shocks F1, says it will quit the sport after 2021",,20201006-1100
https://arstechnica.com/science/2020/10/last-years-us-emissions-went-down-after-2018-uptick/,Last year’s US emissions went down after 2018 uptick,,20201006-1100
https://arstechnica.com/tech-policy/2020/10/nikola-tries-to-silence-critics-with-copyright-takedowns-of-youtube-videos/,Nikola issues copyright takedowns against critics who use rolling-truck clip,,20201006-1100
https://arstechnica.com/tech-policy/2020/10/nearly-20000-workers-have-had-covid-19-amazon-admits/,"Nearly 20,000 workers have had COVID-19, Amazon admits",,20201006-1100
https://arstechnica.com/science/2020/10/spacex-northrop-seek-to-break-launch-gremlin-curse-with-friday-night-attempts/,"SpaceX, Northrop seek to break launch gremlin curse with Friday night attempts",,20201006-1100
https://arstechnica.com/cars/2020/10/tesla-delivers-140000-vehicles-smashing-previous-records/,"Tesla delivers 140,000 vehicles, smashing previous records",,20201006-1100
https://arstechnica.com/science/2020/10/rocket-report-an-old-centaur-comes-home-super-heavy-construction-begins/,"Rocket Report: An old Centaur comes home, Super Heavy construction begins",,20201006-1100
https://arstechnica.com/science/2020/10/president-trump-melania-and-i-tested-positive-for-covid-19/,President Trump: “Melania and I tested positive for COVID-19”,,20201006-1100
https://arstechnica.com/features/2020/10/the-space-operating-systems-booting-up-where-no-one-has-gone-before/,Definitely not Windows 95: What operating systems keep things running in space?,,20201006-1130
https://arstechnica.com/science/2020/10/archaeologists-delved-into-medieval-cesspits-to-study-old-gut-microbiomes/,Archaeologists delved into medieval cesspits to study old gut microbiomes,,20201006-1130
https://arstechnica.com/information-technology/2020/10/boom-hacked-page-on-mobile-phone-website-is-stealing-customers-card-data/,Boom! Hacked page on mobile phone website is stealing customers’ card data,,20201006-1130
https://arstechnica.com/science/2020/10/doctors-still-evasive-on-trumps-health-as-he-leaves-hospital/,Doctors still evasive on Trump’s health as he leaves hospital,,20201006-1130
https://arstechnica.com/cars/2020/10/nothing-beats-the-honda-civic-type-r-in-terms-of-driving-fun-per-dollar/,The Honda Civic Type-R is more fun to drive than a supercar,,20201006-1130
https://arstechnica.com/gadgets/2020/10/youtube-music-opens-up-google-cast-support-for-everyone/,YouTube Music drops monthly fee for Chromecast support,,20201006-1130
https://arstechnica.com/staff/2020/10/dealmaster-a-number-of-first-party-nintendo-switch-games-are-on-sale-today/,A number of first-party Nintendo Switch games are on sale today,,20201006-1130
https://arstechnica.com/gaming/2020/10/latest-free-guy-trailer-is-giving-us-strong-upload-vibes/,Latest Free Guy trailer is giving us strong Upload vibes,,20201006-1130
https://arstechnica.com/gaming/2020/10/playstation-5-runs-cool-and-quiet-according-to-initial-hands-on-reportss/,"PlayStation 5 runs cool and quiet, according to initial hands-on reports",,20201006-1130
https://arstechnica.com/science/2020/10/a-nobel-prize-for-the-discovery-of-hepatitis-c/,A decades-long struggle to find a virus wins the Nobel,,20201006-1130
https://arstechnica.com/tech-policy/2020/10/life-in-atts-slow-lane-millions-left-without-fiber-as-company-kills-dsl/,"AT&T kills DSL, leaves tens of millions of homes without fiber Internet",,20201006-1130
https://arstechnica.com/cars/2020/10/45-minutes-on-the-road-in-a-prototype-volkswagen-id-4-electric-car/,45 minutes on the road in a prototype Volkswagen ID.4 electric car,,20201006-1130
https://arstechnica.com/gaming/2020/10/the-history-of-galloping-ghost-the-usas-largest-classic-arcade/,"The history of Galloping Ghost, the USA’s largest classic arcade",,20201006-1130
https://arstechnica.com/gadgets/2020/10/disney-marvel-and-pixar-movies-now-available-in-4k-hdr-on-apple-tv-and-itunes/,"Disney, Marvel, and Pixar movies now available in 4K HDR on Apple TV and iTunes",,20201006-1130
https://arstechnica.com/tech-policy/2020/10/excel-glitch-may-have-caused-uk-to-underreport-covid-19-cases-by-15841/,"Botched Excel import may have caused loss of 15,841 UK COVID-19 cases",,20201006-1130
https://arstechnica.com/science/2020/10/metal-detector-enthusiasts-find-6th-century-anglo-saxon-warriors-grave/,Metal detector enthusiasts find 6th-century Anglo-Saxon warrior’s grave,,20201006-1130
https://arstechnica.com/information-technology/2020/10/custom-made-uefi-bootkit-found-lurking-in-the-wild/,Custom-made UEFI bootkit found lurking in the wild,,20201006-1130
https://arstechnica.com/science/2020/10/nasa-safety-panel-raises-doubts-about-software-testing-for-moon-missions/,Safety panel has “great concern” about NASA plans to test Moon mission software,,20201006-1130
https://arstechnica.com/science/2020/10/archaeologists-find-evidence-of-neurons-in-glassy-brain-of-vesuvius-victim/,Archaeologists find evidence of neurons in glassy brain of Vesuvius victim,,20201006-1130
https://arstechnica.com/cars/2020/10/typical-subaru-and-thats-good-the-2020-outback-reviewed/,2020 Subaru Outback is fan service in the best possible way,,20201006-1130
https://arstechnica.com/gaming/2020/09/lgrs-clint-basinger-plumbs-the-depths-of-retro-computing-and-his-youtube-comments/,LGR’s Clint Basinger plumbs the depths of retro computing—and his YouTube comments,,20201006-1130
https://arstechnica.com/tech-policy/2020/10/this-congressperson-wants-to-ramp-up-covid-19-testing/,This congressperson wants to ramp up COVID-19 testing,,20201006-1130
https://arstechnica.com/science/2020/10/after-two-scrubs-elon-musk-says-he-will-visit-spacex-launch-sites-in-florida/,"After two scrubs, Elon Musk says he will visit SpaceX launch sites in Florida",,20201006-1130
https://arstechnica.com/science/2020/10/trump-tested-positive-for-coronavirus-wednesday-doctor-reveals-in-briefing/,"Trump’s doctor dodges questions, suggests president tested positive Wednesday",,20201006-1130
https://arstechnica.com/gadgets/2020/10/ipad-2020-micro-review-battle-tested-and-more-than-fast-enough/,iPad (2020) micro-review: Battle-tested and more than fast enough,,20201006-1130
https://arstechnica.com/information-technology/2020/10/russias-fancy-bear-hackers-likely-penetrated-a-federal-agency/,Russia’s Fancy Bear hackers likely penetrated a federal agency,,20201006-1130
https://arstechnica.com/gaming/2020/10/publishers-worry-as-ebooks-fly-off-libraries-virtual-shelves/,Publishers worry as ebooks fly off libraries’ virtual shelves,,20201006-1130
https://arstechnica.com/science/2020/10/trumps-infection-outlook-with-covid-19-and-the-likelihood-of-white-house-spread/,"Trump’s infection, outlook with COVID-19 and the risk of White House spread [Updated]",,20201006-1130
https://arstechnica.com/cars/2020/10/after-12-years-mitsubishi-kills-the-i-miev-electric-car/,"After 12 years, Mitsubishi kills the i-MiEV electric car",,20201006-1130
https://arstechnica.com/gaming/2020/10/review-raised-by-wolves-squanders-early-promise-with-clumsy-bizarre-finale/,"Review: Raised by Wolves squanders early promise with clumsy, bizarre finale",,20201006-1130
https://arstechnica.com/cars/2020/10/honda-shocks-f1-says-it-will-quit-the-sport-after-2021/,"Honda shocks F1, says it will quit the sport after 2021",,20201006-1130
https://arstechnica.com/science/2020/10/last-years-us-emissions-went-down-after-2018-uptick/,Last year’s US emissions went down after 2018 uptick,,20201006-1130
https://arstechnica.com/tech-policy/2020/10/nikola-tries-to-silence-critics-with-copyright-takedowns-of-youtube-videos/,Nikola issues copyright takedowns against critics who use rolling-truck clip,,20201006-1130
https://arstechnica.com/tech-policy/2020/10/nearly-20000-workers-have-had-covid-19-amazon-admits/,"Nearly 20,000 workers have had COVID-19, Amazon admits",,20201006-1130
https://arstechnica.com/science/2020/10/spacex-northrop-seek-to-break-launch-gremlin-curse-with-friday-night-attempts/,"SpaceX, Northrop seek to break launch gremlin curse with Friday night attempts",,20201006-1130
https://arstechnica.com/cars/2020/10/tesla-delivers-140000-vehicles-smashing-previous-records/,"Tesla delivers 140,000 vehicles, smashing previous records",,20201006-1130
https://arstechnica.com/science/2020/10/rocket-report-an-old-centaur-comes-home-super-heavy-construction-begins/,"Rocket Report: An old Centaur comes home, Super Heavy construction begins",,20201006-1130
https://arstechnica.com/science/2020/10/why-has-virgin-orbit-spent-so-much-on-its-rocket-and-will-it-ever-be-profitable/,"Virgin Orbit has a unique launch capability, but it’s come at a high price",,20201006-1200
https://arstechnica.com/tech-policy/2020/10/facebooks-endless-quest-for-engagement-is-dangerous-for-us-all/,Facebook’s latest “groups” disaster will only make it more toxic,,20201006-1200
https://arstechnica.com/science/2020/10/archaeologists-delved-into-medieval-cesspits-to-study-old-gut-microbiomes/,Archaeologists delved into medieval cesspits to study old gut microbiomes,,20201006-1200
https://arstechnica.com/information-technology/2020/10/boom-hacked-page-on-mobile-phone-website-is-stealing-customers-card-data/,Boom! Hacked page on mobile phone website is stealing customers’ card data,,20201006-1200
https://arstechnica.com/science/2020/10/doctors-still-evasive-on-trumps-health-as-he-leaves-hospital/,Doctors still evasive on Trump’s health as he leaves hospital,,20201006-1200
https://arstechnica.com/cars/2020/10/nothing-beats-the-honda-civic-type-r-in-terms-of-driving-fun-per-dollar/,The Honda Civic Type-R is more fun to drive than a supercar,,20201006-1200
https://arstechnica.com/gadgets/2020/10/youtube-music-opens-up-google-cast-support-for-everyone/,YouTube Music drops monthly fee for Chromecast support,,20201006-1200
https://arstechnica.com/staff/2020/10/dealmaster-a-number-of-first-party-nintendo-switch-games-are-on-sale-today/,A number of first-party Nintendo Switch games are on sale today,,20201006-1200
https://arstechnica.com/gaming/2020/10/latest-free-guy-trailer-is-giving-us-strong-upload-vibes/,Latest Free Guy trailer is giving us strong Upload vibes,,20201006-1200
https://arstechnica.com/gaming/2020/10/playstation-5-runs-cool-and-quiet-according-to-initial-hands-on-reportss/,"PlayStation 5 runs cool and quiet, according to initial hands-on reports",,20201006-1200
https://arstechnica.com/science/2020/10/a-nobel-prize-for-the-discovery-of-hepatitis-c/,A decades-long struggle to find a virus wins the Nobel,,20201006-1200
https://arstechnica.com/tech-policy/2020/10/life-in-atts-slow-lane-millions-left-without-fiber-as-company-kills-dsl/,"AT&T kills DSL, leaves tens of millions of homes without fiber Internet",,20201006-1200
https://arstechnica.com/cars/2020/10/45-minutes-on-the-road-in-a-prototype-volkswagen-id-4-electric-car/,45 minutes on the road in a prototype Volkswagen ID.4 electric car,,20201006-1200
https://arstechnica.com/gaming/2020/10/the-history-of-galloping-ghost-the-usas-largest-classic-arcade/,"The history of Galloping Ghost, the USA’s largest classic arcade",,20201006-1200
https://arstechnica.com/gadgets/2020/10/disney-marvel-and-pixar-movies-now-available-in-4k-hdr-on-apple-tv-and-itunes/,"Disney, Marvel, and Pixar movies now available in 4K HDR on Apple TV and iTunes",,20201006-1200
https://arstechnica.com/tech-policy/2020/10/excel-glitch-may-have-caused-uk-to-underreport-covid-19-cases-by-15841/,"Botched Excel import may have caused loss of 15,841 UK COVID-19 cases",,20201006-1200
https://arstechnica.com/science/2020/10/metal-detector-enthusiasts-find-6th-century-anglo-saxon-warriors-grave/,Metal detector enthusiasts find 6th-century Anglo-Saxon warrior’s grave,,20201006-1200
https://arstechnica.com/information-technology/2020/10/custom-made-uefi-bootkit-found-lurking-in-the-wild/,Custom-made UEFI bootkit found lurking in the wild,,20201006-1200
https://arstechnica.com/science/2020/10/nasa-safety-panel-raises-doubts-about-software-testing-for-moon-missions/,Safety panel has “great concern” about NASA plans to test Moon mission software,,20201006-1200
https://arstechnica.com/science/2020/10/archaeologists-find-evidence-of-neurons-in-glassy-brain-of-vesuvius-victim/,Archaeologists find evidence of neurons in glassy brain of Vesuvius victim,,20201006-1200
https://arstechnica.com/gaming/2020/09/lgrs-clint-basinger-plumbs-the-depths-of-retro-computing-and-his-youtube-comments/,LGR’s Clint Basinger plumbs the depths of retro computing—and his YouTube comments,,20201006-1200
https://arstechnica.com/cars/2020/10/typical-subaru-and-thats-good-the-2020-outback-reviewed/,2020 Subaru Outback is fan service in the best possible way,,20201006-1200
https://arstechnica.com/tech-policy/2020/10/this-congressperson-wants-to-ramp-up-covid-19-testing/,This congressperson wants to ramp up COVID-19 testing,,20201006-1200
https://arstechnica.com/science/2020/10/after-two-scrubs-elon-musk-says-he-will-visit-spacex-launch-sites-in-florida/,"After two scrubs, Elon Musk says he will visit SpaceX launch sites in Florida",,20201006-1200
https://arstechnica.com/science/2020/10/trump-tested-positive-for-coronavirus-wednesday-doctor-reveals-in-briefing/,"Trump’s doctor dodges questions, suggests president tested positive Wednesday",,20201006-1200
https://arstechnica.com/gadgets/2020/10/ipad-2020-micro-review-battle-tested-and-more-than-fast-enough/,iPad (2020) micro-review: Battle-tested and more than fast enough,,20201006-1200
https://arstechnica.com/information-technology/2020/10/russias-fancy-bear-hackers-likely-penetrated-a-federal-agency/,Russia’s Fancy Bear hackers likely penetrated a federal agency,,20201006-1200
https://arstechnica.com/gaming/2020/10/publishers-worry-as-ebooks-fly-off-libraries-virtual-shelves/,Publishers worry as ebooks fly off libraries’ virtual shelves,,20201006-1200
https://arstechnica.com/science/2020/10/trumps-infection-outlook-with-covid-19-and-the-likelihood-of-white-house-spread/,"Trump’s infection, outlook with COVID-19 and the risk of White House spread [Updated]",,20201006-1200
https://arstechnica.com/cars/2020/10/after-12-years-mitsubishi-kills-the-i-miev-electric-car/,"After 12 years, Mitsubishi kills the i-MiEV electric car",,20201006-1200
https://arstechnica.com/gaming/2020/10/review-raised-by-wolves-squanders-early-promise-with-clumsy-bizarre-finale/,"Review: Raised by Wolves squanders early promise with clumsy, bizarre finale",,20201006-1200
https://arstechnica.com/cars/2020/10/honda-shocks-f1-says-it-will-quit-the-sport-after-2021/,"Honda shocks F1, says it will quit the sport after 2021",,20201006-1200
https://arstechnica.com/science/2020/10/last-years-us-emissions-went-down-after-2018-uptick/,Last year’s US emissions went down after 2018 uptick,,20201006-1200
https://arstechnica.com/tech-policy/2020/10/nikola-tries-to-silence-critics-with-copyright-takedowns-of-youtube-videos/,Nikola issues copyright takedowns against critics who use rolling-truck clip,,20201006-1200
https://arstechnica.com/tech-policy/2020/10/nearly-20000-workers-have-had-covid-19-amazon-admits/,"Nearly 20,000 workers have had COVID-19, Amazon admits",,20201006-1200
https://arstechnica.com/science/2020/10/spacex-northrop-seek-to-break-launch-gremlin-curse-with-friday-night-attempts/,"SpaceX, Northrop seek to break launch gremlin curse with Friday night attempts",,20201006-1200
https://arstechnica.com/cars/2020/10/tesla-delivers-140000-vehicles-smashing-previous-records/,"Tesla delivers 140,000 vehicles, smashing previous records",,20201006-1200
https://arstechnica.com/science/2020/10/why-has-virgin-orbit-spent-so-much-on-its-rocket-and-will-it-ever-be-profitable/,"Virgin Orbit has a unique launch capability, but it’s come at a high price",,20201006-1230
https://arstechnica.com/tech-policy/2020/10/facebooks-endless-quest-for-engagement-is-dangerous-for-us-all/,Facebook’s latest “groups” disaster will only make it more toxic,,20201006-1230
https://arstechnica.com/science/2020/10/archaeologists-delved-into-medieval-cesspits-to-study-old-gut-microbiomes/,Archaeologists delved into medieval cesspits to study old gut microbiomes,,20201006-1230
https://arstechnica.com/information-technology/2020/10/boom-hacked-page-on-mobile-phone-website-is-stealing-customers-card-data/,Boom! Hacked page on mobile phone website is stealing customers’ card data,,20201006-1230
https://arstechnica.com/science/2020/10/doctors-still-evasive-on-trumps-health-as-he-leaves-hospital/,Doctors still evasive on Trump’s health as he leaves hospital,,20201006-1230
https://arstechnica.com/cars/2020/10/nothing-beats-the-honda-civic-type-r-in-terms-of-driving-fun-per-dollar/,The Honda Civic Type-R is more fun to drive than a supercar,,20201006-1230
https://arstechnica.com/gadgets/2020/10/youtube-music-opens-up-google-cast-support-for-everyone/,YouTube Music drops monthly fee for Chromecast support,,20201006-1230
https://arstechnica.com/staff/2020/10/dealmaster-a-number-of-first-party-nintendo-switch-games-are-on-sale-today/,A number of first-party Nintendo Switch games are on sale today,,20201006-1230
https://arstechnica.com/gaming/2020/10/latest-free-guy-trailer-is-giving-us-strong-upload-vibes/,Latest Free Guy trailer is giving us strong Upload vibes,,20201006-1230
https://arstechnica.com/gaming/2020/10/playstation-5-runs-cool-and-quiet-according-to-initial-hands-on-reportss/,"PlayStation 5 runs cool and quiet, according to initial hands-on reports",,20201006-1230
https://arstechnica.com/science/2020/10/a-nobel-prize-for-the-discovery-of-hepatitis-c/,A decades-long struggle to find a virus wins the Nobel,,20201006-1230
https://arstechnica.com/tech-policy/2020/10/life-in-atts-slow-lane-millions-left-without-fiber-as-company-kills-dsl/,"AT&T kills DSL, leaves tens of millions of homes without fiber Internet",,20201006-1230
https://arstechnica.com/cars/2020/10/45-minutes-on-the-road-in-a-prototype-volkswagen-id-4-electric-car/,45 minutes on the road in a prototype Volkswagen ID.4 electric car,,20201006-1230
https://arstechnica.com/gaming/2020/10/the-history-of-galloping-ghost-the-usas-largest-classic-arcade/,"The history of Galloping Ghost, the USA’s largest classic arcade",,20201006-1230
https://arstechnica.com/gadgets/2020/10/disney-marvel-and-pixar-movies-now-available-in-4k-hdr-on-apple-tv-and-itunes/,"Disney, Marvel, and Pixar movies now available in 4K HDR on Apple TV and iTunes",,20201006-1230
https://arstechnica.com/tech-policy/2020/10/excel-glitch-may-have-caused-uk-to-underreport-covid-19-cases-by-15841/,"Botched Excel import may have caused loss of 15,841 UK COVID-19 cases",,20201006-1230
https://arstechnica.com/science/2020/10/metal-detector-enthusiasts-find-6th-century-anglo-saxon-warriors-grave/,Metal detector enthusiasts find 6th-century Anglo-Saxon warrior’s grave,,20201006-1230
https://arstechnica.com/information-technology/2020/10/custom-made-uefi-bootkit-found-lurking-in-the-wild/,Custom-made UEFI bootkit found lurking in the wild,,20201006-1230
https://arstechnica.com/science/2020/10/nasa-safety-panel-raises-doubts-about-software-testing-for-moon-missions/,Safety panel has “great concern” about NASA plans to test Moon mission software,,20201006-1230
https://arstechnica.com/science/2020/10/archaeologists-find-evidence-of-neurons-in-glassy-brain-of-vesuvius-victim/,Archaeologists find evidence of neurons in glassy brain of Vesuvius victim,,20201006-1230
https://arstechnica.com/gaming/2020/09/lgrs-clint-basinger-plumbs-the-depths-of-retro-computing-and-his-youtube-comments/,LGR’s Clint Basinger plumbs the depths of retro computing—and his YouTube comments,,20201006-1230
https://arstechnica.com/cars/2020/10/typical-subaru-and-thats-good-the-2020-outback-reviewed/,2020 Subaru Outback is fan service in the best possible way,,20201006-1230
https://arstechnica.com/tech-policy/2020/10/this-congressperson-wants-to-ramp-up-covid-19-testing/,This congressperson wants to ramp up COVID-19 testing,,20201006-1230
https://arstechnica.com/science/2020/10/after-two-scrubs-elon-musk-says-he-will-visit-spacex-launch-sites-in-florida/,"After two scrubs, Elon Musk says he will visit SpaceX launch sites in Florida",,20201006-1230
https://arstechnica.com/science/2020/10/trump-tested-positive-for-coronavirus-wednesday-doctor-reveals-in-briefing/,"Trump’s doctor dodges questions, suggests president tested positive Wednesday",,20201006-1230
https://arstechnica.com/gadgets/2020/10/ipad-2020-micro-review-battle-tested-and-more-than-fast-enough/,iPad (2020) micro-review: Battle-tested and more than fast enough,,20201006-1230
https://arstechnica.com/information-technology/2020/10/russias-fancy-bear-hackers-likely-penetrated-a-federal-agency/,Russia’s Fancy Bear hackers likely penetrated a federal agency,,20201006-1230
https://arstechnica.com/gaming/2020/10/publishers-worry-as-ebooks-fly-off-libraries-virtual-shelves/,Publishers worry as ebooks fly off libraries’ virtual shelves,,20201006-1230
https://arstechnica.com/science/2020/10/trumps-infection-outlook-with-covid-19-and-the-likelihood-of-white-house-spread/,"Trump’s infection, outlook with COVID-19 and the risk of White House spread [Updated]",,20201006-1230
https://arstechnica.com/cars/2020/10/after-12-years-mitsubishi-kills-the-i-miev-electric-car/,"After 12 years, Mitsubishi kills the i-MiEV electric car",,20201006-1230
https://arstechnica.com/gaming/2020/10/review-raised-by-wolves-squanders-early-promise-with-clumsy-bizarre-finale/,"Review: Raised by Wolves squanders early promise with clumsy, bizarre finale",,20201006-1230
https://arstechnica.com/cars/2020/10/honda-shocks-f1-says-it-will-quit-the-sport-after-2021/,"Honda shocks F1, says it will quit the sport after 2021",,20201006-1230
https://arstechnica.com/science/2020/10/last-years-us-emissions-went-down-after-2018-uptick/,Last year’s US emissions went down after 2018 uptick,,20201006-1230
https://arstechnica.com/tech-policy/2020/10/nikola-tries-to-silence-critics-with-copyright-takedowns-of-youtube-videos/,Nikola issues copyright takedowns against critics who use rolling-truck clip,,20201006-1230
https://arstechnica.com/tech-policy/2020/10/nearly-20000-workers-have-had-covid-19-amazon-admits/,"Nearly 20,000 workers have had COVID-19, Amazon admits",,20201006-1230
https://arstechnica.com/science/2020/10/spacex-northrop-seek-to-break-launch-gremlin-curse-with-friday-night-attempts/,"SpaceX, Northrop seek to break launch gremlin curse with Friday night attempts",,20201006-1230
https://arstechnica.com/cars/2020/10/tesla-delivers-140000-vehicles-smashing-previous-records/,"Tesla delivers 140,000 vehicles, smashing previous records",,20201006-1230
https://arstechnica.com/science/2020/10/why-has-virgin-orbit-spent-so-much-on-its-rocket-and-will-it-ever-be-profitable/,"Virgin Orbit has a unique launch capability, but it’s come at a high price",,20201006-1300
https://arstechnica.com/tech-policy/2020/10/facebooks-endless-quest-for-engagement-is-dangerous-for-us-all/,Facebook’s latest “groups” disaster will only make it more toxic,,20201006-1300
https://arstechnica.com/science/2020/10/archaeologists-delved-into-medieval-cesspits-to-study-old-gut-microbiomes/,Archaeologists delved into medieval cesspits to study old gut microbiomes,,20201006-1300
https://arstechnica.com/information-technology/2020/10/boom-hacked-page-on-mobile-phone-website-is-stealing-customers-card-data/,Boom! Hacked page on mobile phone website is stealing customers’ card data,,20201006-1300
https://arstechnica.com/science/2020/10/doctors-still-evasive-on-trumps-health-as-he-leaves-hospital/,Doctors still evasive on Trump’s health as he leaves hospital,,20201006-1300
https://arstechnica.com/cars/2020/10/nothing-beats-the-honda-civic-type-r-in-terms-of-driving-fun-per-dollar/,The Honda Civic Type-R is more fun to drive than a supercar,,20201006-1300
https://arstechnica.com/gadgets/2020/10/youtube-music-opens-up-google-cast-support-for-everyone/,YouTube Music drops monthly fee for Chromecast support,,20201006-1300
https://arstechnica.com/staff/2020/10/dealmaster-a-number-of-first-party-nintendo-switch-games-are-on-sale-today/,A number of first-party Nintendo Switch games are on sale today,,20201006-1300
https://arstechnica.com/gaming/2020/10/latest-free-guy-trailer-is-giving-us-strong-upload-vibes/,Latest Free Guy trailer is giving us strong Upload vibes,,20201006-1300
https://arstechnica.com/gaming/2020/10/playstation-5-runs-cool-and-quiet-according-to-initial-hands-on-reportss/,"PlayStation 5 runs cool and quiet, according to initial hands-on reports",,20201006-1300
https://arstechnica.com/science/2020/10/a-nobel-prize-for-the-discovery-of-hepatitis-c/,A decades-long struggle to find a virus wins the Nobel,,20201006-1300
https://arstechnica.com/tech-policy/2020/10/life-in-atts-slow-lane-millions-left-without-fiber-as-company-kills-dsl/,"AT&T kills DSL, leaves tens of millions of homes without fiber Internet",,20201006-1300
https://arstechnica.com/cars/2020/10/45-minutes-on-the-road-in-a-prototype-volkswagen-id-4-electric-car/,45 minutes on the road in a prototype Volkswagen ID.4 electric car,,20201006-1300
https://arstechnica.com/gaming/2020/10/the-history-of-galloping-ghost-the-usas-largest-classic-arcade/,"The history of Galloping Ghost, the USA’s largest classic arcade",,20201006-1300
https://arstechnica.com/gadgets/2020/10/disney-marvel-and-pixar-movies-now-available-in-4k-hdr-on-apple-tv-and-itunes/,"Disney, Marvel, and Pixar movies now available in 4K HDR on Apple TV and iTunes",,20201006-1300
https://arstechnica.com/tech-policy/2020/10/excel-glitch-may-have-caused-uk-to-underreport-covid-19-cases-by-15841/,"Botched Excel import may have caused loss of 15,841 UK COVID-19 cases",,20201006-1300
https://arstechnica.com/science/2020/10/metal-detector-enthusiasts-find-6th-century-anglo-saxon-warriors-grave/,Metal detector enthusiasts find 6th-century Anglo-Saxon warrior’s grave,,20201006-1300
https://arstechnica.com/information-technology/2020/10/custom-made-uefi-bootkit-found-lurking-in-the-wild/,Custom-made UEFI bootkit found lurking in the wild,,20201006-1300
https://arstechnica.com/science/2020/10/nasa-safety-panel-raises-doubts-about-software-testing-for-moon-missions/,Safety panel has “great concern” about NASA plans to test Moon mission software,,20201006-1300
https://arstechnica.com/science/2020/10/archaeologists-find-evidence-of-neurons-in-glassy-brain-of-vesuvius-victim/,Archaeologists find evidence of neurons in glassy brain of Vesuvius victim,,20201006-1300
https://arstechnica.com/gaming/2020/09/lgrs-clint-basinger-plumbs-the-depths-of-retro-computing-and-his-youtube-comments/,LGR’s Clint Basinger plumbs the depths of retro computing—and his YouTube comments,,20201006-1300
https://arstechnica.com/cars/2020/10/typical-subaru-and-thats-good-the-2020-outback-reviewed/,2020 Subaru Outback is fan service in the best possible way,,20201006-1300
https://arstechnica.com/tech-policy/2020/10/this-congressperson-wants-to-ramp-up-covid-19-testing/,This congressperson wants to ramp up COVID-19 testing,,20201006-1300
https://arstechnica.com/science/2020/10/after-two-scrubs-elon-musk-says-he-will-visit-spacex-launch-sites-in-florida/,"After two scrubs, Elon Musk says he will visit SpaceX launch sites in Florida",,20201006-1300
https://arstechnica.com/science/2020/10/trump-tested-positive-for-coronavirus-wednesday-doctor-reveals-in-briefing/,"Trump’s doctor dodges questions, suggests president tested positive Wednesday",,20201006-1300
https://arstechnica.com/gadgets/2020/10/ipad-2020-micro-review-battle-tested-and-more-than-fast-enough/,iPad (2020) micro-review: Battle-tested and more than fast enough,,20201006-1300
https://arstechnica.com/information-technology/2020/10/russias-fancy-bear-hackers-likely-penetrated-a-federal-agency/,Russia’s Fancy Bear hackers likely penetrated a federal agency,,20201006-1300
https://arstechnica.com/gaming/2020/10/publishers-worry-as-ebooks-fly-off-libraries-virtual-shelves/,Publishers worry as ebooks fly off libraries’ virtual shelves,,20201006-1300
https://arstechnica.com/science/2020/10/trumps-infection-outlook-with-covid-19-and-the-likelihood-of-white-house-spread/,"Trump’s infection, outlook with COVID-19 and the risk of White House spread [Updated]",,20201006-1300
https://arstechnica.com/cars/2020/10/after-12-years-mitsubishi-kills-the-i-miev-electric-car/,"After 12 years, Mitsubishi kills the i-MiEV electric car",,20201006-1300
https://arstechnica.com/gaming/2020/10/review-raised-by-wolves-squanders-early-promise-with-clumsy-bizarre-finale/,"Review: Raised by Wolves squanders early promise with clumsy, bizarre finale",,20201006-1300
https://arstechnica.com/cars/2020/10/honda-shocks-f1-says-it-will-quit-the-sport-after-2021/,"Honda shocks F1, says it will quit the sport after 2021",,20201006-1300
https://arstechnica.com/science/2020/10/last-years-us-emissions-went-down-after-2018-uptick/,Last year’s US emissions went down after 2018 uptick,,20201006-1300
https://arstechnica.com/tech-policy/2020/10/nikola-tries-to-silence-critics-with-copyright-takedowns-of-youtube-videos/,Nikola issues copyright takedowns against critics who use rolling-truck clip,,20201006-1300
https://arstechnica.com/tech-policy/2020/10/nearly-20000-workers-have-had-covid-19-amazon-admits/,"Nearly 20,000 workers have had COVID-19, Amazon admits",,20201006-1300
https://arstechnica.com/science/2020/10/spacex-northrop-seek-to-break-launch-gremlin-curse-with-friday-night-attempts/,"SpaceX, Northrop seek to break launch gremlin curse with Friday night attempts",,20201006-1300
https://arstechnica.com/cars/2020/10/tesla-delivers-140000-vehicles-smashing-previous-records/,"Tesla delivers 140,000 vehicles, smashing previous records",,20201006-1300
https://arstechnica.com/science/2020/10/why-has-virgin-orbit-spent-so-much-on-its-rocket-and-will-it-ever-be-profitable/,"Virgin Orbit has a unique launch capability, but it’s come at a high price",,20201006-1330
https://arstechnica.com/information-technology/2020/10/sitrep-with-skyborg-air-force-hopes-to-give-pilots-a-loyal-wingman/,"SITREP: With “Skyborg,” Air Force hopes to give pilots a “loyal wingman”",,20201006-1330
https://arstechnica.com/tech-policy/2020/10/facebooks-endless-quest-for-engagement-is-dangerous-for-us-all/,Facebook’s latest “groups” disaster will only make it more toxic,,20201006-1330
https://arstechnica.com/science/2020/10/archaeologists-delved-into-medieval-cesspits-to-study-old-gut-microbiomes/,Archaeologists delved into medieval cesspits to study old gut microbiomes,,20201006-1330
https://arstechnica.com/information-technology/2020/10/boom-hacked-page-on-mobile-phone-website-is-stealing-customers-card-data/,Boom! Hacked page on mobile phone website is stealing customers’ card data,,20201006-1330
https://arstechnica.com/science/2020/10/doctors-still-evasive-on-trumps-health-as-he-leaves-hospital/,Doctors still evasive on Trump’s health as he leaves hospital,,20201006-1330
https://arstechnica.com/cars/2020/10/nothing-beats-the-honda-civic-type-r-in-terms-of-driving-fun-per-dollar/,The Honda Civic Type-R is more fun to drive than a supercar,,20201006-1330
https://arstechnica.com/gadgets/2020/10/youtube-music-opens-up-google-cast-support-for-everyone/,YouTube Music drops monthly fee for Chromecast support,,20201006-1330
https://arstechnica.com/staff/2020/10/dealmaster-a-number-of-first-party-nintendo-switch-games-are-on-sale-today/,A number of first-party Nintendo Switch games are on sale today,,20201006-1330
https://arstechnica.com/gaming/2020/10/latest-free-guy-trailer-is-giving-us-strong-upload-vibes/,Latest Free Guy trailer is giving us strong Upload vibes,,20201006-1330
https://arstechnica.com/gaming/2020/10/playstation-5-runs-cool-and-quiet-according-to-initial-hands-on-reportss/,"PlayStation 5 runs cool and quiet, according to initial hands-on reports",,20201006-1330
https://arstechnica.com/science/2020/10/a-nobel-prize-for-the-discovery-of-hepatitis-c/,A decades-long struggle to find a virus wins the Nobel,,20201006-1330
https://arstechnica.com/tech-policy/2020/10/life-in-atts-slow-lane-millions-left-without-fiber-as-company-kills-dsl/,"AT&T kills DSL, leaves tens of millions of homes without fiber Internet",,20201006-1330
https://arstechnica.com/cars/2020/10/45-minutes-on-the-road-in-a-prototype-volkswagen-id-4-electric-car/,45 minutes on the road in a prototype Volkswagen ID.4 electric car,,20201006-1330
https://arstechnica.com/gaming/2020/10/the-history-of-galloping-ghost-the-usas-largest-classic-arcade/,"The history of Galloping Ghost, the USA’s largest classic arcade",,20201006-1330
https://arstechnica.com/gadgets/2020/10/disney-marvel-and-pixar-movies-now-available-in-4k-hdr-on-apple-tv-and-itunes/,"Disney, Marvel, and Pixar movies now available in 4K HDR on Apple TV and iTunes",,20201006-1330
https://arstechnica.com/tech-policy/2020/10/excel-glitch-may-have-caused-uk-to-underreport-covid-19-cases-by-15841/,"Botched Excel import may have caused loss of 15,841 UK COVID-19 cases",,20201006-1330
https://arstechnica.com/science/2020/10/metal-detector-enthusiasts-find-6th-century-anglo-saxon-warriors-grave/,Metal detector enthusiasts find 6th-century Anglo-Saxon warrior’s grave,,20201006-1330
https://arstechnica.com/information-technology/2020/10/custom-made-uefi-bootkit-found-lurking-in-the-wild/,Custom-made UEFI bootkit found lurking in the wild,,20201006-1330
https://arstechnica.com/science/2020/10/nasa-safety-panel-raises-doubts-about-software-testing-for-moon-missions/,Safety panel has “great concern” about NASA plans to test Moon mission software,,20201006-1330
https://arstechnica.com/gaming/2020/09/lgrs-clint-basinger-plumbs-the-depths-of-retro-computing-and-his-youtube-comments/,LGR’s Clint Basinger plumbs the depths of retro computing—and his YouTube comments,,20201006-1330
https://arstechnica.com/science/2020/10/archaeologists-find-evidence-of-neurons-in-glassy-brain-of-vesuvius-victim/,Archaeologists find evidence of neurons in glassy brain of Vesuvius victim,,20201006-1330
https://arstechnica.com/cars/2020/10/typical-subaru-and-thats-good-the-2020-outback-reviewed/,2020 Subaru Outback is fan service in the best possible way,,20201006-1330
https://arstechnica.com/tech-policy/2020/10/this-congressperson-wants-to-ramp-up-covid-19-testing/,This congressperson wants to ramp up COVID-19 testing,,20201006-1330
https://arstechnica.com/science/2020/10/after-two-scrubs-elon-musk-says-he-will-visit-spacex-launch-sites-in-florida/,"After two scrubs, Elon Musk says he will visit SpaceX launch sites in Florida",,20201006-1330
https://arstechnica.com/science/2020/10/trump-tested-positive-for-coronavirus-wednesday-doctor-reveals-in-briefing/,"Trump’s doctor dodges questions, suggests president tested positive Wednesday",,20201006-1330
https://arstechnica.com/gadgets/2020/10/ipad-2020-micro-review-battle-tested-and-more-than-fast-enough/,iPad (2020) micro-review: Battle-tested and more than fast enough,,20201006-1330
https://arstechnica.com/information-technology/2020/10/russias-fancy-bear-hackers-likely-penetrated-a-federal-agency/,Russia’s Fancy Bear hackers likely penetrated a federal agency,,20201006-1330
https://arstechnica.com/gaming/2020/10/publishers-worry-as-ebooks-fly-off-libraries-virtual-shelves/,Publishers worry as ebooks fly off libraries’ virtual shelves,,20201006-1330
https://arstechnica.com/science/2020/10/trumps-infection-outlook-with-covid-19-and-the-likelihood-of-white-house-spread/,"Trump’s infection, outlook with COVID-19 and the risk of White House spread [Updated]",,20201006-1330
https://arstechnica.com/cars/2020/10/after-12-years-mitsubishi-kills-the-i-miev-electric-car/,"After 12 years, Mitsubishi kills the i-MiEV electric car",,20201006-1330
https://arstechnica.com/gaming/2020/10/review-raised-by-wolves-squanders-early-promise-with-clumsy-bizarre-finale/,"Review: Raised by Wolves squanders early promise with clumsy, bizarre finale",,20201006-1330
https://arstechnica.com/cars/2020/10/honda-shocks-f1-says-it-will-quit-the-sport-after-2021/,"Honda shocks F1, says it will quit the sport after 2021",,20201006-1330
https://arstechnica.com/science/2020/10/last-years-us-emissions-went-down-after-2018-uptick/,Last year’s US emissions went down after 2018 uptick,,20201006-1330
https://arstechnica.com/tech-policy/2020/10/nikola-tries-to-silence-critics-with-copyright-takedowns-of-youtube-videos/,Nikola issues copyright takedowns against critics who use rolling-truck clip,,20201006-1330
https://arstechnica.com/tech-policy/2020/10/nearly-20000-workers-have-had-covid-19-amazon-admits/,"Nearly 20,000 workers have had COVID-19, Amazon admits",,20201006-1330
https://arstechnica.com/science/2020/10/spacex-northrop-seek-to-break-launch-gremlin-curse-with-friday-night-attempts/,"SpaceX, Northrop seek to break launch gremlin curse with Friday night attempts",,20201006-1330
https://arstechnica.com/science/2020/10/why-has-virgin-orbit-spent-so-much-on-its-rocket-and-will-it-ever-be-profitable/,"Virgin Orbit has a unique launch capability, but it’s come at a high price",,20201006-1400
https://arstechnica.com/science/2020/10/spacex-gets-back-on-track-with-a-stunning-starlink-launch-near-sunrise/,SpaceX gets back on track with a stunning Starlink launch near sunrise,,20201006-1400
https://arstechnica.com/information-technology/2020/10/sitrep-with-skyborg-air-force-hopes-to-give-pilots-a-loyal-wingman/,"SITREP: With “Skyborg,” Air Force hopes to give pilots a “loyal wingman”",,20201006-1400
https://arstechnica.com/tech-policy/2020/10/facebooks-endless-quest-for-engagement-is-dangerous-for-us-all/,Facebook’s latest “groups” disaster will only make it more toxic,,20201006-1400
https://arstechnica.com/science/2020/10/archaeologists-delved-into-medieval-cesspits-to-study-old-gut-microbiomes/,Archaeologists delved into medieval cesspits to study old gut microbiomes,,20201006-1400
https://arstechnica.com/information-technology/2020/10/boom-hacked-page-on-mobile-phone-website-is-stealing-customers-card-data/,Boom! Hacked page on mobile phone website is stealing customers’ card data,,20201006-1400
https://arstechnica.com/science/2020/10/doctors-still-evasive-on-trumps-health-as-he-leaves-hospital/,Doctors still evasive on Trump’s health as he leaves hospital,,20201006-1400
https://arstechnica.com/cars/2020/10/nothing-beats-the-honda-civic-type-r-in-terms-of-driving-fun-per-dollar/,The Honda Civic Type-R is more fun to drive than a supercar,,20201006-1400
https://arstechnica.com/gadgets/2020/10/youtube-music-opens-up-google-cast-support-for-everyone/,YouTube Music drops monthly fee for Chromecast support,,20201006-1400
https://arstechnica.com/staff/2020/10/dealmaster-a-number-of-first-party-nintendo-switch-games-are-on-sale-today/,A number of first-party Nintendo Switch games are on sale today,,20201006-1400
https://arstechnica.com/gaming/2020/10/latest-free-guy-trailer-is-giving-us-strong-upload-vibes/,Latest Free Guy trailer is giving us strong Upload vibes,,20201006-1400
https://arstechnica.com/gaming/2020/10/playstation-5-runs-cool-and-quiet-according-to-initial-hands-on-reportss/,"PlayStation 5 runs cool and quiet, according to initial hands-on reports",,20201006-1400
https://arstechnica.com/science/2020/10/a-nobel-prize-for-the-discovery-of-hepatitis-c/,A decades-long struggle to find a virus wins the Nobel,,20201006-1400
https://arstechnica.com/tech-policy/2020/10/life-in-atts-slow-lane-millions-left-without-fiber-as-company-kills-dsl/,"AT&T kills DSL, leaves tens of millions of homes without fiber Internet",,20201006-1400
https://arstechnica.com/cars/2020/10/45-minutes-on-the-road-in-a-prototype-volkswagen-id-4-electric-car/,45 minutes on the road in a prototype Volkswagen ID.4 electric car,,20201006-1400
https://arstechnica.com/gaming/2020/10/the-history-of-galloping-ghost-the-usas-largest-classic-arcade/,"The history of Galloping Ghost, the USA’s largest classic arcade",,20201006-1400
https://arstechnica.com/gadgets/2020/10/disney-marvel-and-pixar-movies-now-available-in-4k-hdr-on-apple-tv-and-itunes/,"Disney, Marvel, and Pixar movies now available in 4K HDR on Apple TV and iTunes",,20201006-1400
https://arstechnica.com/tech-policy/2020/10/excel-glitch-may-have-caused-uk-to-underreport-covid-19-cases-by-15841/,"Botched Excel import may have caused loss of 15,841 UK COVID-19 cases",,20201006-1400
https://arstechnica.com/science/2020/10/metal-detector-enthusiasts-find-6th-century-anglo-saxon-warriors-grave/,Metal detector enthusiasts find 6th-century Anglo-Saxon warrior’s grave,,20201006-1400
https://arstechnica.com/information-technology/2020/10/custom-made-uefi-bootkit-found-lurking-in-the-wild/,Custom-made UEFI bootkit found lurking in the wild,,20201006-1400
https://arstechnica.com/gaming/2020/09/lgrs-clint-basinger-plumbs-the-depths-of-retro-computing-and-his-youtube-comments/,LGR’s Clint Basinger plumbs the depths of retro computing—and his YouTube comments,,20201006-1400
https://arstechnica.com/science/2020/10/nasa-safety-panel-raises-doubts-about-software-testing-for-moon-missions/,Safety panel has “great concern” about NASA plans to test Moon mission software,,20201006-1400
https://arstechnica.com/science/2020/10/archaeologists-find-evidence-of-neurons-in-glassy-brain-of-vesuvius-victim/,Archaeologists find evidence of neurons in glassy brain of Vesuvius victim,,20201006-1400
https://arstechnica.com/cars/2020/10/typical-subaru-and-thats-good-the-2020-outback-reviewed/,2020 Subaru Outback is fan service in the best possible way,,20201006-1400
https://arstechnica.com/tech-policy/2020/10/this-congressperson-wants-to-ramp-up-covid-19-testing/,This congressperson wants to ramp up COVID-19 testing,,20201006-1400
https://arstechnica.com/science/2020/10/after-two-scrubs-elon-musk-says-he-will-visit-spacex-launch-sites-in-florida/,"After two scrubs, Elon Musk says he will visit SpaceX launch sites in Florida",,20201006-1400
https://arstechnica.com/science/2020/10/trump-tested-positive-for-coronavirus-wednesday-doctor-reveals-in-briefing/,"Trump’s doctor dodges questions, suggests president tested positive Wednesday",,20201006-1400
https://arstechnica.com/gadgets/2020/10/ipad-2020-micro-review-battle-tested-and-more-than-fast-enough/,iPad (2020) micro-review: Battle-tested and more than fast enough,,20201006-1400
https://arstechnica.com/information-technology/2020/10/russias-fancy-bear-hackers-likely-penetrated-a-federal-agency/,Russia’s Fancy Bear hackers likely penetrated a federal agency,,20201006-1400
https://arstechnica.com/gaming/2020/10/publishers-worry-as-ebooks-fly-off-libraries-virtual-shelves/,Publishers worry as ebooks fly off libraries’ virtual shelves,,20201006-1400
https://arstechnica.com/science/2020/10/trumps-infection-outlook-with-covid-19-and-the-likelihood-of-white-house-spread/,"Trump’s infection, outlook with COVID-19 and the risk of White House spread [Updated]",,20201006-1400
https://arstechnica.com/cars/2020/10/after-12-years-mitsubishi-kills-the-i-miev-electric-car/,"After 12 years, Mitsubishi kills the i-MiEV electric car",,20201006-1400
https://arstechnica.com/gaming/2020/10/review-raised-by-wolves-squanders-early-promise-with-clumsy-bizarre-finale/,"Review: Raised by Wolves squanders early promise with clumsy, bizarre finale",,20201006-1400
https://arstechnica.com/cars/2020/10/honda-shocks-f1-says-it-will-quit-the-sport-after-2021/,"Honda shocks F1, says it will quit the sport after 2021",,20201006-1400
https://arstechnica.com/science/2020/10/last-years-us-emissions-went-down-after-2018-uptick/,Last year’s US emissions went down after 2018 uptick,,20201006-1400
https://arstechnica.com/tech-policy/2020/10/nikola-tries-to-silence-critics-with-copyright-takedowns-of-youtube-videos/,Nikola issues copyright takedowns against critics who use rolling-truck clip,,20201006-1400
https://arstechnica.com/tech-policy/2020/10/nearly-20000-workers-have-had-covid-19-amazon-admits/,"Nearly 20,000 workers have had COVID-19, Amazon admits",,20201006-1400
https://arstechnica.com/science/2020/10/why-has-virgin-orbit-spent-so-much-on-its-rocket-and-will-it-ever-be-profitable/,"Virgin Orbit has a unique launch capability, but it’s come at a high price",,20201006-1430
https://arstechnica.com/gadgets/2020/10/dell-updates-its-ultrasharp-monitor-lineup-usb-c-mini-led-backlighting-and-more/,"Dell updates its UltraSharp monitor lineup: USB-C, mini-LED backlighting, and more",,20201006-1430
https://arstechnica.com/science/2020/10/spacex-gets-back-on-track-with-a-stunning-starlink-launch-near-sunrise/,SpaceX gets back on track with a stunning Starlink launch near sunrise,,20201006-1430
https://arstechnica.com/information-technology/2020/10/sitrep-with-skyborg-air-force-hopes-to-give-pilots-a-loyal-wingman/,"SITREP: With “Skyborg,” Air Force hopes to give pilots a “loyal wingman”",,20201006-1430
https://arstechnica.com/tech-policy/2020/10/facebooks-endless-quest-for-engagement-is-dangerous-for-us-all/,Facebook’s latest “groups” disaster will only make it more toxic,,20201006-1430
https://arstechnica.com/science/2020/10/archaeologists-delved-into-medieval-cesspits-to-study-old-gut-microbiomes/,Archaeologists delved into medieval cesspits to study old gut microbiomes,,20201006-1430
https://arstechnica.com/information-technology/2020/10/boom-hacked-page-on-mobile-phone-website-is-stealing-customers-card-data/,Boom! Hacked page on mobile phone website is stealing customers’ card data,,20201006-1430
https://arstechnica.com/science/2020/10/doctors-still-evasive-on-trumps-health-as-he-leaves-hospital/,Doctors still evasive on Trump’s health as he leaves hospital,,20201006-1430
https://arstechnica.com/cars/2020/10/nothing-beats-the-honda-civic-type-r-in-terms-of-driving-fun-per-dollar/,The Honda Civic Type-R is more fun to drive than a supercar,,20201006-1430
https://arstechnica.com/gadgets/2020/10/youtube-music-opens-up-google-cast-support-for-everyone/,YouTube Music drops monthly fee for Chromecast support,,20201006-1430
https://arstechnica.com/staff/2020/10/dealmaster-a-number-of-first-party-nintendo-switch-games-are-on-sale-today/,A number of first-party Nintendo Switch games are on sale today,,20201006-1430
https://arstechnica.com/gaming/2020/10/latest-free-guy-trailer-is-giving-us-strong-upload-vibes/,Latest Free Guy trailer is giving us strong Upload vibes,,20201006-1430
https://arstechnica.com/gaming/2020/10/playstation-5-runs-cool-and-quiet-according-to-initial-hands-on-reportss/,"PlayStation 5 runs cool and quiet, according to initial hands-on reports",,20201006-1430
https://arstechnica.com/science/2020/10/a-nobel-prize-for-the-discovery-of-hepatitis-c/,A decades-long struggle to find a virus wins the Nobel,,20201006-1430
https://arstechnica.com/tech-policy/2020/10/life-in-atts-slow-lane-millions-left-without-fiber-as-company-kills-dsl/,"AT&T kills DSL, leaves tens of millions of homes without fiber Internet",,20201006-1430
https://arstechnica.com/cars/2020/10/45-minutes-on-the-road-in-a-prototype-volkswagen-id-4-electric-car/,45 minutes on the road in a prototype Volkswagen ID.4 electric car,,20201006-1430
https://arstechnica.com/gaming/2020/10/the-history-of-galloping-ghost-the-usas-largest-classic-arcade/,"The history of Galloping Ghost, the USA’s largest classic arcade",,20201006-1430
https://arstechnica.com/gadgets/2020/10/disney-marvel-and-pixar-movies-now-available-in-4k-hdr-on-apple-tv-and-itunes/,"Disney, Marvel, and Pixar movies now available in 4K HDR on Apple TV and iTunes",,20201006-1430
https://arstechnica.com/tech-policy/2020/10/excel-glitch-may-have-caused-uk-to-underreport-covid-19-cases-by-15841/,"Botched Excel import may have caused loss of 15,841 UK COVID-19 cases",,20201006-1430
https://arstechnica.com/science/2020/10/metal-detector-enthusiasts-find-6th-century-anglo-saxon-warriors-grave/,Metal detector enthusiasts find 6th-century Anglo-Saxon warrior’s grave,,20201006-1430
https://arstechnica.com/gaming/2020/09/lgrs-clint-basinger-plumbs-the-depths-of-retro-computing-and-his-youtube-comments/,LGR’s Clint Basinger plumbs the depths of retro computing—and his YouTube comments,,20201006-1430
https://arstechnica.com/information-technology/2020/10/custom-made-uefi-bootkit-found-lurking-in-the-wild/,Custom-made UEFI bootkit found lurking in the wild,,20201006-1430
https://arstechnica.com/science/2020/10/nasa-safety-panel-raises-doubts-about-software-testing-for-moon-missions/,Safety panel has “great concern” about NASA plans to test Moon mission software,,20201006-1430
https://arstechnica.com/science/2020/10/archaeologists-find-evidence-of-neurons-in-glassy-brain-of-vesuvius-victim/,Archaeologists find evidence of neurons in glassy brain of Vesuvius victim,,20201006-1430
https://arstechnica.com/cars/2020/10/typical-subaru-and-thats-good-the-2020-outback-reviewed/,2020 Subaru Outback is fan service in the best possible way,,20201006-1430
https://arstechnica.com/tech-policy/2020/10/this-congressperson-wants-to-ramp-up-covid-19-testing/,This congressperson wants to ramp up COVID-19 testing,,20201006-1430
https://arstechnica.com/science/2020/10/after-two-scrubs-elon-musk-says-he-will-visit-spacex-launch-sites-in-florida/,"After two scrubs, Elon Musk says he will visit SpaceX launch sites in Florida",,20201006-1430
https://arstechnica.com/science/2020/10/trump-tested-positive-for-coronavirus-wednesday-doctor-reveals-in-briefing/,"Trump’s doctor dodges questions, suggests president tested positive Wednesday",,20201006-1430
https://arstechnica.com/gadgets/2020/10/ipad-2020-micro-review-battle-tested-and-more-than-fast-enough/,iPad (2020) micro-review: Battle-tested and more than fast enough,,20201006-1430
https://arstechnica.com/information-technology/2020/10/russias-fancy-bear-hackers-likely-penetrated-a-federal-agency/,Russia’s Fancy Bear hackers likely penetrated a federal agency,,20201006-1430
https://arstechnica.com/gaming/2020/10/publishers-worry-as-ebooks-fly-off-libraries-virtual-shelves/,Publishers worry as ebooks fly off libraries’ virtual shelves,,20201006-1430
https://arstechnica.com/science/2020/10/trumps-infection-outlook-with-covid-19-and-the-likelihood-of-white-house-spread/,"Trump’s infection, outlook with COVID-19 and the risk of White House spread [Updated]",,20201006-1430
https://arstechnica.com/cars/2020/10/after-12-years-mitsubishi-kills-the-i-miev-electric-car/,"After 12 years, Mitsubishi kills the i-MiEV electric car",,20201006-1430
https://arstechnica.com/gaming/2020/10/review-raised-by-wolves-squanders-early-promise-with-clumsy-bizarre-finale/,"Review: Raised by Wolves squanders early promise with clumsy, bizarre finale",,20201006-1430
https://arstechnica.com/cars/2020/10/honda-shocks-f1-says-it-will-quit-the-sport-after-2021/,"Honda shocks F1, says it will quit the sport after 2021",,20201006-1430
https://arstechnica.com/science/2020/10/last-years-us-emissions-went-down-after-2018-uptick/,Last year’s US emissions went down after 2018 uptick,,20201006-1430
https://arstechnica.com/tech-policy/2020/10/nikola-tries-to-silence-critics-with-copyright-takedowns-of-youtube-videos/,Nikola issues copyright takedowns against critics who use rolling-truck clip,,20201006-1430
https://arstechnica.com/science/2020/10/why-has-virgin-orbit-spent-so-much-on-its-rocket-and-will-it-ever-be-profitable/,"Virgin Orbit has a unique launch capability, but it’s come at a high price",,20201006-1500
https://arstechnica.com/gadgets/2020/10/dell-updates-its-ultrasharp-monitor-lineup-usb-c-mini-led-backlighting-and-more/,"Dell updates its UltraSharp monitor lineup: USB-C, mini-LED backlighting, and more",,20201006-1500
https://arstechnica.com/science/2020/10/spacex-gets-back-on-track-with-a-stunning-starlink-launch-near-sunrise/,SpaceX gets back on track with a stunning Starlink launch near sunrise,,20201006-1500
https://arstechnica.com/information-technology/2020/10/sitrep-with-skyborg-air-force-hopes-to-give-pilots-a-loyal-wingman/,"SITREP: With “Skyborg,” Air Force hopes to give pilots a “loyal wingman”",,20201006-1500
https://arstechnica.com/tech-policy/2020/10/facebooks-endless-quest-for-engagement-is-dangerous-for-us-all/,Facebook’s latest “groups” disaster will only make it more toxic,,20201006-1500
https://arstechnica.com/science/2020/10/archaeologists-delved-into-medieval-cesspits-to-study-old-gut-microbiomes/,Archaeologists delved into medieval cesspits to study old gut microbiomes,,20201006-1500
https://arstechnica.com/information-technology/2020/10/boom-hacked-page-on-mobile-phone-website-is-stealing-customers-card-data/,Boom! Hacked page on mobile phone website is stealing customers’ card data,,20201006-1500
https://arstechnica.com/science/2020/10/doctors-still-evasive-on-trumps-health-as-he-leaves-hospital/,Doctors still evasive on Trump’s health as he leaves hospital,,20201006-1500
https://arstechnica.com/cars/2020/10/nothing-beats-the-honda-civic-type-r-in-terms-of-driving-fun-per-dollar/,The Honda Civic Type-R is more fun to drive than a supercar,,20201006-1500
https://arstechnica.com/gadgets/2020/10/youtube-music-opens-up-google-cast-support-for-everyone/,YouTube Music drops monthly fee for Chromecast support,,20201006-1500
https://arstechnica.com/staff/2020/10/dealmaster-a-number-of-first-party-nintendo-switch-games-are-on-sale-today/,A number of first-party Nintendo Switch games are on sale today,,20201006-1500
https://arstechnica.com/gaming/2020/10/latest-free-guy-trailer-is-giving-us-strong-upload-vibes/,Latest Free Guy trailer is giving us strong Upload vibes,,20201006-1500
https://arstechnica.com/gaming/2020/10/playstation-5-runs-cool-and-quiet-according-to-initial-hands-on-reportss/,"PlayStation 5 runs cool and quiet, according to initial hands-on reports",,20201006-1500
https://arstechnica.com/science/2020/10/a-nobel-prize-for-the-discovery-of-hepatitis-c/,A decades-long struggle to find a virus wins the Nobel,,20201006-1500
https://arstechnica.com/tech-policy/2020/10/life-in-atts-slow-lane-millions-left-without-fiber-as-company-kills-dsl/,"AT&T kills DSL, leaves tens of millions of homes without fiber Internet",,20201006-1500
https://arstechnica.com/cars/2020/10/45-minutes-on-the-road-in-a-prototype-volkswagen-id-4-electric-car/,45 minutes on the road in a prototype Volkswagen ID.4 electric car,,20201006-1500
https://arstechnica.com/gaming/2020/10/the-history-of-galloping-ghost-the-usas-largest-classic-arcade/,"The history of Galloping Ghost, the USA’s largest classic arcade",,20201006-1500
https://arstechnica.com/gadgets/2020/10/disney-marvel-and-pixar-movies-now-available-in-4k-hdr-on-apple-tv-and-itunes/,"Disney, Marvel, and Pixar movies now available in 4K HDR on Apple TV and iTunes",,20201006-1500
https://arstechnica.com/tech-policy/2020/10/excel-glitch-may-have-caused-uk-to-underreport-covid-19-cases-by-15841/,"Botched Excel import may have caused loss of 15,841 UK COVID-19 cases",,20201006-1500
https://arstechnica.com/science/2020/10/metal-detector-enthusiasts-find-6th-century-anglo-saxon-warriors-grave/,Metal detector enthusiasts find 6th-century Anglo-Saxon warrior’s grave,,20201006-1500
https://arstechnica.com/gaming/2020/09/lgrs-clint-basinger-plumbs-the-depths-of-retro-computing-and-his-youtube-comments/,LGR’s Clint Basinger plumbs the depths of retro computing—and his YouTube comments,,20201006-1500
https://arstechnica.com/information-technology/2020/10/custom-made-uefi-bootkit-found-lurking-in-the-wild/,Custom-made UEFI bootkit found lurking in the wild,,20201006-1500
https://arstechnica.com/science/2020/10/nasa-safety-panel-raises-doubts-about-software-testing-for-moon-missions/,Safety panel has “great concern” about NASA plans to test Moon mission software,,20201006-1500
https://arstechnica.com/science/2020/10/archaeologists-find-evidence-of-neurons-in-glassy-brain-of-vesuvius-victim/,Archaeologists find evidence of neurons in glassy brain of Vesuvius victim,,20201006-1500
https://arstechnica.com/cars/2020/10/typical-subaru-and-thats-good-the-2020-outback-reviewed/,2020 Subaru Outback is fan service in the best possible way,,20201006-1500
https://arstechnica.com/tech-policy/2020/10/this-congressperson-wants-to-ramp-up-covid-19-testing/,This congressperson wants to ramp up COVID-19 testing,,20201006-1500
https://arstechnica.com/science/2020/10/after-two-scrubs-elon-musk-says-he-will-visit-spacex-launch-sites-in-florida/,"After two scrubs, Elon Musk says he will visit SpaceX launch sites in Florida",,20201006-1500
https://arstechnica.com/science/2020/10/trump-tested-positive-for-coronavirus-wednesday-doctor-reveals-in-briefing/,"Trump’s doctor dodges questions, suggests president tested positive Wednesday",,20201006-1500
https://arstechnica.com/gadgets/2020/10/ipad-2020-micro-review-battle-tested-and-more-than-fast-enough/,iPad (2020) micro-review: Battle-tested and more than fast enough,,20201006-1500
https://arstechnica.com/information-technology/2020/10/russias-fancy-bear-hackers-likely-penetrated-a-federal-agency/,Russia’s Fancy Bear hackers likely penetrated a federal agency,,20201006-1500
https://arstechnica.com/gaming/2020/10/publishers-worry-as-ebooks-fly-off-libraries-virtual-shelves/,Publishers worry as ebooks fly off libraries’ virtual shelves,,20201006-1500
https://arstechnica.com/science/2020/10/trumps-infection-outlook-with-covid-19-and-the-likelihood-of-white-house-spread/,"Trump’s infection, outlook with COVID-19 and the risk of White House spread [Updated]",,20201006-1500
https://arstechnica.com/cars/2020/10/after-12-years-mitsubishi-kills-the-i-miev-electric-car/,"After 12 years, Mitsubishi kills the i-MiEV electric car",,20201006-1500
https://arstechnica.com/gaming/2020/10/review-raised-by-wolves-squanders-early-promise-with-clumsy-bizarre-finale/,"Review: Raised by Wolves squanders early promise with clumsy, bizarre finale",,20201006-1500
https://arstechnica.com/cars/2020/10/honda-shocks-f1-says-it-will-quit-the-sport-after-2021/,"Honda shocks F1, says it will quit the sport after 2021",,20201006-1500
https://arstechnica.com/science/2020/10/last-years-us-emissions-went-down-after-2018-uptick/,Last year’s US emissions went down after 2018 uptick,,20201006-1500
https://arstechnica.com/tech-policy/2020/10/nikola-tries-to-silence-critics-with-copyright-takedowns-of-youtube-videos/,Nikola issues copyright takedowns against critics who use rolling-truck clip,,20201006-1500
https://arstechnica.com/science/2020/10/why-has-virgin-orbit-spent-so-much-on-its-rocket-and-will-it-ever-be-profitable/,"Virgin Orbit has a unique launch capability, but it’s come at a high price",,20201006-1530
https://arstechnica.com/gadgets/2020/10/dell-updates-its-ultrasharp-monitor-lineup-usb-c-mini-led-backlighting-and-more/,"Dell updates its UltraSharp monitor lineup: USB-C, mini-LED backlighting, and more",,20201006-1530
https://arstechnica.com/science/2020/10/spacex-gets-back-on-track-with-a-stunning-starlink-launch-near-sunrise/,SpaceX gets back on track with a stunning Starlink launch near sunrise,,20201006-1530
https://arstechnica.com/information-technology/2020/10/sitrep-with-skyborg-air-force-hopes-to-give-pilots-a-loyal-wingman/,"SITREP: With “Skyborg,” Air Force hopes to give pilots a “loyal wingman”",,20201006-1530
https://arstechnica.com/tech-policy/2020/10/facebooks-endless-quest-for-engagement-is-dangerous-for-us-all/,Facebook’s latest “groups” disaster will only make it more toxic,,20201006-1530
https://arstechnica.com/science/2020/10/archaeologists-delved-into-medieval-cesspits-to-study-old-gut-microbiomes/,Archaeologists delved into medieval cesspits to study old gut microbiomes,,20201006-1530
https://arstechnica.com/information-technology/2020/10/boom-hacked-page-on-mobile-phone-website-is-stealing-customers-card-data/,Boom! Hacked page on mobile phone website is stealing customers’ card data,,20201006-1530
https://arstechnica.com/science/2020/10/doctors-still-evasive-on-trumps-health-as-he-leaves-hospital/,Doctors still evasive on Trump’s health as he leaves hospital,,20201006-1530
https://arstechnica.com/cars/2020/10/nothing-beats-the-honda-civic-type-r-in-terms-of-driving-fun-per-dollar/,The Honda Civic Type-R is more fun to drive than a supercar,,20201006-1530
https://arstechnica.com/gadgets/2020/10/youtube-music-opens-up-google-cast-support-for-everyone/,YouTube Music drops monthly fee for Chromecast support,,20201006-1530
https://arstechnica.com/staff/2020/10/dealmaster-a-number-of-first-party-nintendo-switch-games-are-on-sale-today/,A number of first-party Nintendo Switch games are on sale today,,20201006-1530
https://arstechnica.com/gaming/2020/10/latest-free-guy-trailer-is-giving-us-strong-upload-vibes/,Latest Free Guy trailer is giving us strong Upload vibes,,20201006-1530
https://arstechnica.com/gaming/2020/10/playstation-5-runs-cool-and-quiet-according-to-initial-hands-on-reportss/,"PlayStation 5 runs cool and quiet, according to initial hands-on reports",,20201006-1530
https://arstechnica.com/science/2020/10/a-nobel-prize-for-the-discovery-of-hepatitis-c/,A decades-long struggle to find a virus wins the Nobel,,20201006-1530
https://arstechnica.com/tech-policy/2020/10/life-in-atts-slow-lane-millions-left-without-fiber-as-company-kills-dsl/,"AT&T kills DSL, leaves tens of millions of homes without fiber Internet",,20201006-1530
https://arstechnica.com/cars/2020/10/45-minutes-on-the-road-in-a-prototype-volkswagen-id-4-electric-car/,45 minutes on the road in a prototype Volkswagen ID.4 electric car,,20201006-1530
https://arstechnica.com/gaming/2020/10/the-history-of-galloping-ghost-the-usas-largest-classic-arcade/,"The history of Galloping Ghost, the USA’s largest classic arcade",,20201006-1530
https://arstechnica.com/gadgets/2020/10/disney-marvel-and-pixar-movies-now-available-in-4k-hdr-on-apple-tv-and-itunes/,"Disney, Marvel, and Pixar movies now available in 4K HDR on Apple TV and iTunes",,20201006-1530
https://arstechnica.com/tech-policy/2020/10/excel-glitch-may-have-caused-uk-to-underreport-covid-19-cases-by-15841/,"Botched Excel import may have caused loss of 15,841 UK COVID-19 cases",,20201006-1530
https://arstechnica.com/science/2020/10/metal-detector-enthusiasts-find-6th-century-anglo-saxon-warriors-grave/,Metal detector enthusiasts find 6th-century Anglo-Saxon warrior’s grave,,20201006-1530
https://arstechnica.com/gaming/2020/09/lgrs-clint-basinger-plumbs-the-depths-of-retro-computing-and-his-youtube-comments/,LGR’s Clint Basinger plumbs the depths of retro computing—and his YouTube comments,,20201006-1530
https://arstechnica.com/information-technology/2020/10/custom-made-uefi-bootkit-found-lurking-in-the-wild/,Custom-made UEFI bootkit found lurking in the wild,,20201006-1530
https://arstechnica.com/science/2020/10/nasa-safety-panel-raises-doubts-about-software-testing-for-moon-missions/,Safety panel has “great concern” about NASA plans to test Moon mission software,,20201006-1530
https://arstechnica.com/science/2020/10/archaeologists-find-evidence-of-neurons-in-glassy-brain-of-vesuvius-victim/,Archaeologists find evidence of neurons in glassy brain of Vesuvius victim,,20201006-1530
https://arstechnica.com/cars/2020/10/typical-subaru-and-thats-good-the-2020-outback-reviewed/,2020 Subaru Outback is fan service in the best possible way,,20201006-1530
https://arstechnica.com/tech-policy/2020/10/this-congressperson-wants-to-ramp-up-covid-19-testing/,This congressperson wants to ramp up COVID-19 testing,,20201006-1530
https://arstechnica.com/science/2020/10/after-two-scrubs-elon-musk-says-he-will-visit-spacex-launch-sites-in-florida/,"After two scrubs, Elon Musk says he will visit SpaceX launch sites in Florida",,20201006-1530
https://arstechnica.com/science/2020/10/trump-tested-positive-for-coronavirus-wednesday-doctor-reveals-in-briefing/,"Trump’s doctor dodges questions, suggests president tested positive Wednesday",,20201006-1530
https://arstechnica.com/gadgets/2020/10/ipad-2020-micro-review-battle-tested-and-more-than-fast-enough/,iPad (2020) micro-review: Battle-tested and more than fast enough,,20201006-1530
https://arstechnica.com/information-technology/2020/10/russias-fancy-bear-hackers-likely-penetrated-a-federal-agency/,Russia’s Fancy Bear hackers likely penetrated a federal agency,,20201006-1530
https://arstechnica.com/gaming/2020/10/publishers-worry-as-ebooks-fly-off-libraries-virtual-shelves/,Publishers worry as ebooks fly off libraries’ virtual shelves,,20201006-1530
https://arstechnica.com/science/2020/10/trumps-infection-outlook-with-covid-19-and-the-likelihood-of-white-house-spread/,"Trump’s infection, outlook with COVID-19 and the risk of White House spread [Updated]",,20201006-1530
https://arstechnica.com/cars/2020/10/after-12-years-mitsubishi-kills-the-i-miev-electric-car/,"After 12 years, Mitsubishi kills the i-MiEV electric car",,20201006-1530
https://arstechnica.com/gaming/2020/10/review-raised-by-wolves-squanders-early-promise-with-clumsy-bizarre-finale/,"Review: Raised by Wolves squanders early promise with clumsy, bizarre finale",,20201006-1530
https://arstechnica.com/cars/2020/10/honda-shocks-f1-says-it-will-quit-the-sport-after-2021/,"Honda shocks F1, says it will quit the sport after 2021",,20201006-1530
https://arstechnica.com/science/2020/10/last-years-us-emissions-went-down-after-2018-uptick/,Last year’s US emissions went down after 2018 uptick,,20201006-1530
https://arstechnica.com/tech-policy/2020/10/nikola-tries-to-silence-critics-with-copyright-takedowns-of-youtube-videos/,Nikola issues copyright takedowns against critics who use rolling-truck clip,,20201006-1530
https://arstechnica.com/science/2020/10/why-has-virgin-orbit-spent-so-much-on-its-rocket-and-will-it-ever-be-profitable/,"Virgin Orbit has a unique launch capability, but it’s come at a high price",,20201006-1600
https://arstechnica.com/gadgets/2020/10/dell-updates-its-ultrasharp-monitor-lineup-usb-c-mini-led-backlighting-and-more/,"Dell updates its UltraSharp monitor lineup: USB-C, mini-LED backlighting, and more",,20201006-1600
https://arstechnica.com/science/2020/10/spacex-gets-back-on-track-with-a-stunning-starlink-launch-near-sunrise/,SpaceX gets back on track with a stunning Starlink launch near sunrise,,20201006-1600
https://arstechnica.com/information-technology/2020/10/sitrep-with-skyborg-air-force-hopes-to-give-pilots-a-loyal-wingman/,"SITREP: With “Skyborg,” Air Force hopes to give pilots a “loyal wingman”",,20201006-1600
https://arstechnica.com/tech-policy/2020/10/facebooks-endless-quest-for-engagement-is-dangerous-for-us-all/,Facebook’s latest “groups” disaster will only make it more toxic,,20201006-1600
https://arstechnica.com/science/2020/10/archaeologists-delved-into-medieval-cesspits-to-study-old-gut-microbiomes/,Archaeologists delved into medieval cesspits to study old gut microbiomes,,20201006-1600
https://arstechnica.com/information-technology/2020/10/boom-hacked-page-on-mobile-phone-website-is-stealing-customers-card-data/,Boom! Hacked page on mobile phone website is stealing customers’ card data,,20201006-1600
https://arstechnica.com/science/2020/10/doctors-still-evasive-on-trumps-health-as-he-leaves-hospital/,Doctors still evasive on Trump’s health as he leaves hospital,,20201006-1600
https://arstechnica.com/cars/2020/10/nothing-beats-the-honda-civic-type-r-in-terms-of-driving-fun-per-dollar/,The Honda Civic Type-R is more fun to drive than a supercar,,20201006-1600
https://arstechnica.com/gadgets/2020/10/youtube-music-opens-up-google-cast-support-for-everyone/,YouTube Music drops monthly fee for Chromecast support,,20201006-1600
https://arstechnica.com/staff/2020/10/dealmaster-a-number-of-first-party-nintendo-switch-games-are-on-sale-today/,A number of first-party Nintendo Switch games are on sale today,,20201006-1600
https://arstechnica.com/gaming/2020/10/latest-free-guy-trailer-is-giving-us-strong-upload-vibes/,Latest Free Guy trailer is giving us strong Upload vibes,,20201006-1600
https://arstechnica.com/gaming/2020/10/playstation-5-runs-cool-and-quiet-according-to-initial-hands-on-reportss/,"PlayStation 5 runs cool and quiet, according to initial hands-on reports",,20201006-1600
https://arstechnica.com/science/2020/10/a-nobel-prize-for-the-discovery-of-hepatitis-c/,A decades-long struggle to find a virus wins the Nobel,,20201006-1600
https://arstechnica.com/tech-policy/2020/10/life-in-atts-slow-lane-millions-left-without-fiber-as-company-kills-dsl/,"AT&T kills DSL, leaves tens of millions of homes without fiber Internet",,20201006-1600
https://arstechnica.com/cars/2020/10/45-minutes-on-the-road-in-a-prototype-volkswagen-id-4-electric-car/,45 minutes on the road in a prototype Volkswagen ID.4 electric car,,20201006-1600
https://arstechnica.com/gaming/2020/10/the-history-of-galloping-ghost-the-usas-largest-classic-arcade/,"The history of Galloping Ghost, the USA’s largest classic arcade",,20201006-1600
https://arstechnica.com/gadgets/2020/10/disney-marvel-and-pixar-movies-now-available-in-4k-hdr-on-apple-tv-and-itunes/,"Disney, Marvel, and Pixar movies now available in 4K HDR on Apple TV and iTunes",,20201006-1600
https://arstechnica.com/tech-policy/2020/10/excel-glitch-may-have-caused-uk-to-underreport-covid-19-cases-by-15841/,"Botched Excel import may have caused loss of 15,841 UK COVID-19 cases",,20201006-1600
https://arstechnica.com/science/2020/10/metal-detector-enthusiasts-find-6th-century-anglo-saxon-warriors-grave/,Metal detector enthusiasts find 6th-century Anglo-Saxon warrior’s grave,,20201006-1600
https://arstechnica.com/gaming/2020/09/lgrs-clint-basinger-plumbs-the-depths-of-retro-computing-and-his-youtube-comments/,LGR’s Clint Basinger plumbs the depths of retro computing—and his YouTube comments,,20201006-1600
https://arstechnica.com/information-technology/2020/10/custom-made-uefi-bootkit-found-lurking-in-the-wild/,Custom-made UEFI bootkit found lurking in the wild,,20201006-1600
https://arstechnica.com/science/2020/10/nasa-safety-panel-raises-doubts-about-software-testing-for-moon-missions/,Safety panel has “great concern” about NASA plans to test Moon mission software,,20201006-1600
https://arstechnica.com/science/2020/10/archaeologists-find-evidence-of-neurons-in-glassy-brain-of-vesuvius-victim/,Archaeologists find evidence of neurons in glassy brain of Vesuvius victim,,20201006-1600
https://arstechnica.com/cars/2020/10/typical-subaru-and-thats-good-the-2020-outback-reviewed/,2020 Subaru Outback is fan service in the best possible way,,20201006-1600
https://arstechnica.com/tech-policy/2020/10/this-congressperson-wants-to-ramp-up-covid-19-testing/,This congressperson wants to ramp up COVID-19 testing,,20201006-1600
https://arstechnica.com/science/2020/10/after-two-scrubs-elon-musk-says-he-will-visit-spacex-launch-sites-in-florida/,"After two scrubs, Elon Musk says he will visit SpaceX launch sites in Florida",,20201006-1600
https://arstechnica.com/science/2020/10/trump-tested-positive-for-coronavirus-wednesday-doctor-reveals-in-briefing/,"Trump’s doctor dodges questions, suggests president tested positive Wednesday",,20201006-1600
https://arstechnica.com/gadgets/2020/10/ipad-2020-micro-review-battle-tested-and-more-than-fast-enough/,iPad (2020) micro-review: Battle-tested and more than fast enough,,20201006-1600
https://arstechnica.com/information-technology/2020/10/russias-fancy-bear-hackers-likely-penetrated-a-federal-agency/,Russia’s Fancy Bear hackers likely penetrated a federal agency,,20201006-1600
https://arstechnica.com/gaming/2020/10/publishers-worry-as-ebooks-fly-off-libraries-virtual-shelves/,Publishers worry as ebooks fly off libraries’ virtual shelves,,20201006-1600
https://arstechnica.com/science/2020/10/trumps-infection-outlook-with-covid-19-and-the-likelihood-of-white-house-spread/,"Trump’s infection, outlook with COVID-19 and the risk of White House spread [Updated]",,20201006-1600
https://arstechnica.com/cars/2020/10/after-12-years-mitsubishi-kills-the-i-miev-electric-car/,"After 12 years, Mitsubishi kills the i-MiEV electric car",,20201006-1600
https://arstechnica.com/gaming/2020/10/review-raised-by-wolves-squanders-early-promise-with-clumsy-bizarre-finale/,"Review: Raised by Wolves squanders early promise with clumsy, bizarre finale",,20201006-1600
https://arstechnica.com/cars/2020/10/honda-shocks-f1-says-it-will-quit-the-sport-after-2021/,"Honda shocks F1, says it will quit the sport after 2021",,20201006-1600
https://arstechnica.com/science/2020/10/last-years-us-emissions-went-down-after-2018-uptick/,Last year’s US emissions went down after 2018 uptick,,20201006-1600
https://arstechnica.com/tech-policy/2020/10/nikola-tries-to-silence-critics-with-copyright-takedowns-of-youtube-videos/,Nikola issues copyright takedowns against critics who use rolling-truck clip,,20201006-1600
https://arstechnica.com/science/2020/10/why-has-virgin-orbit-spent-so-much-on-its-rocket-and-will-it-ever-be-profitable/,"Virgin Orbit has a unique launch capability, but it’s come at a high price",,20201006-1630
https://arstechnica.com/gadgets/2020/10/dell-updates-its-ultrasharp-monitor-lineup-usb-c-mini-led-backlighting-and-more/,"Dell updates its UltraSharp monitor lineup: USB-C, mini-LED backlighting, and more",,20201006-1630
https://arstechnica.com/science/2020/10/spacex-gets-back-on-track-with-a-stunning-starlink-launch-near-sunrise/,SpaceX gets back on track with a stunning Starlink launch near sunrise,,20201006-1630
https://arstechnica.com/information-technology/2020/10/sitrep-with-skyborg-air-force-hopes-to-give-pilots-a-loyal-wingman/,"SITREP: With “Skyborg,” Air Force hopes to give pilots a “loyal wingman”",,20201006-1630
https://arstechnica.com/tech-policy/2020/10/facebooks-endless-quest-for-engagement-is-dangerous-for-us-all/,Facebook’s latest “groups” disaster will only make it more toxic,,20201006-1630
https://arstechnica.com/science/2020/10/archaeologists-delved-into-medieval-cesspits-to-study-old-gut-microbiomes/,Archaeologists delved into medieval cesspits to study old gut microbiomes,,20201006-1630
https://arstechnica.com/information-technology/2020/10/boom-hacked-page-on-mobile-phone-website-is-stealing-customers-card-data/,Boom! Hacked page on mobile phone website is stealing customers’ card data,,20201006-1630
https://arstechnica.com/science/2020/10/doctors-still-evasive-on-trumps-health-as-he-leaves-hospital/,Doctors still evasive on Trump’s health as he leaves hospital,,20201006-1630
https://arstechnica.com/cars/2020/10/nothing-beats-the-honda-civic-type-r-in-terms-of-driving-fun-per-dollar/,The Honda Civic Type-R is more fun to drive than a supercar,,20201006-1630
https://arstechnica.com/gadgets/2020/10/youtube-music-opens-up-google-cast-support-for-everyone/,YouTube Music drops monthly fee for Chromecast support,,20201006-1630
https://arstechnica.com/staff/2020/10/dealmaster-a-number-of-first-party-nintendo-switch-games-are-on-sale-today/,A number of first-party Nintendo Switch games are on sale today,,20201006-1630
https://arstechnica.com/gaming/2020/10/latest-free-guy-trailer-is-giving-us-strong-upload-vibes/,Latest Free Guy trailer is giving us strong Upload vibes,,20201006-1630
https://arstechnica.com/gaming/2020/10/playstation-5-runs-cool-and-quiet-according-to-initial-hands-on-reportss/,"PlayStation 5 runs cool and quiet, according to initial hands-on reports",,20201006-1630
https://arstechnica.com/science/2020/10/a-nobel-prize-for-the-discovery-of-hepatitis-c/,A decades-long struggle to find a virus wins the Nobel,,20201006-1630
https://arstechnica.com/tech-policy/2020/10/life-in-atts-slow-lane-millions-left-without-fiber-as-company-kills-dsl/,"AT&T kills DSL, leaves tens of millions of homes without fiber Internet",,20201006-1630
https://arstechnica.com/cars/2020/10/45-minutes-on-the-road-in-a-prototype-volkswagen-id-4-electric-car/,45 minutes on the road in a prototype Volkswagen ID.4 electric car,,20201006-1630
https://arstechnica.com/gaming/2020/10/the-history-of-galloping-ghost-the-usas-largest-classic-arcade/,"The history of Galloping Ghost, the USA’s largest classic arcade",,20201006-1630
https://arstechnica.com/gadgets/2020/10/disney-marvel-and-pixar-movies-now-available-in-4k-hdr-on-apple-tv-and-itunes/,"Disney, Marvel, and Pixar movies now available in 4K HDR on Apple TV and iTunes",,20201006-1630
https://arstechnica.com/tech-policy/2020/10/excel-glitch-may-have-caused-uk-to-underreport-covid-19-cases-by-15841/,"Botched Excel import may have caused loss of 15,841 UK COVID-19 cases",,20201006-1630
https://arstechnica.com/science/2020/10/metal-detector-enthusiasts-find-6th-century-anglo-saxon-warriors-grave/,Metal detector enthusiasts find 6th-century Anglo-Saxon warrior’s grave,,20201006-1630
https://arstechnica.com/gaming/2020/09/lgrs-clint-basinger-plumbs-the-depths-of-retro-computing-and-his-youtube-comments/,LGR’s Clint Basinger plumbs the depths of retro computing—and his YouTube comments,,20201006-1630
https://arstechnica.com/information-technology/2020/10/custom-made-uefi-bootkit-found-lurking-in-the-wild/,Custom-made UEFI bootkit found lurking in the wild,,20201006-1630
https://arstechnica.com/science/2020/10/nasa-safety-panel-raises-doubts-about-software-testing-for-moon-missions/,Safety panel has “great concern” about NASA plans to test Moon mission software,,20201006-1630
https://arstechnica.com/science/2020/10/archaeologists-find-evidence-of-neurons-in-glassy-brain-of-vesuvius-victim/,Archaeologists find evidence of neurons in glassy brain of Vesuvius victim,,20201006-1630
https://arstechnica.com/cars/2020/10/typical-subaru-and-thats-good-the-2020-outback-reviewed/,2020 Subaru Outback is fan service in the best possible way,,20201006-1630
https://arstechnica.com/tech-policy/2020/10/this-congressperson-wants-to-ramp-up-covid-19-testing/,This congressperson wants to ramp up COVID-19 testing,,20201006-1630
https://arstechnica.com/science/2020/10/after-two-scrubs-elon-musk-says-he-will-visit-spacex-launch-sites-in-florida/,"After two scrubs, Elon Musk says he will visit SpaceX launch sites in Florida",,20201006-1630
https://arstechnica.com/science/2020/10/trump-tested-positive-for-coronavirus-wednesday-doctor-reveals-in-briefing/,"Trump’s doctor dodges questions, suggests president tested positive Wednesday",,20201006-1630
https://arstechnica.com/gadgets/2020/10/ipad-2020-micro-review-battle-tested-and-more-than-fast-enough/,iPad (2020) micro-review: Battle-tested and more than fast enough,,20201006-1630
https://arstechnica.com/information-technology/2020/10/russias-fancy-bear-hackers-likely-penetrated-a-federal-agency/,Russia’s Fancy Bear hackers likely penetrated a federal agency,,20201006-1630
https://arstechnica.com/gaming/2020/10/publishers-worry-as-ebooks-fly-off-libraries-virtual-shelves/,Publishers worry as ebooks fly off libraries’ virtual shelves,,20201006-1630
https://arstechnica.com/science/2020/10/trumps-infection-outlook-with-covid-19-and-the-likelihood-of-white-house-spread/,"Trump’s infection, outlook with COVID-19 and the risk of White House spread [Updated]",,20201006-1630
https://arstechnica.com/cars/2020/10/after-12-years-mitsubishi-kills-the-i-miev-electric-car/,"After 12 years, Mitsubishi kills the i-MiEV electric car",,20201006-1630
https://arstechnica.com/gaming/2020/10/review-raised-by-wolves-squanders-early-promise-with-clumsy-bizarre-finale/,"Review: Raised by Wolves squanders early promise with clumsy, bizarre finale",,20201006-1630
https://arstechnica.com/cars/2020/10/honda-shocks-f1-says-it-will-quit-the-sport-after-2021/,"Honda shocks F1, says it will quit the sport after 2021",,20201006-1630
https://arstechnica.com/science/2020/10/last-years-us-emissions-went-down-after-2018-uptick/,Last year’s US emissions went down after 2018 uptick,,20201006-1630
https://arstechnica.com/tech-policy/2020/10/nikola-tries-to-silence-critics-with-copyright-takedowns-of-youtube-videos/,Nikola issues copyright takedowns against critics who use rolling-truck clip,,20201006-1630
https://arstechnica.com/science/2020/10/why-has-virgin-orbit-spent-so-much-on-its-rocket-and-will-it-ever-be-profitable/,"Virgin Orbit has a unique launch capability, but it’s come at a high price",,20201006-1700
https://arstechnica.com/gadgets/2020/10/dell-updates-its-ultrasharp-monitor-lineup-usb-c-mini-led-backlighting-and-more/,"Dell updates its UltraSharp monitor lineup: USB-C, mini-LED backlighting, and more",,20201006-1700
https://arstechnica.com/science/2020/10/spacex-gets-back-on-track-with-a-stunning-starlink-launch-near-sunrise/,SpaceX gets back on track with a stunning Starlink launch near sunrise,,20201006-1700
https://arstechnica.com/information-technology/2020/10/sitrep-with-skyborg-air-force-hopes-to-give-pilots-a-loyal-wingman/,"SITREP: With “Skyborg,” Air Force hopes to give pilots a “loyal wingman”",,20201006-1700
https://arstechnica.com/tech-policy/2020/10/facebooks-endless-quest-for-engagement-is-dangerous-for-us-all/,Facebook’s latest “groups” disaster will only make it more toxic,,20201006-1700
https://arstechnica.com/science/2020/10/archaeologists-delved-into-medieval-cesspits-to-study-old-gut-microbiomes/,Archaeologists delved into medieval cesspits to study old gut microbiomes,,20201006-1700
https://arstechnica.com/information-technology/2020/10/boom-hacked-page-on-mobile-phone-website-is-stealing-customers-card-data/,Boom! Hacked page on mobile phone website is stealing customers’ card data,,20201006-1700
https://arstechnica.com/science/2020/10/doctors-still-evasive-on-trumps-health-as-he-leaves-hospital/,Doctors still evasive on Trump’s health as he leaves hospital,,20201006-1700
https://arstechnica.com/cars/2020/10/nothing-beats-the-honda-civic-type-r-in-terms-of-driving-fun-per-dollar/,The Honda Civic Type-R is more fun to drive than a supercar,,20201006-1700
https://arstechnica.com/gadgets/2020/10/youtube-music-opens-up-google-cast-support-for-everyone/,YouTube Music drops monthly fee for Chromecast support,,20201006-1700
https://arstechnica.com/staff/2020/10/dealmaster-a-number-of-first-party-nintendo-switch-games-are-on-sale-today/,A number of first-party Nintendo Switch games are on sale today,,20201006-1700
https://arstechnica.com/gaming/2020/10/latest-free-guy-trailer-is-giving-us-strong-upload-vibes/,Latest Free Guy trailer is giving us strong Upload vibes,,20201006-1700
https://arstechnica.com/gaming/2020/10/playstation-5-runs-cool-and-quiet-according-to-initial-hands-on-reportss/,"PlayStation 5 runs cool and quiet, according to initial hands-on reports",,20201006-1700
https://arstechnica.com/science/2020/10/a-nobel-prize-for-the-discovery-of-hepatitis-c/,A decades-long struggle to find a virus wins the Nobel,,20201006-1700
https://arstechnica.com/tech-policy/2020/10/life-in-atts-slow-lane-millions-left-without-fiber-as-company-kills-dsl/,"AT&T kills DSL, leaves tens of millions of homes without fiber Internet",,20201006-1700
https://arstechnica.com/cars/2020/10/45-minutes-on-the-road-in-a-prototype-volkswagen-id-4-electric-car/,45 minutes on the road in a prototype Volkswagen ID.4 electric car,,20201006-1700
https://arstechnica.com/gaming/2020/10/the-history-of-galloping-ghost-the-usas-largest-classic-arcade/,"The history of Galloping Ghost, the USA’s largest classic arcade",,20201006-1700
https://arstechnica.com/gadgets/2020/10/disney-marvel-and-pixar-movies-now-available-in-4k-hdr-on-apple-tv-and-itunes/,"Disney, Marvel, and Pixar movies now available in 4K HDR on Apple TV and iTunes",,20201006-1700
https://arstechnica.com/tech-policy/2020/10/excel-glitch-may-have-caused-uk-to-underreport-covid-19-cases-by-15841/,"Botched Excel import may have caused loss of 15,841 UK COVID-19 cases",,20201006-1700
https://arstechnica.com/science/2020/10/metal-detector-enthusiasts-find-6th-century-anglo-saxon-warriors-grave/,Metal detector enthusiasts find 6th-century Anglo-Saxon warrior’s grave,,20201006-1700
https://arstechnica.com/gaming/2020/09/lgrs-clint-basinger-plumbs-the-depths-of-retro-computing-and-his-youtube-comments/,LGR’s Clint Basinger plumbs the depths of retro computing—and his YouTube comments,,20201006-1700
https://arstechnica.com/information-technology/2020/10/custom-made-uefi-bootkit-found-lurking-in-the-wild/,Custom-made UEFI bootkit found lurking in the wild,,20201006-1700
https://arstechnica.com/science/2020/10/nasa-safety-panel-raises-doubts-about-software-testing-for-moon-missions/,Safety panel has “great concern” about NASA plans to test Moon mission software,,20201006-1700
https://arstechnica.com/science/2020/10/archaeologists-find-evidence-of-neurons-in-glassy-brain-of-vesuvius-victim/,Archaeologists find evidence of neurons in glassy brain of Vesuvius victim,,20201006-1700
https://arstechnica.com/cars/2020/10/typical-subaru-and-thats-good-the-2020-outback-reviewed/,2020 Subaru Outback is fan service in the best possible way,,20201006-1700
https://arstechnica.com/tech-policy/2020/10/this-congressperson-wants-to-ramp-up-covid-19-testing/,This congressperson wants to ramp up COVID-19 testing,,20201006-1700
https://arstechnica.com/science/2020/10/after-two-scrubs-elon-musk-says-he-will-visit-spacex-launch-sites-in-florida/,"After two scrubs, Elon Musk says he will visit SpaceX launch sites in Florida",,20201006-1700
https://arstechnica.com/science/2020/10/trump-tested-positive-for-coronavirus-wednesday-doctor-reveals-in-briefing/,"Trump’s doctor dodges questions, suggests president tested positive Wednesday",,20201006-1700
https://arstechnica.com/gadgets/2020/10/ipad-2020-micro-review-battle-tested-and-more-than-fast-enough/,iPad (2020) micro-review: Battle-tested and more than fast enough,,20201006-1700
https://arstechnica.com/information-technology/2020/10/russias-fancy-bear-hackers-likely-penetrated-a-federal-agency/,Russia’s Fancy Bear hackers likely penetrated a federal agency,,20201006-1700
https://arstechnica.com/gaming/2020/10/publishers-worry-as-ebooks-fly-off-libraries-virtual-shelves/,Publishers worry as ebooks fly off libraries’ virtual shelves,,20201006-1700
https://arstechnica.com/science/2020/10/trumps-infection-outlook-with-covid-19-and-the-likelihood-of-white-house-spread/,"Trump’s infection, outlook with COVID-19 and the risk of White House spread [Updated]",,20201006-1700
https://arstechnica.com/cars/2020/10/after-12-years-mitsubishi-kills-the-i-miev-electric-car/,"After 12 years, Mitsubishi kills the i-MiEV electric car",,20201006-1700
https://arstechnica.com/gaming/2020/10/review-raised-by-wolves-squanders-early-promise-with-clumsy-bizarre-finale/,"Review: Raised by Wolves squanders early promise with clumsy, bizarre finale",,20201006-1700
https://arstechnica.com/cars/2020/10/honda-shocks-f1-says-it-will-quit-the-sport-after-2021/,"Honda shocks F1, says it will quit the sport after 2021",,20201006-1700
https://arstechnica.com/science/2020/10/last-years-us-emissions-went-down-after-2018-uptick/,Last year’s US emissions went down after 2018 uptick,,20201006-1700
https://arstechnica.com/tech-policy/2020/10/nikola-tries-to-silence-critics-with-copyright-takedowns-of-youtube-videos/,Nikola issues copyright takedowns against critics who use rolling-truck clip,,20201006-1700
https://arstechnica.com/science/2020/10/why-has-virgin-orbit-spent-so-much-on-its-rocket-and-will-it-ever-be-profitable/,"Virgin Orbit has a unique launch capability, but it’s come at a high price",,20201006-1730
https://arstechnica.com/tech-policy/2020/10/john-mcafee-arrested-indicted-on-tax-evasion-charges-sued-for-fraud/,"John McAfee arrested, indicted on tax evasion charges, sued for fraud",,20201006-1730
https://arstechnica.com/gadgets/2020/10/apple-announces-october-13-event-will-probably-unveil-iphone-12/,"“Hi, Speed”: Apple’s October 13 event is expected to reveal iPhone 12",,20201006-1730
https://arstechnica.com/gaming/2020/10/baldurs-gate-3-early-access-mediocre-rpg-amazing-rendering-engine/,"I played 10 hours of Baldur’s Gate 3 early access, and I want them back",,20201006-1730
https://arstechnica.com/gadgets/2020/10/dell-updates-its-ultrasharp-monitor-lineup-usb-c-mini-led-backlighting-and-more/,"Dell updates its UltraSharp monitor lineup: USB-C, mini-LED backlighting, and more",,20201006-1730
https://arstechnica.com/science/2020/10/spacex-gets-back-on-track-with-a-stunning-starlink-launch-near-sunrise/,SpaceX gets back on track with a stunning Starlink launch near sunrise,,20201006-1730
https://arstechnica.com/information-technology/2020/10/sitrep-with-skyborg-air-force-hopes-to-give-pilots-a-loyal-wingman/,"SITREP: With “Skyborg,” Air Force hopes to give pilots a “loyal wingman”",,20201006-1730
https://arstechnica.com/tech-policy/2020/10/facebooks-endless-quest-for-engagement-is-dangerous-for-us-all/,Facebook’s latest “groups” disaster will only make it more toxic,,20201006-1730
https://arstechnica.com/science/2020/10/archaeologists-delved-into-medieval-cesspits-to-study-old-gut-microbiomes/,Archaeologists delved into medieval cesspits to study old gut microbiomes,,20201006-1730
https://arstechnica.com/information-technology/2020/10/boom-hacked-page-on-mobile-phone-website-is-stealing-customers-card-data/,Boom! Hacked page on mobile phone website is stealing customers’ card data,,20201006-1730
https://arstechnica.com/science/2020/10/doctors-still-evasive-on-trumps-health-as-he-leaves-hospital/,Doctors still evasive on Trump’s health as he leaves hospital,,20201006-1730
https://arstechnica.com/cars/2020/10/nothing-beats-the-honda-civic-type-r-in-terms-of-driving-fun-per-dollar/,The Honda Civic Type-R is more fun to drive than a supercar,,20201006-1730
https://arstechnica.com/gadgets/2020/10/youtube-music-opens-up-google-cast-support-for-everyone/,YouTube Music drops monthly fee for Chromecast support,,20201006-1730
https://arstechnica.com/staff/2020/10/dealmaster-a-number-of-first-party-nintendo-switch-games-are-on-sale-today/,A number of first-party Nintendo Switch games are on sale today,,20201006-1730
https://arstechnica.com/gaming/2020/10/latest-free-guy-trailer-is-giving-us-strong-upload-vibes/,Latest Free Guy trailer is giving us strong Upload vibes,,20201006-1730
https://arstechnica.com/gaming/2020/10/playstation-5-runs-cool-and-quiet-according-to-initial-hands-on-reportss/,"PlayStation 5 runs cool and quiet, according to initial hands-on reports",,20201006-1730
https://arstechnica.com/science/2020/10/a-nobel-prize-for-the-discovery-of-hepatitis-c/,A decades-long struggle to find a virus wins the Nobel,,20201006-1730
https://arstechnica.com/tech-policy/2020/10/life-in-atts-slow-lane-millions-left-without-fiber-as-company-kills-dsl/,"AT&T kills DSL, leaves tens of millions of homes without fiber Internet",,20201006-1730
https://arstechnica.com/cars/2020/10/45-minutes-on-the-road-in-a-prototype-volkswagen-id-4-electric-car/,45 minutes on the road in a prototype Volkswagen ID.4 electric car,,20201006-1730
https://arstechnica.com/gaming/2020/10/the-history-of-galloping-ghost-the-usas-largest-classic-arcade/,"The history of Galloping Ghost, the USA’s largest classic arcade",,20201006-1730
https://arstechnica.com/gaming/2020/09/lgrs-clint-basinger-plumbs-the-depths-of-retro-computing-and-his-youtube-comments/,LGR’s Clint Basinger plumbs the depths of retro computing—and his YouTube comments,,20201006-1730
https://arstechnica.com/gadgets/2020/10/disney-marvel-and-pixar-movies-now-available-in-4k-hdr-on-apple-tv-and-itunes/,"Disney, Marvel, and Pixar movies now available in 4K HDR on Apple TV and iTunes",,20201006-1730
https://arstechnica.com/tech-policy/2020/10/excel-glitch-may-have-caused-uk-to-underreport-covid-19-cases-by-15841/,"Botched Excel import may have caused loss of 15,841 UK COVID-19 cases",,20201006-1730
https://arstechnica.com/science/2020/10/metal-detector-enthusiasts-find-6th-century-anglo-saxon-warriors-grave/,Metal detector enthusiasts find 6th-century Anglo-Saxon warrior’s grave,,20201006-1730
https://arstechnica.com/information-technology/2020/10/custom-made-uefi-bootkit-found-lurking-in-the-wild/,Custom-made UEFI bootkit found lurking in the wild,,20201006-1730
https://arstechnica.com/science/2020/10/nasa-safety-panel-raises-doubts-about-software-testing-for-moon-missions/,Safety panel has “great concern” about NASA plans to test Moon mission software,,20201006-1730
https://arstechnica.com/science/2020/10/archaeologists-find-evidence-of-neurons-in-glassy-brain-of-vesuvius-victim/,Archaeologists find evidence of neurons in glassy brain of Vesuvius victim,,20201006-1730
https://arstechnica.com/cars/2020/10/typical-subaru-and-thats-good-the-2020-outback-reviewed/,2020 Subaru Outback is fan service in the best possible way,,20201006-1730
https://arstechnica.com/tech-policy/2020/10/this-congressperson-wants-to-ramp-up-covid-19-testing/,This congressperson wants to ramp up COVID-19 testing,,20201006-1730
https://arstechnica.com/science/2020/10/after-two-scrubs-elon-musk-says-he-will-visit-spacex-launch-sites-in-florida/,"After two scrubs, Elon Musk says he will visit SpaceX launch sites in Florida",,20201006-1730
https://arstechnica.com/science/2020/10/trump-tested-positive-for-coronavirus-wednesday-doctor-reveals-in-briefing/,"Trump’s doctor dodges questions, suggests president tested positive Wednesday",,20201006-1730
https://arstechnica.com/gadgets/2020/10/ipad-2020-micro-review-battle-tested-and-more-than-fast-enough/,iPad (2020) micro-review: Battle-tested and more than fast enough,,20201006-1730
https://arstechnica.com/information-technology/2020/10/russias-fancy-bear-hackers-likely-penetrated-a-federal-agency/,Russia’s Fancy Bear hackers likely penetrated a federal agency,,20201006-1730
https://arstechnica.com/gaming/2020/10/publishers-worry-as-ebooks-fly-off-libraries-virtual-shelves/,Publishers worry as ebooks fly off libraries’ virtual shelves,,20201006-1730
https://arstechnica.com/science/2020/10/trumps-infection-outlook-with-covid-19-and-the-likelihood-of-white-house-spread/,"Trump’s infection, outlook with COVID-19 and the risk of White House spread [Updated]",,20201006-1730
https://arstechnica.com/cars/2020/10/after-12-years-mitsubishi-kills-the-i-miev-electric-car/,"After 12 years, Mitsubishi kills the i-MiEV electric car",,20201006-1730
https://arstechnica.com/gaming/2020/10/review-raised-by-wolves-squanders-early-promise-with-clumsy-bizarre-finale/,"Review: Raised by Wolves squanders early promise with clumsy, bizarre finale",,20201006-1730
https://arstechnica.com/science/2020/10/why-has-virgin-orbit-spent-so-much-on-its-rocket-and-will-it-ever-be-profitable/,"Virgin Orbit has a unique launch capability, but it’s come at a high price",,20201006-1800
https://arstechnica.com/science/2020/10/russian-space-corporation-unveils-planned-amur-rocket-and-it-looks-familiar/,Russian space corporation unveils planned “Amur” rocket—and it looks familiar,,20201006-1800
https://arstechnica.com/gadgets/2020/10/google-rebrands-g-suite-as-google-workplace-ships-new-multi-colored-icons/,"Google rebrands G Suite as “Google Workplace,” ships new multi-colored icons",,20201006-1800
https://arstechnica.com/tech-policy/2020/10/john-mcafee-arrested-indicted-on-tax-evasion-charges-sued-for-fraud/,"John McAfee arrested, indicted on tax evasion charges, sued for fraud",,20201006-1800
https://arstechnica.com/gadgets/2020/10/apple-announces-october-13-event-will-probably-unveil-iphone-12/,"“Hi, Speed”: Apple’s October 13 event is expected to reveal iPhone 12",,20201006-1800
https://arstechnica.com/gaming/2020/10/baldurs-gate-3-early-access-mediocre-rpg-amazing-rendering-engine/,"I played 15 hours of Baldur’s Gate 3 early access, and I want them back",,20201006-1800
https://arstechnica.com/gadgets/2020/10/dell-updates-its-ultrasharp-monitor-lineup-usb-c-mini-led-backlighting-and-more/,"Dell updates its UltraSharp monitor lineup: USB-C, mini-LED backlighting, and more",,20201006-1800
https://arstechnica.com/science/2020/10/spacex-gets-back-on-track-with-a-stunning-starlink-launch-near-sunrise/,SpaceX gets back on track with a stunning Starlink launch near sunrise,,20201006-1800
https://arstechnica.com/information-technology/2020/10/sitrep-with-skyborg-air-force-hopes-to-give-pilots-a-loyal-wingman/,"SITREP: With “Skyborg,” Air Force hopes to give pilots a “loyal wingman”",,20201006-1800
https://arstechnica.com/tech-policy/2020/10/facebooks-endless-quest-for-engagement-is-dangerous-for-us-all/,Facebook’s latest “groups” disaster will only make it more toxic,,20201006-1800
https://arstechnica.com/science/2020/10/archaeologists-delved-into-medieval-cesspits-to-study-old-gut-microbiomes/,Archaeologists delved into medieval cesspits to study old gut microbiomes,,20201006-1800
https://arstechnica.com/information-technology/2020/10/boom-hacked-page-on-mobile-phone-website-is-stealing-customers-card-data/,Boom! Hacked page on mobile phone website is stealing customers’ card data,,20201006-1800
https://arstechnica.com/science/2020/10/doctors-still-evasive-on-trumps-health-as-he-leaves-hospital/,Doctors still evasive on Trump’s health as he leaves hospital,,20201006-1800
https://arstechnica.com/cars/2020/10/nothing-beats-the-honda-civic-type-r-in-terms-of-driving-fun-per-dollar/,The Honda Civic Type-R is more fun to drive than a supercar,,20201006-1800
https://arstechnica.com/gadgets/2020/10/youtube-music-opens-up-google-cast-support-for-everyone/,YouTube Music drops monthly fee for Chromecast support,,20201006-1800
https://arstechnica.com/staff/2020/10/dealmaster-a-number-of-first-party-nintendo-switch-games-are-on-sale-today/,A number of first-party Nintendo Switch games are on sale today,,20201006-1800
https://arstechnica.com/gaming/2020/10/latest-free-guy-trailer-is-giving-us-strong-upload-vibes/,Latest Free Guy trailer is giving us strong Upload vibes,,20201006-1800
https://arstechnica.com/gaming/2020/10/playstation-5-runs-cool-and-quiet-according-to-initial-hands-on-reportss/,"PlayStation 5 runs cool and quiet, according to initial hands-on reports",,20201006-1800
https://arstechnica.com/science/2020/10/a-nobel-prize-for-the-discovery-of-hepatitis-c/,A decades-long struggle to find a virus wins the Nobel,,20201006-1800
https://arstechnica.com/tech-policy/2020/10/life-in-atts-slow-lane-millions-left-without-fiber-as-company-kills-dsl/,"AT&T kills DSL, leaves tens of millions of homes without fiber Internet",,20201006-1800
https://arstechnica.com/gaming/2020/09/lgrs-clint-basinger-plumbs-the-depths-of-retro-computing-and-his-youtube-comments/,LGR’s Clint Basinger plumbs the depths of retro computing—and his YouTube comments,,20201006-1800
https://arstechnica.com/cars/2020/10/45-minutes-on-the-road-in-a-prototype-volkswagen-id-4-electric-car/,45 minutes on the road in a prototype Volkswagen ID.4 electric car,,20201006-1800
https://arstechnica.com/gaming/2020/10/the-history-of-galloping-ghost-the-usas-largest-classic-arcade/,"The history of Galloping Ghost, the USA’s largest classic arcade",,20201006-1800
https://arstechnica.com/gadgets/2020/10/disney-marvel-and-pixar-movies-now-available-in-4k-hdr-on-apple-tv-and-itunes/,"Disney, Marvel, and Pixar movies now available in 4K HDR on Apple TV and iTunes",,20201006-1800
https://arstechnica.com/tech-policy/2020/10/excel-glitch-may-have-caused-uk-to-underreport-covid-19-cases-by-15841/,"Botched Excel import may have caused loss of 15,841 UK COVID-19 cases",,20201006-1800
https://arstechnica.com/science/2020/10/metal-detector-enthusiasts-find-6th-century-anglo-saxon-warriors-grave/,Metal detector enthusiasts find 6th-century Anglo-Saxon warrior’s grave,,20201006-1800
https://arstechnica.com/information-technology/2020/10/custom-made-uefi-bootkit-found-lurking-in-the-wild/,Custom-made UEFI bootkit found lurking in the wild,,20201006-1800
https://arstechnica.com/science/2020/10/nasa-safety-panel-raises-doubts-about-software-testing-for-moon-missions/,Safety panel has “great concern” about NASA plans to test Moon mission software,,20201006-1800
https://arstechnica.com/science/2020/10/archaeologists-find-evidence-of-neurons-in-glassy-brain-of-vesuvius-victim/,Archaeologists find evidence of neurons in glassy brain of Vesuvius victim,,20201006-1800
https://arstechnica.com/cars/2020/10/typical-subaru-and-thats-good-the-2020-outback-reviewed/,2020 Subaru Outback is fan service in the best possible way,,20201006-1800
https://arstechnica.com/tech-policy/2020/10/this-congressperson-wants-to-ramp-up-covid-19-testing/,This congressperson wants to ramp up COVID-19 testing,,20201006-1800
https://arstechnica.com/science/2020/10/after-two-scrubs-elon-musk-says-he-will-visit-spacex-launch-sites-in-florida/,"After two scrubs, Elon Musk says he will visit SpaceX launch sites in Florida",,20201006-1800
https://arstechnica.com/science/2020/10/trump-tested-positive-for-coronavirus-wednesday-doctor-reveals-in-briefing/,"Trump’s doctor dodges questions, suggests president tested positive Wednesday",,20201006-1800
https://arstechnica.com/gadgets/2020/10/ipad-2020-micro-review-battle-tested-and-more-than-fast-enough/,iPad (2020) micro-review: Battle-tested and more than fast enough,,20201006-1800
https://arstechnica.com/information-technology/2020/10/russias-fancy-bear-hackers-likely-penetrated-a-federal-agency/,Russia’s Fancy Bear hackers likely penetrated a federal agency,,20201006-1800
https://arstechnica.com/gaming/2020/10/publishers-worry-as-ebooks-fly-off-libraries-virtual-shelves/,Publishers worry as ebooks fly off libraries’ virtual shelves,,20201006-1800
https://arstechnica.com/science/2020/10/trumps-infection-outlook-with-covid-19-and-the-likelihood-of-white-house-spread/,"Trump’s infection, outlook with COVID-19 and the risk of White House spread [Updated]",,20201006-1800
https://arstechnica.com/science/2020/10/why-has-virgin-orbit-spent-so-much-on-its-rocket-and-will-it-ever-be-profitable/,"Virgin Orbit has a unique launch capability, but it’s come at a high price",,20201006-1830
https://arstechnica.com/science/2020/10/russian-space-corporation-unveils-planned-amur-rocket-and-it-looks-familiar/,Russian space corporation unveils planned “Amur” rocket—and it looks familiar,,20201006-1830
https://arstechnica.com/gadgets/2020/10/google-rebrands-g-suite-as-google-workplace-ships-new-multi-colored-icons/,Google rebrands G Suite as “Google Workspace” ships new multi-colored icons,,20201006-1830
https://arstechnica.com/tech-policy/2020/10/john-mcafee-arrested-indicted-on-tax-evasion-charges-sued-for-fraud/,"John McAfee arrested, indicted on tax evasion charges, sued for fraud",,20201006-1830
https://arstechnica.com/gadgets/2020/10/apple-announces-october-13-event-will-probably-unveil-iphone-12/,"“Hi, Speed”: Apple’s October 13 event is expected to reveal iPhone 12",,20201006-1830
https://arstechnica.com/gaming/2020/10/baldurs-gate-3-early-access-mediocre-rpg-amazing-rendering-engine/,"I played 15 hours of Baldur’s Gate 3 early access, and I want them back",,20201006-1830
https://arstechnica.com/gadgets/2020/10/dell-updates-its-ultrasharp-monitor-lineup-usb-c-mini-led-backlighting-and-more/,"Dell updates its UltraSharp monitor lineup: USB-C, mini-LED backlighting, and more",,20201006-1830
https://arstechnica.com/science/2020/10/spacex-gets-back-on-track-with-a-stunning-starlink-launch-near-sunrise/,SpaceX gets back on track with a stunning Starlink launch near sunrise,,20201006-1830
https://arstechnica.com/information-technology/2020/10/sitrep-with-skyborg-air-force-hopes-to-give-pilots-a-loyal-wingman/,"SITREP: With “Skyborg,” Air Force hopes to give pilots a “loyal wingman”",,20201006-1830
https://arstechnica.com/tech-policy/2020/10/facebooks-endless-quest-for-engagement-is-dangerous-for-us-all/,Facebook’s latest “groups” disaster will only make it more toxic,,20201006-1830
https://arstechnica.com/science/2020/10/archaeologists-delved-into-medieval-cesspits-to-study-old-gut-microbiomes/,Archaeologists delved into medieval cesspits to study old gut microbiomes,,20201006-1830
https://arstechnica.com/information-technology/2020/10/boom-hacked-page-on-mobile-phone-website-is-stealing-customers-card-data/,Boom! Hacked page on mobile phone website is stealing customers’ card data,,20201006-1830
https://arstechnica.com/science/2020/10/doctors-still-evasive-on-trumps-health-as-he-leaves-hospital/,Doctors still evasive on Trump’s health as he leaves hospital,,20201006-1830
https://arstechnica.com/cars/2020/10/nothing-beats-the-honda-civic-type-r-in-terms-of-driving-fun-per-dollar/,The Honda Civic Type-R is more fun to drive than a supercar,,20201006-1830
https://arstechnica.com/gadgets/2020/10/youtube-music-opens-up-google-cast-support-for-everyone/,YouTube Music drops monthly fee for Chromecast support,,20201006-1830
https://arstechnica.com/staff/2020/10/dealmaster-a-number-of-first-party-nintendo-switch-games-are-on-sale-today/,A number of first-party Nintendo Switch games are on sale today,,20201006-1830
https://arstechnica.com/gaming/2020/10/latest-free-guy-trailer-is-giving-us-strong-upload-vibes/,Latest Free Guy trailer is giving us strong Upload vibes,,20201006-1830
https://arstechnica.com/gaming/2020/10/playstation-5-runs-cool-and-quiet-according-to-initial-hands-on-reportss/,"PlayStation 5 runs cool and quiet, according to initial hands-on reports",,20201006-1830
https://arstechnica.com/science/2020/10/a-nobel-prize-for-the-discovery-of-hepatitis-c/,A decades-long struggle to find a virus wins the Nobel,,20201006-1830
https://arstechnica.com/tech-policy/2020/10/life-in-atts-slow-lane-millions-left-without-fiber-as-company-kills-dsl/,"AT&T kills DSL, leaves tens of millions of homes without fiber Internet",,20201006-1830
https://arstechnica.com/gaming/2020/09/lgrs-clint-basinger-plumbs-the-depths-of-retro-computing-and-his-youtube-comments/,LGR’s Clint Basinger plumbs the depths of retro computing—and his YouTube comments,,20201006-1830
https://arstechnica.com/cars/2020/10/45-minutes-on-the-road-in-a-prototype-volkswagen-id-4-electric-car/,45 minutes on the road in a prototype Volkswagen ID.4 electric car,,20201006-1830
https://arstechnica.com/gaming/2020/10/the-history-of-galloping-ghost-the-usas-largest-classic-arcade/,"The history of Galloping Ghost, the USA’s largest classic arcade",,20201006-1830
https://arstechnica.com/gadgets/2020/10/disney-marvel-and-pixar-movies-now-available-in-4k-hdr-on-apple-tv-and-itunes/,"Disney, Marvel, and Pixar movies now available in 4K HDR on Apple TV and iTunes",,20201006-1830
https://arstechnica.com/tech-policy/2020/10/excel-glitch-may-have-caused-uk-to-underreport-covid-19-cases-by-15841/,"Botched Excel import may have caused loss of 15,841 UK COVID-19 cases",,20201006-1830
https://arstechnica.com/science/2020/10/metal-detector-enthusiasts-find-6th-century-anglo-saxon-warriors-grave/,Metal detector enthusiasts find 6th-century Anglo-Saxon warrior’s grave,,20201006-1830
https://arstechnica.com/information-technology/2020/10/custom-made-uefi-bootkit-found-lurking-in-the-wild/,Custom-made UEFI bootkit found lurking in the wild,,20201006-1830
https://arstechnica.com/science/2020/10/nasa-safety-panel-raises-doubts-about-software-testing-for-moon-missions/,Safety panel has “great concern” about NASA plans to test Moon mission software,,20201006-1830
https://arstechnica.com/science/2020/10/archaeologists-find-evidence-of-neurons-in-glassy-brain-of-vesuvius-victim/,Archaeologists find evidence of neurons in glassy brain of Vesuvius victim,,20201006-1830
https://arstechnica.com/cars/2020/10/typical-subaru-and-thats-good-the-2020-outback-reviewed/,2020 Subaru Outback is fan service in the best possible way,,20201006-1830
https://arstechnica.com/tech-policy/2020/10/this-congressperson-wants-to-ramp-up-covid-19-testing/,This congressperson wants to ramp up COVID-19 testing,,20201006-1830
https://arstechnica.com/science/2020/10/after-two-scrubs-elon-musk-says-he-will-visit-spacex-launch-sites-in-florida/,"After two scrubs, Elon Musk says he will visit SpaceX launch sites in Florida",,20201006-1830
https://arstechnica.com/science/2020/10/trump-tested-positive-for-coronavirus-wednesday-doctor-reveals-in-briefing/,"Trump’s doctor dodges questions, suggests president tested positive Wednesday",,20201006-1830
https://arstechnica.com/gadgets/2020/10/ipad-2020-micro-review-battle-tested-and-more-than-fast-enough/,iPad (2020) micro-review: Battle-tested and more than fast enough,,20201006-1830
https://arstechnica.com/information-technology/2020/10/russias-fancy-bear-hackers-likely-penetrated-a-federal-agency/,Russia’s Fancy Bear hackers likely penetrated a federal agency,,20201006-1830
https://arstechnica.com/gaming/2020/10/publishers-worry-as-ebooks-fly-off-libraries-virtual-shelves/,Publishers worry as ebooks fly off libraries’ virtual shelves,,20201006-1830
https://arstechnica.com/science/2020/10/trumps-infection-outlook-with-covid-19-and-the-likelihood-of-white-house-spread/,"Trump’s infection, outlook with COVID-19 and the risk of White House spread [Updated]",,20201006-1830
https://arstechnica.com/science/2020/10/why-has-virgin-orbit-spent-so-much-on-its-rocket-and-will-it-ever-be-profitable/,"Virgin Orbit has a unique launch capability, but it’s come at a high price",,20201006-1900
https://arstechnica.com/information-technology/2020/10/buying-verizon-5g-home-is-even-harder-than-finding-a-verizon-mobile-5g-signal/,Buying Verizon 5G Home is even harder than finding a Verizon mobile 5G signal,,20201006-1900
https://arstechnica.com/science/2020/10/russian-space-corporation-unveils-planned-amur-rocket-and-it-looks-familiar/,Russian space corporation unveils planned “Amur” rocket—and it looks familiar,,20201006-1900
https://arstechnica.com/gadgets/2020/10/google-rebrands-g-suite-as-google-workplace-ships-new-multi-colored-icons/,"Behold the new icons for Gmail, Drive, Calendar, and Meet",,20201006-1900
https://arstechnica.com/tech-policy/2020/10/john-mcafee-arrested-indicted-on-tax-evasion-charges-sued-for-fraud/,"John McAfee arrested, indicted on tax evasion charges, sued for fraud",,20201006-1900
https://arstechnica.com/gadgets/2020/10/apple-announces-october-13-event-will-probably-unveil-iphone-12/,"“Hi, Speed”: Apple’s October 13 event is expected to reveal iPhone 12",,20201006-1900
https://arstechnica.com/gaming/2020/10/baldurs-gate-3-early-access-mediocre-rpg-amazing-rendering-engine/,"I played 15 hours of Baldur’s Gate 3 early access, and I want them back",,20201006-1900
https://arstechnica.com/gadgets/2020/10/dell-updates-its-ultrasharp-monitor-lineup-usb-c-mini-led-backlighting-and-more/,"Dell updates its UltraSharp monitor lineup: USB-C, mini-LED backlighting, and more",,20201006-1900
https://arstechnica.com/science/2020/10/spacex-gets-back-on-track-with-a-stunning-starlink-launch-near-sunrise/,SpaceX gets back on track with a stunning Starlink launch near sunrise,,20201006-1900
https://arstechnica.com/information-technology/2020/10/sitrep-with-skyborg-air-force-hopes-to-give-pilots-a-loyal-wingman/,"SITREP: With “Skyborg,” Air Force hopes to give pilots a “loyal wingman”",,20201006-1900
https://arstechnica.com/tech-policy/2020/10/facebooks-endless-quest-for-engagement-is-dangerous-for-us-all/,Facebook’s latest “groups” disaster will only make it more toxic,,20201006-1900
https://arstechnica.com/science/2020/10/archaeologists-delved-into-medieval-cesspits-to-study-old-gut-microbiomes/,Archaeologists delved into medieval cesspits to study old gut microbiomes,,20201006-1900
https://arstechnica.com/information-technology/2020/10/boom-hacked-page-on-mobile-phone-website-is-stealing-customers-card-data/,Boom! Hacked page on mobile phone website is stealing customers’ card data,,20201006-1900
https://arstechnica.com/science/2020/10/doctors-still-evasive-on-trumps-health-as-he-leaves-hospital/,Doctors still evasive on Trump’s health as he leaves hospital,,20201006-1900
https://arstechnica.com/cars/2020/10/nothing-beats-the-honda-civic-type-r-in-terms-of-driving-fun-per-dollar/,The Honda Civic Type-R is more fun to drive than a supercar,,20201006-1900
https://arstechnica.com/gadgets/2020/10/youtube-music-opens-up-google-cast-support-for-everyone/,YouTube Music drops monthly fee for Chromecast support,,20201006-1900
https://arstechnica.com/staff/2020/10/dealmaster-a-number-of-first-party-nintendo-switch-games-are-on-sale-today/,A number of first-party Nintendo Switch games are on sale today,,20201006-1900
https://arstechnica.com/gaming/2020/10/latest-free-guy-trailer-is-giving-us-strong-upload-vibes/,Latest Free Guy trailer is giving us strong Upload vibes,,20201006-1900
https://arstechnica.com/gaming/2020/10/playstation-5-runs-cool-and-quiet-according-to-initial-hands-on-reportss/,"PlayStation 5 runs cool and quiet, according to initial hands-on reports",,20201006-1900
https://arstechnica.com/science/2020/10/a-nobel-prize-for-the-discovery-of-hepatitis-c/,A decades-long struggle to find a virus wins the Nobel,,20201006-1900
https://arstechnica.com/gaming/2020/09/lgrs-clint-basinger-plumbs-the-depths-of-retro-computing-and-his-youtube-comments/,LGR’s Clint Basinger plumbs the depths of retro computing—and his YouTube comments,,20201006-1900
https://arstechnica.com/tech-policy/2020/10/life-in-atts-slow-lane-millions-left-without-fiber-as-company-kills-dsl/,"AT&T kills DSL, leaves tens of millions of homes without fiber Internet",,20201006-1900
https://arstechnica.com/cars/2020/10/45-minutes-on-the-road-in-a-prototype-volkswagen-id-4-electric-car/,45 minutes on the road in a prototype Volkswagen ID.4 electric car,,20201006-1900
https://arstechnica.com/gaming/2020/10/the-history-of-galloping-ghost-the-usas-largest-classic-arcade/,"The history of Galloping Ghost, the USA’s largest classic arcade",,20201006-1900
https://arstechnica.com/gadgets/2020/10/disney-marvel-and-pixar-movies-now-available-in-4k-hdr-on-apple-tv-and-itunes/,"Disney, Marvel, and Pixar movies now available in 4K HDR on Apple TV and iTunes",,20201006-1900
https://arstechnica.com/tech-policy/2020/10/excel-glitch-may-have-caused-uk-to-underreport-covid-19-cases-by-15841/,"Botched Excel import may have caused loss of 15,841 UK COVID-19 cases",,20201006-1900
https://arstechnica.com/science/2020/10/metal-detector-enthusiasts-find-6th-century-anglo-saxon-warriors-grave/,Metal detector enthusiasts find 6th-century Anglo-Saxon warrior’s grave,,20201006-1900
https://arstechnica.com/information-technology/2020/10/custom-made-uefi-bootkit-found-lurking-in-the-wild/,Custom-made UEFI bootkit found lurking in the wild,,20201006-1900
https://arstechnica.com/science/2020/10/nasa-safety-panel-raises-doubts-about-software-testing-for-moon-missions/,Safety panel has “great concern” about NASA plans to test Moon mission software,,20201006-1900
https://arstechnica.com/science/2020/10/archaeologists-find-evidence-of-neurons-in-glassy-brain-of-vesuvius-victim/,Archaeologists find evidence of neurons in glassy brain of Vesuvius victim,,20201006-1900
https://arstechnica.com/cars/2020/10/typical-subaru-and-thats-good-the-2020-outback-reviewed/,2020 Subaru Outback is fan service in the best possible way,,20201006-1900
https://arstechnica.com/tech-policy/2020/10/this-congressperson-wants-to-ramp-up-covid-19-testing/,This congressperson wants to ramp up COVID-19 testing,,20201006-1900
https://arstechnica.com/science/2020/10/after-two-scrubs-elon-musk-says-he-will-visit-spacex-launch-sites-in-florida/,"After two scrubs, Elon Musk says he will visit SpaceX launch sites in Florida",,20201006-1900
https://arstechnica.com/science/2020/10/trump-tested-positive-for-coronavirus-wednesday-doctor-reveals-in-briefing/,"Trump’s doctor dodges questions, suggests president tested positive Wednesday",,20201006-1900
https://arstechnica.com/gadgets/2020/10/ipad-2020-micro-review-battle-tested-and-more-than-fast-enough/,iPad (2020) micro-review: Battle-tested and more than fast enough,,20201006-1900
https://arstechnica.com/information-technology/2020/10/russias-fancy-bear-hackers-likely-penetrated-a-federal-agency/,Russia’s Fancy Bear hackers likely penetrated a federal agency,,20201006-1900
https://arstechnica.com/gaming/2020/10/publishers-worry-as-ebooks-fly-off-libraries-virtual-shelves/,Publishers worry as ebooks fly off libraries’ virtual shelves,,20201006-1900
https://arstechnica.com/science/2020/10/why-has-virgin-orbit-spent-so-much-on-its-rocket-and-will-it-ever-be-profitable/,"Virgin Orbit has a unique launch capability, but it’s come at a high price",,20201006-1930
https://arstechnica.com/information-technology/2020/10/buying-verizon-5g-home-is-even-harder-than-finding-a-verizon-mobile-5g-signal/,Buying Verizon 5G Home is even harder than finding a Verizon mobile 5G signal,,20201006-1930
https://arstechnica.com/science/2020/10/russian-space-corporation-unveils-planned-amur-rocket-and-it-looks-familiar/,Russian space corporation unveils planned “Amur” rocket—and it looks familiar,,20201006-1930
https://arstechnica.com/gadgets/2020/10/google-rebrands-g-suite-as-google-workplace-ships-new-multi-colored-icons/,"Behold the new icons for Gmail, Drive, Calendar, and Meet",,20201006-1930
https://arstechnica.com/tech-policy/2020/10/john-mcafee-arrested-indicted-on-tax-evasion-charges-sued-for-fraud/,"John McAfee arrested, indicted on tax evasion charges, sued for fraud",,20201006-1930
https://arstechnica.com/gadgets/2020/10/apple-announces-october-13-event-will-probably-unveil-iphone-12/,"“Hi, Speed”: Apple’s October 13 event is expected to reveal iPhone 12",,20201006-1930
https://arstechnica.com/gaming/2020/10/baldurs-gate-3-early-access-mediocre-rpg-amazing-rendering-engine/,"I played 15 hours of Baldur’s Gate 3 early access, and I want them back",,20201006-1930
https://arstechnica.com/gadgets/2020/10/dell-updates-its-ultrasharp-monitor-lineup-usb-c-mini-led-backlighting-and-more/,"Dell updates its UltraSharp monitor lineup: USB-C, mini-LED backlighting, and more",,20201006-1930
https://arstechnica.com/science/2020/10/spacex-gets-back-on-track-with-a-stunning-starlink-launch-near-sunrise/,SpaceX gets back on track with a stunning Starlink launch near sunrise,,20201006-1930
https://arstechnica.com/information-technology/2020/10/sitrep-with-skyborg-air-force-hopes-to-give-pilots-a-loyal-wingman/,"SITREP: With “Skyborg,” Air Force hopes to give pilots a “loyal wingman”",,20201006-1930
https://arstechnica.com/tech-policy/2020/10/facebooks-endless-quest-for-engagement-is-dangerous-for-us-all/,Facebook’s latest “groups” disaster will only make it more toxic,,20201006-1930
https://arstechnica.com/science/2020/10/archaeologists-delved-into-medieval-cesspits-to-study-old-gut-microbiomes/,Archaeologists delved into medieval cesspits to study old gut microbiomes,,20201006-1930
https://arstechnica.com/information-technology/2020/10/boom-hacked-page-on-mobile-phone-website-is-stealing-customers-card-data/,Boom! Hacked page on mobile phone website is stealing customers’ card data,,20201006-1930
https://arstechnica.com/science/2020/10/doctors-still-evasive-on-trumps-health-as-he-leaves-hospital/,Doctors still evasive on Trump’s health as he leaves hospital,,20201006-1930
https://arstechnica.com/cars/2020/10/nothing-beats-the-honda-civic-type-r-in-terms-of-driving-fun-per-dollar/,The Honda Civic Type-R is more fun to drive than a supercar,,20201006-1930
https://arstechnica.com/gadgets/2020/10/youtube-music-opens-up-google-cast-support-for-everyone/,YouTube Music drops monthly fee for Chromecast support,,20201006-1930
https://arstechnica.com/staff/2020/10/dealmaster-a-number-of-first-party-nintendo-switch-games-are-on-sale-today/,A number of first-party Nintendo Switch games are on sale today,,20201006-1930
https://arstechnica.com/gaming/2020/10/latest-free-guy-trailer-is-giving-us-strong-upload-vibes/,Latest Free Guy trailer is giving us strong Upload vibes,,20201006-1930
https://arstechnica.com/gaming/2020/10/playstation-5-runs-cool-and-quiet-according-to-initial-hands-on-reportss/,"PlayStation 5 runs cool and quiet, according to initial hands-on reports",,20201006-1930
https://arstechnica.com/science/2020/10/a-nobel-prize-for-the-discovery-of-hepatitis-c/,A decades-long struggle to find a virus wins the Nobel,,20201006-1930
https://arstechnica.com/gaming/2020/09/lgrs-clint-basinger-plumbs-the-depths-of-retro-computing-and-his-youtube-comments/,LGR’s Clint Basinger plumbs the depths of retro computing—and his YouTube comments,,20201006-1930
https://arstechnica.com/tech-policy/2020/10/life-in-atts-slow-lane-millions-left-without-fiber-as-company-kills-dsl/,"AT&T kills DSL, leaves tens of millions of homes without fiber Internet",,20201006-1930
https://arstechnica.com/cars/2020/10/45-minutes-on-the-road-in-a-prototype-volkswagen-id-4-electric-car/,45 minutes on the road in a prototype Volkswagen ID.4 electric car,,20201006-1930
https://arstechnica.com/gaming/2020/10/the-history-of-galloping-ghost-the-usas-largest-classic-arcade/,"The history of Galloping Ghost, the USA’s largest classic arcade",,20201006-1930
https://arstechnica.com/gadgets/2020/10/disney-marvel-and-pixar-movies-now-available-in-4k-hdr-on-apple-tv-and-itunes/,"Disney, Marvel, and Pixar movies now available in 4K HDR on Apple TV and iTunes",,20201006-1930
https://arstechnica.com/tech-policy/2020/10/excel-glitch-may-have-caused-uk-to-underreport-covid-19-cases-by-15841/,"Botched Excel import may have caused loss of 15,841 UK COVID-19 cases",,20201006-1930
https://arstechnica.com/science/2020/10/metal-detector-enthusiasts-find-6th-century-anglo-saxon-warriors-grave/,Metal detector enthusiasts find 6th-century Anglo-Saxon warrior’s grave,,20201006-1930
https://arstechnica.com/information-technology/2020/10/custom-made-uefi-bootkit-found-lurking-in-the-wild/,Custom-made UEFI bootkit found lurking in the wild,,20201006-1930
https://arstechnica.com/science/2020/10/nasa-safety-panel-raises-doubts-about-software-testing-for-moon-missions/,Safety panel has “great concern” about NASA plans to test Moon mission software,,20201006-1930
https://arstechnica.com/science/2020/10/archaeologists-find-evidence-of-neurons-in-glassy-brain-of-vesuvius-victim/,Archaeologists find evidence of neurons in glassy brain of Vesuvius victim,,20201006-1930
https://arstechnica.com/cars/2020/10/typical-subaru-and-thats-good-the-2020-outback-reviewed/,2020 Subaru Outback is fan service in the best possible way,,20201006-1930
https://arstechnica.com/tech-policy/2020/10/this-congressperson-wants-to-ramp-up-covid-19-testing/,This congressperson wants to ramp up COVID-19 testing,,20201006-1930
https://arstechnica.com/science/2020/10/after-two-scrubs-elon-musk-says-he-will-visit-spacex-launch-sites-in-florida/,"After two scrubs, Elon Musk says he will visit SpaceX launch sites in Florida",,20201006-1930
https://arstechnica.com/science/2020/10/trump-tested-positive-for-coronavirus-wednesday-doctor-reveals-in-briefing/,"Trump’s doctor dodges questions, suggests president tested positive Wednesday",,20201006-1930
https://arstechnica.com/gadgets/2020/10/ipad-2020-micro-review-battle-tested-and-more-than-fast-enough/,iPad (2020) micro-review: Battle-tested and more than fast enough,,20201006-1930
https://arstechnica.com/information-technology/2020/10/russias-fancy-bear-hackers-likely-penetrated-a-federal-agency/,Russia’s Fancy Bear hackers likely penetrated a federal agency,,20201006-1930
https://arstechnica.com/gaming/2020/10/publishers-worry-as-ebooks-fly-off-libraries-virtual-shelves/,Publishers worry as ebooks fly off libraries’ virtual shelves,,20201006-1930
https://arstechnica.com/science/2020/10/why-has-virgin-orbit-spent-so-much-on-its-rocket-and-will-it-ever-be-profitable/,"Virgin Orbit has a unique launch capability, but it’s come at a high price",,20201006-2000
https://arstechnica.com/information-technology/2020/10/buying-verizon-5g-home-is-even-harder-than-finding-a-verizon-mobile-5g-signal/,Buying Verizon 5G Home is even harder than finding a Verizon mobile 5G signal,,20201006-2000
https://arstechnica.com/science/2020/10/russian-space-corporation-unveils-planned-amur-rocket-and-it-looks-familiar/,Russian space corporation unveils planned “Amur” rocket—and it looks familiar,,20201006-2000
https://arstechnica.com/gadgets/2020/10/google-rebrands-g-suite-as-google-workplace-ships-new-multi-colored-icons/,"Behold the new icons for Gmail, Drive, Calendar, and Meet",,20201006-2000
https://arstechnica.com/tech-policy/2020/10/john-mcafee-arrested-indicted-on-tax-evasion-charges-sued-for-fraud/,"John McAfee arrested, indicted on tax evasion charges, sued for fraud",,20201006-2000
https://arstechnica.com/gadgets/2020/10/apple-announces-october-13-event-will-probably-unveil-iphone-12/,"“Hi, Speed”: Apple’s October 13 event is expected to reveal iPhone 12",,20201006-2000
https://arstechnica.com/gaming/2020/10/baldurs-gate-3-early-access-mediocre-rpg-amazing-rendering-engine/,"I played 15 hours of Baldur’s Gate 3 early access, and I want them back",,20201006-2000
https://arstechnica.com/gadgets/2020/10/dell-updates-its-ultrasharp-monitor-lineup-usb-c-mini-led-backlighting-and-more/,"Dell updates its UltraSharp monitor lineup: USB-C, mini-LED backlighting, and more",,20201006-2000
https://arstechnica.com/science/2020/10/spacex-gets-back-on-track-with-a-stunning-starlink-launch-near-sunrise/,SpaceX gets back on track with a stunning Starlink launch near sunrise,,20201006-2000
https://arstechnica.com/information-technology/2020/10/sitrep-with-skyborg-air-force-hopes-to-give-pilots-a-loyal-wingman/,"SITREP: With “Skyborg,” Air Force hopes to give pilots a “loyal wingman”",,20201006-2000
https://arstechnica.com/tech-policy/2020/10/facebooks-endless-quest-for-engagement-is-dangerous-for-us-all/,Facebook’s latest “groups” disaster will only make it more toxic,,20201006-2000
https://arstechnica.com/science/2020/10/archaeologists-delved-into-medieval-cesspits-to-study-old-gut-microbiomes/,Archaeologists delved into medieval cesspits to study old gut microbiomes,,20201006-2000
https://arstechnica.com/information-technology/2020/10/boom-hacked-page-on-mobile-phone-website-is-stealing-customers-card-data/,Boom! Hacked page on mobile phone website is stealing customers’ card data,,20201006-2000
https://arstechnica.com/science/2020/10/doctors-still-evasive-on-trumps-health-as-he-leaves-hospital/,Doctors still evasive on Trump’s health as he leaves hospital,,20201006-2000
https://arstechnica.com/cars/2020/10/nothing-beats-the-honda-civic-type-r-in-terms-of-driving-fun-per-dollar/,The Honda Civic Type-R is more fun to drive than a supercar,,20201006-2000
https://arstechnica.com/gadgets/2020/10/youtube-music-opens-up-google-cast-support-for-everyone/,YouTube Music drops monthly fee for Chromecast support,,20201006-2000
https://arstechnica.com/staff/2020/10/dealmaster-a-number-of-first-party-nintendo-switch-games-are-on-sale-today/,A number of first-party Nintendo Switch games are on sale today,,20201006-2000
https://arstechnica.com/gaming/2020/10/latest-free-guy-trailer-is-giving-us-strong-upload-vibes/,Latest Free Guy trailer is giving us strong Upload vibes,,20201006-2000
https://arstechnica.com/gaming/2020/10/playstation-5-runs-cool-and-quiet-according-to-initial-hands-on-reportss/,"PlayStation 5 runs cool and quiet, according to initial hands-on reports",,20201006-2000
https://arstechnica.com/science/2020/10/a-nobel-prize-for-the-discovery-of-hepatitis-c/,A decades-long struggle to find a virus wins the Nobel,,20201006-2000
https://arstechnica.com/gaming/2020/09/lgrs-clint-basinger-plumbs-the-depths-of-retro-computing-and-his-youtube-comments/,LGR’s Clint Basinger plumbs the depths of retro computing—and his YouTube comments,,20201006-2000
https://arstechnica.com/tech-policy/2020/10/life-in-atts-slow-lane-millions-left-without-fiber-as-company-kills-dsl/,"AT&T kills DSL, leaves tens of millions of homes without fiber Internet",,20201006-2000
https://arstechnica.com/cars/2020/10/45-minutes-on-the-road-in-a-prototype-volkswagen-id-4-electric-car/,45 minutes on the road in a prototype Volkswagen ID.4 electric car,,20201006-2000
https://arstechnica.com/gaming/2020/10/the-history-of-galloping-ghost-the-usas-largest-classic-arcade/,"The history of Galloping Ghost, the USA’s largest classic arcade",,20201006-2000
https://arstechnica.com/gadgets/2020/10/disney-marvel-and-pixar-movies-now-available-in-4k-hdr-on-apple-tv-and-itunes/,"Disney, Marvel, and Pixar movies now available in 4K HDR on Apple TV and iTunes",,20201006-2000
https://arstechnica.com/tech-policy/2020/10/excel-glitch-may-have-caused-uk-to-underreport-covid-19-cases-by-15841/,"Botched Excel import may have caused loss of 15,841 UK COVID-19 cases",,20201006-2000
https://arstechnica.com/science/2020/10/metal-detector-enthusiasts-find-6th-century-anglo-saxon-warriors-grave/,Metal detector enthusiasts find 6th-century Anglo-Saxon warrior’s grave,,20201006-2000
https://arstechnica.com/information-technology/2020/10/custom-made-uefi-bootkit-found-lurking-in-the-wild/,Custom-made UEFI bootkit found lurking in the wild,,20201006-2000
https://arstechnica.com/science/2020/10/nasa-safety-panel-raises-doubts-about-software-testing-for-moon-missions/,Safety panel has “great concern” about NASA plans to test Moon mission software,,20201006-2000
https://arstechnica.com/science/2020/10/archaeologists-find-evidence-of-neurons-in-glassy-brain-of-vesuvius-victim/,Archaeologists find evidence of neurons in glassy brain of Vesuvius victim,,20201006-2000
https://arstechnica.com/cars/2020/10/typical-subaru-and-thats-good-the-2020-outback-reviewed/,2020 Subaru Outback is fan service in the best possible way,,20201006-2000
https://arstechnica.com/tech-policy/2020/10/this-congressperson-wants-to-ramp-up-covid-19-testing/,This congressperson wants to ramp up COVID-19 testing,,20201006-2000
https://arstechnica.com/science/2020/10/after-two-scrubs-elon-musk-says-he-will-visit-spacex-launch-sites-in-florida/,"After two scrubs, Elon Musk says he will visit SpaceX launch sites in Florida",,20201006-2000
https://arstechnica.com/science/2020/10/trump-tested-positive-for-coronavirus-wednesday-doctor-reveals-in-briefing/,"Trump’s doctor dodges questions, suggests president tested positive Wednesday",,20201006-2000
https://arstechnica.com/gadgets/2020/10/ipad-2020-micro-review-battle-tested-and-more-than-fast-enough/,iPad (2020) micro-review: Battle-tested and more than fast enough,,20201006-2000
https://arstechnica.com/information-technology/2020/10/russias-fancy-bear-hackers-likely-penetrated-a-federal-agency/,Russia’s Fancy Bear hackers likely penetrated a federal agency,,20201006-2000
https://arstechnica.com/gaming/2020/10/publishers-worry-as-ebooks-fly-off-libraries-virtual-shelves/,Publishers worry as ebooks fly off libraries’ virtual shelves,,20201006-2000
https://arstechnica.com/science/2020/10/why-has-virgin-orbit-spent-so-much-on-its-rocket-and-will-it-ever-be-profitable/,"Virgin Orbit has a unique launch capability, but it’s come at a high price",,20201006-2030
https://arstechnica.com/tech-policy/2020/10/florida-extends-voter-registration-deadline-after-website-keeps-crashing/,Last-minute requests reportedly crush Florida voter registration site,,20201006-2030
https://arstechnica.com/information-technology/2020/10/buying-verizon-5g-home-is-even-harder-than-finding-a-verizon-mobile-5g-signal/,Buying Verizon 5G Home is even harder than finding a Verizon mobile 5G signal,,20201006-2030
https://arstechnica.com/science/2020/10/russian-space-corporation-unveils-planned-amur-rocket-and-it-looks-familiar/,Russian space corporation unveils planned “Amur” rocket—and it looks familiar,,20201006-2030
https://arstechnica.com/gadgets/2020/10/google-rebrands-g-suite-as-google-workplace-ships-new-multi-colored-icons/,"Behold the new icons for Gmail, Drive, Calendar, and Meet",,20201006-2030
https://arstechnica.com/tech-policy/2020/10/john-mcafee-arrested-indicted-on-tax-evasion-charges-sued-for-fraud/,"John McAfee arrested, indicted on tax evasion charges, sued for fraud",,20201006-2030
https://arstechnica.com/gadgets/2020/10/apple-announces-october-13-event-will-probably-unveil-iphone-12/,"“Hi, Speed”: Apple’s October 13 event is expected to reveal iPhone 12",,20201006-2030
https://arstechnica.com/gaming/2020/10/baldurs-gate-3-early-access-mediocre-rpg-amazing-rendering-engine/,"I played 15 hours of Baldur’s Gate 3 early access, and I want them back",,20201006-2030
https://arstechnica.com/gadgets/2020/10/dell-updates-its-ultrasharp-monitor-lineup-usb-c-mini-led-backlighting-and-more/,"Dell updates its UltraSharp monitor lineup: USB-C, mini-LED backlighting, and more",,20201006-2030
https://arstechnica.com/science/2020/10/spacex-gets-back-on-track-with-a-stunning-starlink-launch-near-sunrise/,SpaceX gets back on track with a stunning Starlink launch near sunrise,,20201006-2030
https://arstechnica.com/information-technology/2020/10/sitrep-with-skyborg-air-force-hopes-to-give-pilots-a-loyal-wingman/,"SITREP: With “Skyborg,” Air Force hopes to give pilots a “loyal wingman”",,20201006-2030
https://arstechnica.com/tech-policy/2020/10/facebooks-endless-quest-for-engagement-is-dangerous-for-us-all/,Facebook’s latest “groups” disaster will only make it more toxic,,20201006-2030
https://arstechnica.com/science/2020/10/archaeologists-delved-into-medieval-cesspits-to-study-old-gut-microbiomes/,Archaeologists delved into medieval cesspits to study old gut microbiomes,,20201006-2030
https://arstechnica.com/information-technology/2020/10/boom-hacked-page-on-mobile-phone-website-is-stealing-customers-card-data/,Boom! Hacked page on mobile phone website is stealing customers’ card data,,20201006-2030
https://arstechnica.com/science/2020/10/doctors-still-evasive-on-trumps-health-as-he-leaves-hospital/,Doctors still evasive on Trump’s health as he leaves hospital,,20201006-2030
https://arstechnica.com/cars/2020/10/nothing-beats-the-honda-civic-type-r-in-terms-of-driving-fun-per-dollar/,The Honda Civic Type-R is more fun to drive than a supercar,,20201006-2030
https://arstechnica.com/gadgets/2020/10/youtube-music-opens-up-google-cast-support-for-everyone/,YouTube Music drops monthly fee for Chromecast support,,20201006-2030
https://arstechnica.com/staff/2020/10/dealmaster-a-number-of-first-party-nintendo-switch-games-are-on-sale-today/,A number of first-party Nintendo Switch games are on sale today,,20201006-2030
https://arstechnica.com/gaming/2020/10/latest-free-guy-trailer-is-giving-us-strong-upload-vibes/,Latest Free Guy trailer is giving us strong Upload vibes,,20201006-2030
https://arstechnica.com/gaming/2020/10/playstation-5-runs-cool-and-quiet-according-to-initial-hands-on-reportss/,"PlayStation 5 runs cool and quiet, according to initial hands-on reports",,20201006-2030
https://arstechnica.com/gaming/2020/09/lgrs-clint-basinger-plumbs-the-depths-of-retro-computing-and-his-youtube-comments/,LGR’s Clint Basinger plumbs the depths of retro computing—and his YouTube comments,,20201006-2030
https://arstechnica.com/science/2020/10/a-nobel-prize-for-the-discovery-of-hepatitis-c/,A decades-long struggle to find a virus wins the Nobel,,20201006-2030
https://arstechnica.com/tech-policy/2020/10/life-in-atts-slow-lane-millions-left-without-fiber-as-company-kills-dsl/,"AT&T kills DSL, leaves tens of millions of homes without fiber Internet",,20201006-2030
https://arstechnica.com/cars/2020/10/45-minutes-on-the-road-in-a-prototype-volkswagen-id-4-electric-car/,45 minutes on the road in a prototype Volkswagen ID.4 electric car,,20201006-2030
https://arstechnica.com/gaming/2020/10/the-history-of-galloping-ghost-the-usas-largest-classic-arcade/,"The history of Galloping Ghost, the USA’s largest classic arcade",,20201006-2030
https://arstechnica.com/gadgets/2020/10/disney-marvel-and-pixar-movies-now-available-in-4k-hdr-on-apple-tv-and-itunes/,"Disney, Marvel, and Pixar movies now available in 4K HDR on Apple TV and iTunes",,20201006-2030
https://arstechnica.com/tech-policy/2020/10/excel-glitch-may-have-caused-uk-to-underreport-covid-19-cases-by-15841/,"Botched Excel import may have caused loss of 15,841 UK COVID-19 cases",,20201006-2030
https://arstechnica.com/science/2020/10/metal-detector-enthusiasts-find-6th-century-anglo-saxon-warriors-grave/,Metal detector enthusiasts find 6th-century Anglo-Saxon warrior’s grave,,20201006-2030
https://arstechnica.com/information-technology/2020/10/custom-made-uefi-bootkit-found-lurking-in-the-wild/,Custom-made UEFI bootkit found lurking in the wild,,20201006-2030
https://arstechnica.com/science/2020/10/nasa-safety-panel-raises-doubts-about-software-testing-for-moon-missions/,Safety panel has “great concern” about NASA plans to test Moon mission software,,20201006-2030
https://arstechnica.com/science/2020/10/archaeologists-find-evidence-of-neurons-in-glassy-brain-of-vesuvius-victim/,Archaeologists find evidence of neurons in glassy brain of Vesuvius victim,,20201006-2030
https://arstechnica.com/cars/2020/10/typical-subaru-and-thats-good-the-2020-outback-reviewed/,2020 Subaru Outback is fan service in the best possible way,,20201006-2030
https://arstechnica.com/tech-policy/2020/10/this-congressperson-wants-to-ramp-up-covid-19-testing/,This congressperson wants to ramp up COVID-19 testing,,20201006-2030
https://arstechnica.com/science/2020/10/after-two-scrubs-elon-musk-says-he-will-visit-spacex-launch-sites-in-florida/,"After two scrubs, Elon Musk says he will visit SpaceX launch sites in Florida",,20201006-2030
https://arstechnica.com/science/2020/10/trump-tested-positive-for-coronavirus-wednesday-doctor-reveals-in-briefing/,"Trump’s doctor dodges questions, suggests president tested positive Wednesday",,20201006-2030
https://arstechnica.com/gadgets/2020/10/ipad-2020-micro-review-battle-tested-and-more-than-fast-enough/,iPad (2020) micro-review: Battle-tested and more than fast enough,,20201006-2030
https://arstechnica.com/information-technology/2020/10/russias-fancy-bear-hackers-likely-penetrated-a-federal-agency/,Russia’s Fancy Bear hackers likely penetrated a federal agency,,20201006-2030
https://arstechnica.com/science/2020/10/why-has-virgin-orbit-spent-so-much-on-its-rocket-and-will-it-ever-be-profitable/,"Virgin Orbit has a unique launch capability, but it’s come at a high price",,20201006-2100
https://arstechnica.com/tech-policy/2020/10/florida-extends-voter-registration-deadline-after-website-keeps-crashing/,Last-minute requests reportedly crush Florida voter registration site,,20201006-2100
https://arstechnica.com/information-technology/2020/10/buying-verizon-5g-home-is-even-harder-than-finding-a-verizon-mobile-5g-signal/,Buying Verizon 5G Home is even harder than finding a Verizon mobile 5G signal,,20201006-2100
https://arstechnica.com/science/2020/10/russian-space-corporation-unveils-planned-amur-rocket-and-it-looks-familiar/,Russian space corporation unveils planned “Amur” rocket—and it looks familiar,,20201006-2100
https://arstechnica.com/gadgets/2020/10/google-rebrands-g-suite-as-google-workplace-ships-new-multi-colored-icons/,"Behold the new icons for Gmail, Drive, Calendar, and Meet",,20201006-2100
https://arstechnica.com/tech-policy/2020/10/john-mcafee-arrested-indicted-on-tax-evasion-charges-sued-for-fraud/,"John McAfee arrested, indicted on tax evasion charges, sued for fraud",,20201006-2100
https://arstechnica.com/gadgets/2020/10/apple-announces-october-13-event-will-probably-unveil-iphone-12/,"“Hi, Speed”: Apple’s October 13 event is expected to reveal iPhone 12",,20201006-2100
https://arstechnica.com/gaming/2020/10/baldurs-gate-3-early-access-mediocre-rpg-amazing-rendering-engine/,"I played 15 hours of Baldur’s Gate 3 early access, and I want them back",,20201006-2100
https://arstechnica.com/gadgets/2020/10/dell-updates-its-ultrasharp-monitor-lineup-usb-c-mini-led-backlighting-and-more/,"Dell updates its UltraSharp monitor lineup: USB-C, mini-LED backlighting, and more",,20201006-2100
https://arstechnica.com/science/2020/10/spacex-gets-back-on-track-with-a-stunning-starlink-launch-near-sunrise/,SpaceX gets back on track with a stunning Starlink launch near sunrise,,20201006-2100
https://arstechnica.com/information-technology/2020/10/sitrep-with-skyborg-air-force-hopes-to-give-pilots-a-loyal-wingman/,"SITREP: With “Skyborg,” Air Force hopes to give pilots a “loyal wingman”",,20201006-2100
https://arstechnica.com/tech-policy/2020/10/facebooks-endless-quest-for-engagement-is-dangerous-for-us-all/,Facebook’s latest “groups” disaster will only make it more toxic,,20201006-2100
https://arstechnica.com/science/2020/10/archaeologists-delved-into-medieval-cesspits-to-study-old-gut-microbiomes/,Archaeologists delved into medieval cesspits to study old gut microbiomes,,20201006-2100
https://arstechnica.com/information-technology/2020/10/boom-hacked-page-on-mobile-phone-website-is-stealing-customers-card-data/,Boom! Hacked page on mobile phone website is stealing customers’ card data,,20201006-2100
https://arstechnica.com/science/2020/10/doctors-still-evasive-on-trumps-health-as-he-leaves-hospital/,Doctors still evasive on Trump’s health as he leaves hospital,,20201006-2100
https://arstechnica.com/cars/2020/10/nothing-beats-the-honda-civic-type-r-in-terms-of-driving-fun-per-dollar/,The Honda Civic Type-R is more fun to drive than a supercar,,20201006-2100
https://arstechnica.com/gadgets/2020/10/youtube-music-opens-up-google-cast-support-for-everyone/,YouTube Music drops monthly fee for Chromecast support,,20201006-2100
https://arstechnica.com/staff/2020/10/dealmaster-a-number-of-first-party-nintendo-switch-games-are-on-sale-today/,A number of first-party Nintendo Switch games are on sale today,,20201006-2100
https://arstechnica.com/gaming/2020/10/latest-free-guy-trailer-is-giving-us-strong-upload-vibes/,Latest Free Guy trailer is giving us strong Upload vibes,,20201006-2100
https://arstechnica.com/gaming/2020/10/playstation-5-runs-cool-and-quiet-according-to-initial-hands-on-reportss/,"PlayStation 5 runs cool and quiet, according to initial hands-on reports",,20201006-2100
https://arstechnica.com/gaming/2020/09/lgrs-clint-basinger-plumbs-the-depths-of-retro-computing-and-his-youtube-comments/,LGR’s Clint Basinger plumbs the depths of retro computing—and his YouTube comments,,20201006-2100
https://arstechnica.com/science/2020/10/a-nobel-prize-for-the-discovery-of-hepatitis-c/,A decades-long struggle to find a virus wins the Nobel,,20201006-2100
https://arstechnica.com/tech-policy/2020/10/life-in-atts-slow-lane-millions-left-without-fiber-as-company-kills-dsl/,"AT&T kills DSL, leaves tens of millions of homes without fiber Internet",,20201006-2100
https://arstechnica.com/cars/2020/10/45-minutes-on-the-road-in-a-prototype-volkswagen-id-4-electric-car/,45 minutes on the road in a prototype Volkswagen ID.4 electric car,,20201006-2100
https://arstechnica.com/gaming/2020/10/the-history-of-galloping-ghost-the-usas-largest-classic-arcade/,"The history of Galloping Ghost, the USA’s largest classic arcade",,20201006-2100
https://arstechnica.com/gadgets/2020/10/disney-marvel-and-pixar-movies-now-available-in-4k-hdr-on-apple-tv-and-itunes/,"Disney, Marvel, and Pixar movies now available in 4K HDR on Apple TV and iTunes",,20201006-2100
https://arstechnica.com/tech-policy/2020/10/excel-glitch-may-have-caused-uk-to-underreport-covid-19-cases-by-15841/,"Botched Excel import may have caused loss of 15,841 UK COVID-19 cases",,20201006-2100
https://arstechnica.com/science/2020/10/metal-detector-enthusiasts-find-6th-century-anglo-saxon-warriors-grave/,Metal detector enthusiasts find 6th-century Anglo-Saxon warrior’s grave,,20201006-2100
https://arstechnica.com/information-technology/2020/10/custom-made-uefi-bootkit-found-lurking-in-the-wild/,Custom-made UEFI bootkit found lurking in the wild,,20201006-2100
https://arstechnica.com/science/2020/10/nasa-safety-panel-raises-doubts-about-software-testing-for-moon-missions/,Safety panel has “great concern” about NASA plans to test Moon mission software,,20201006-2100
https://arstechnica.com/science/2020/10/archaeologists-find-evidence-of-neurons-in-glassy-brain-of-vesuvius-victim/,Archaeologists find evidence of neurons in glassy brain of Vesuvius victim,,20201006-2100
https://arstechnica.com/cars/2020/10/typical-subaru-and-thats-good-the-2020-outback-reviewed/,2020 Subaru Outback is fan service in the best possible way,,20201006-2100
https://arstechnica.com/tech-policy/2020/10/this-congressperson-wants-to-ramp-up-covid-19-testing/,This congressperson wants to ramp up COVID-19 testing,,20201006-2100
https://arstechnica.com/science/2020/10/after-two-scrubs-elon-musk-says-he-will-visit-spacex-launch-sites-in-florida/,"After two scrubs, Elon Musk says he will visit SpaceX launch sites in Florida",,20201006-2100
https://arstechnica.com/science/2020/10/trump-tested-positive-for-coronavirus-wednesday-doctor-reveals-in-briefing/,"Trump’s doctor dodges questions, suggests president tested positive Wednesday",,20201006-2100
https://arstechnica.com/gadgets/2020/10/ipad-2020-micro-review-battle-tested-and-more-than-fast-enough/,iPad (2020) micro-review: Battle-tested and more than fast enough,,20201006-2100
https://arstechnica.com/information-technology/2020/10/russias-fancy-bear-hackers-likely-penetrated-a-federal-agency/,Russia’s Fancy Bear hackers likely penetrated a federal agency,,20201006-2100
https://arstechnica.com/science/2020/10/why-has-virgin-orbit-spent-so-much-on-its-rocket-and-will-it-ever-be-profitable/,"Virgin Orbit has a unique launch capability, but it’s come at a high price",,20201006-2130
https://arstechnica.com/science/2020/10/in-a-pandemic-driven-world-trust-in-science-is-rising/,"In a pandemic-driven world, trust in science is rising",,20201006-2130
https://arstechnica.com/tech-policy/2020/10/florida-extends-voter-registration-deadline-after-website-keeps-crashing/,Last-minute requests reportedly crush Florida voter registration site,,20201006-2130
https://arstechnica.com/information-technology/2020/10/buying-verizon-5g-home-is-even-harder-than-finding-a-verizon-mobile-5g-signal/,Buying Verizon 5G Home is even harder than finding a Verizon mobile 5G signal,,20201006-2130
https://arstechnica.com/science/2020/10/russian-space-corporation-unveils-planned-amur-rocket-and-it-looks-familiar/,Russian space corporation unveils planned “Amur” rocket—and it looks familiar,,20201006-2130
https://arstechnica.com/gadgets/2020/10/google-rebrands-g-suite-as-google-workplace-ships-new-multi-colored-icons/,"Behold the new icons for Gmail, Drive, Calendar, and Meet",,20201006-2130
https://arstechnica.com/tech-policy/2020/10/john-mcafee-arrested-indicted-on-tax-evasion-charges-sued-for-fraud/,"John McAfee arrested, indicted on tax evasion charges, sued for fraud",,20201006-2130
https://arstechnica.com/gadgets/2020/10/apple-announces-october-13-event-will-probably-unveil-iphone-12/,"“Hi, Speed”: Apple’s October 13 event is expected to reveal iPhone 12",,20201006-2130
https://arstechnica.com/gaming/2020/10/baldurs-gate-3-early-access-mediocre-rpg-amazing-rendering-engine/,"I played 15 hours of Baldur’s Gate 3 early access, and I want them back",,20201006-2130
https://arstechnica.com/gadgets/2020/10/dell-updates-its-ultrasharp-monitor-lineup-usb-c-mini-led-backlighting-and-more/,"Dell updates its UltraSharp monitor lineup: USB-C, mini-LED backlighting, and more",,20201006-2130
https://arstechnica.com/science/2020/10/spacex-gets-back-on-track-with-a-stunning-starlink-launch-near-sunrise/,SpaceX gets back on track with a stunning Starlink launch near sunrise,,20201006-2130
https://arstechnica.com/information-technology/2020/10/sitrep-with-skyborg-air-force-hopes-to-give-pilots-a-loyal-wingman/,"SITREP: With “Skyborg,” Air Force hopes to give pilots a “loyal wingman”",,20201006-2130
https://arstechnica.com/tech-policy/2020/10/facebooks-endless-quest-for-engagement-is-dangerous-for-us-all/,Facebook’s latest “groups” disaster will only make it more toxic,,20201006-2130
https://arstechnica.com/science/2020/10/archaeologists-delved-into-medieval-cesspits-to-study-old-gut-microbiomes/,Archaeologists delved into medieval cesspits to study old gut microbiomes,,20201006-2130
https://arstechnica.com/information-technology/2020/10/boom-hacked-page-on-mobile-phone-website-is-stealing-customers-card-data/,Boom! Hacked page on mobile phone website is stealing customers’ card data,,20201006-2130
https://arstechnica.com/science/2020/10/doctors-still-evasive-on-trumps-health-as-he-leaves-hospital/,Doctors still evasive on Trump’s health as he leaves hospital,,20201006-2130
https://arstechnica.com/cars/2020/10/nothing-beats-the-honda-civic-type-r-in-terms-of-driving-fun-per-dollar/,The Honda Civic Type-R is more fun to drive than a supercar,,20201006-2130
https://arstechnica.com/gadgets/2020/10/youtube-music-opens-up-google-cast-support-for-everyone/,YouTube Music drops monthly fee for Chromecast support,,20201006-2130
https://arstechnica.com/staff/2020/10/dealmaster-a-number-of-first-party-nintendo-switch-games-are-on-sale-today/,A number of first-party Nintendo Switch games are on sale today,,20201006-2130
https://arstechnica.com/gaming/2020/10/latest-free-guy-trailer-is-giving-us-strong-upload-vibes/,Latest Free Guy trailer is giving us strong Upload vibes,,20201006-2130
https://arstechnica.com/gaming/2020/09/lgrs-clint-basinger-plumbs-the-depths-of-retro-computing-and-his-youtube-comments/,LGR’s Clint Basinger plumbs the depths of retro computing—and his YouTube comments,,20201006-2130
https://arstechnica.com/gaming/2020/10/playstation-5-runs-cool-and-quiet-according-to-initial-hands-on-reportss/,"PlayStation 5 runs cool and quiet, according to initial hands-on reports",,20201006-2130
https://arstechnica.com/science/2020/10/a-nobel-prize-for-the-discovery-of-hepatitis-c/,A decades-long struggle to find a virus wins the Nobel,,20201006-2130
https://arstechnica.com/tech-policy/2020/10/life-in-atts-slow-lane-millions-left-without-fiber-as-company-kills-dsl/,"AT&T kills DSL, leaves tens of millions of homes without fiber Internet",,20201006-2130
https://arstechnica.com/cars/2020/10/45-minutes-on-the-road-in-a-prototype-volkswagen-id-4-electric-car/,45 minutes on the road in a prototype Volkswagen ID.4 electric car,,20201006-2130
https://arstechnica.com/gaming/2020/10/the-history-of-galloping-ghost-the-usas-largest-classic-arcade/,"The history of Galloping Ghost, the USA’s largest classic arcade",,20201006-2130
https://arstechnica.com/gadgets/2020/10/disney-marvel-and-pixar-movies-now-available-in-4k-hdr-on-apple-tv-and-itunes/,"Disney, Marvel, and Pixar movies now available in 4K HDR on Apple TV and iTunes",,20201006-2130
https://arstechnica.com/tech-policy/2020/10/excel-glitch-may-have-caused-uk-to-underreport-covid-19-cases-by-15841/,"Botched Excel import may have caused loss of 15,841 UK COVID-19 cases",,20201006-2130
https://arstechnica.com/science/2020/10/metal-detector-enthusiasts-find-6th-century-anglo-saxon-warriors-grave/,Metal detector enthusiasts find 6th-century Anglo-Saxon warrior’s grave,,20201006-2130
https://arstechnica.com/information-technology/2020/10/custom-made-uefi-bootkit-found-lurking-in-the-wild/,Custom-made UEFI bootkit found lurking in the wild,,20201006-2130
https://arstechnica.com/science/2020/10/nasa-safety-panel-raises-doubts-about-software-testing-for-moon-missions/,Safety panel has “great concern” about NASA plans to test Moon mission software,,20201006-2130
https://arstechnica.com/science/2020/10/archaeologists-find-evidence-of-neurons-in-glassy-brain-of-vesuvius-victim/,Archaeologists find evidence of neurons in glassy brain of Vesuvius victim,,20201006-2130
https://arstechnica.com/cars/2020/10/typical-subaru-and-thats-good-the-2020-outback-reviewed/,2020 Subaru Outback is fan service in the best possible way,,20201006-2130
https://arstechnica.com/tech-policy/2020/10/this-congressperson-wants-to-ramp-up-covid-19-testing/,This congressperson wants to ramp up COVID-19 testing,,20201006-2130
https://arstechnica.com/science/2020/10/after-two-scrubs-elon-musk-says-he-will-visit-spacex-launch-sites-in-florida/,"After two scrubs, Elon Musk says he will visit SpaceX launch sites in Florida",,20201006-2130
https://arstechnica.com/science/2020/10/trump-tested-positive-for-coronavirus-wednesday-doctor-reveals-in-briefing/,"Trump’s doctor dodges questions, suggests president tested positive Wednesday",,20201006-2130
https://arstechnica.com/gadgets/2020/10/ipad-2020-micro-review-battle-tested-and-more-than-fast-enough/,iPad (2020) micro-review: Battle-tested and more than fast enough,,20201006-2130
https://arstechnica.com/science/2020/10/why-has-virgin-orbit-spent-so-much-on-its-rocket-and-will-it-ever-be-profitable/,"Virgin Orbit has a unique launch capability, but it’s come at a high price",,20201006-2200
https://arstechnica.com/tech-policy/2020/10/google-asks-supreme-court-to-overrule-disastrous-ruling-on-api-copyrights/,The Supreme Court hears Oracle v. Google tomorrow—here’s what’s at stake,,20201006-2200
https://arstechnica.com/science/2020/10/projecting-peak-water-and-peak-grain-for-the-us-high-plains/,Projecting “peak water” and “peak grain” for the US High Plains,,20201006-2200
https://arstechnica.com/science/2020/10/in-a-pandemic-driven-world-trust-in-science-is-rising/,"In a pandemic-driven world, trust in science is rising",,20201006-2200
https://arstechnica.com/tech-policy/2020/10/florida-extends-voter-registration-deadline-after-website-keeps-crashing/,Last-minute requests reportedly crush Florida voter registration site,,20201006-2200
https://arstechnica.com/information-technology/2020/10/buying-verizon-5g-home-is-even-harder-than-finding-a-verizon-mobile-5g-signal/,Buying Verizon 5G Home is even harder than finding a Verizon mobile 5G signal,,20201006-2200
https://arstechnica.com/science/2020/10/russian-space-corporation-unveils-planned-amur-rocket-and-it-looks-familiar/,Russian space corporation unveils planned “Amur” rocket—and it looks familiar,,20201006-2200
https://arstechnica.com/gadgets/2020/10/google-rebrands-g-suite-as-google-workplace-ships-new-multi-colored-icons/,"Behold the new icons for Gmail, Drive, Calendar, and Meet",,20201006-2200
https://arstechnica.com/tech-policy/2020/10/john-mcafee-arrested-indicted-on-tax-evasion-charges-sued-for-fraud/,"John McAfee arrested, indicted on tax evasion charges, sued for fraud",,20201006-2200
https://arstechnica.com/gadgets/2020/10/apple-announces-october-13-event-will-probably-unveil-iphone-12/,"“Hi, Speed”: Apple’s October 13 event is expected to reveal iPhone 12",,20201006-2200
https://arstechnica.com/gaming/2020/10/baldurs-gate-3-early-access-mediocre-rpg-amazing-rendering-engine/,"I played 15 hours of Baldur’s Gate 3 early access, and I want them back",,20201006-2200
https://arstechnica.com/gadgets/2020/10/dell-updates-its-ultrasharp-monitor-lineup-usb-c-mini-led-backlighting-and-more/,"Dell updates its UltraSharp monitor lineup: USB-C, mini-LED backlighting, and more",,20201006-2200
https://arstechnica.com/science/2020/10/spacex-gets-back-on-track-with-a-stunning-starlink-launch-near-sunrise/,SpaceX gets back on track with a stunning Starlink launch near sunrise,,20201006-2200
https://arstechnica.com/information-technology/2020/10/sitrep-with-skyborg-air-force-hopes-to-give-pilots-a-loyal-wingman/,"SITREP: With “Skyborg,” Air Force hopes to give pilots a “loyal wingman”",,20201006-2200
https://arstechnica.com/tech-policy/2020/10/facebooks-endless-quest-for-engagement-is-dangerous-for-us-all/,Facebook’s latest “groups” disaster will only make it more toxic,,20201006-2200
https://arstechnica.com/science/2020/10/archaeologists-delved-into-medieval-cesspits-to-study-old-gut-microbiomes/,Archaeologists delved into medieval cesspits to study old gut microbiomes,,20201006-2200
https://arstechnica.com/information-technology/2020/10/boom-hacked-page-on-mobile-phone-website-is-stealing-customers-card-data/,Boom! Hacked page on mobile phone website is stealing customers’ card data,,20201006-2200
https://arstechnica.com/science/2020/10/doctors-still-evasive-on-trumps-health-as-he-leaves-hospital/,Doctors still evasive on Trump’s health as he leaves hospital,,20201006-2200
https://arstechnica.com/cars/2020/10/nothing-beats-the-honda-civic-type-r-in-terms-of-driving-fun-per-dollar/,The Honda Civic Type-R is more fun to drive than a supercar,,20201006-2200
https://arstechnica.com/gadgets/2020/10/youtube-music-opens-up-google-cast-support-for-everyone/,YouTube Music drops monthly fee for Chromecast support,,20201006-2200
https://arstechnica.com/gaming/2020/09/lgrs-clint-basinger-plumbs-the-depths-of-retro-computing-and-his-youtube-comments/,LGR’s Clint Basinger plumbs the depths of retro computing—and his YouTube comments,,20201006-2200
https://arstechnica.com/staff/2020/10/dealmaster-a-number-of-first-party-nintendo-switch-games-are-on-sale-today/,A number of first-party Nintendo Switch games are on sale today,,20201006-2200
https://arstechnica.com/gaming/2020/10/latest-free-guy-trailer-is-giving-us-strong-upload-vibes/,Latest Free Guy trailer is giving us strong Upload vibes,,20201006-2200
https://arstechnica.com/gaming/2020/10/playstation-5-runs-cool-and-quiet-according-to-initial-hands-on-reportss/,"PlayStation 5 runs cool and quiet, according to initial hands-on reports",,20201006-2200
https://arstechnica.com/science/2020/10/a-nobel-prize-for-the-discovery-of-hepatitis-c/,A decades-long struggle to find a virus wins the Nobel,,20201006-2200
https://arstechnica.com/tech-policy/2020/10/life-in-atts-slow-lane-millions-left-without-fiber-as-company-kills-dsl/,"AT&T kills DSL, leaves tens of millions of homes without fiber Internet",,20201006-2200
https://arstechnica.com/cars/2020/10/45-minutes-on-the-road-in-a-prototype-volkswagen-id-4-electric-car/,45 minutes on the road in a prototype Volkswagen ID.4 electric car,,20201006-2200
https://arstechnica.com/gaming/2020/10/the-history-of-galloping-ghost-the-usas-largest-classic-arcade/,"The history of Galloping Ghost, the USA’s largest classic arcade",,20201006-2200
https://arstechnica.com/gadgets/2020/10/disney-marvel-and-pixar-movies-now-available-in-4k-hdr-on-apple-tv-and-itunes/,"Disney, Marvel, and Pixar movies now available in 4K HDR on Apple TV and iTunes",,20201006-2200
https://arstechnica.com/tech-policy/2020/10/excel-glitch-may-have-caused-uk-to-underreport-covid-19-cases-by-15841/,"Botched Excel import may have caused loss of 15,841 UK COVID-19 cases",,20201006-2200
https://arstechnica.com/science/2020/10/metal-detector-enthusiasts-find-6th-century-anglo-saxon-warriors-grave/,Metal detector enthusiasts find 6th-century Anglo-Saxon warrior’s grave,,20201006-2200
https://arstechnica.com/information-technology/2020/10/custom-made-uefi-bootkit-found-lurking-in-the-wild/,Custom-made UEFI bootkit found lurking in the wild,,20201006-2200
https://arstechnica.com/science/2020/10/nasa-safety-panel-raises-doubts-about-software-testing-for-moon-missions/,Safety panel has “great concern” about NASA plans to test Moon mission software,,20201006-2200
https://arstechnica.com/science/2020/10/archaeologists-find-evidence-of-neurons-in-glassy-brain-of-vesuvius-victim/,Archaeologists find evidence of neurons in glassy brain of Vesuvius victim,,20201006-2200
https://arstechnica.com/cars/2020/10/typical-subaru-and-thats-good-the-2020-outback-reviewed/,2020 Subaru Outback is fan service in the best possible way,,20201006-2200
https://arstechnica.com/tech-policy/2020/10/this-congressperson-wants-to-ramp-up-covid-19-testing/,This congressperson wants to ramp up COVID-19 testing,,20201006-2200
https://arstechnica.com/science/2020/10/after-two-scrubs-elon-musk-says-he-will-visit-spacex-launch-sites-in-florida/,"After two scrubs, Elon Musk says he will visit SpaceX launch sites in Florida",,20201006-2200
https://arstechnica.com/science/2020/10/why-has-virgin-orbit-spent-so-much-on-its-rocket-and-will-it-ever-be-profitable/,"Virgin Orbit has a unique launch capability, but it’s come at a high price",,20201006-2230
https://arstechnica.com/tech-policy/2020/10/google-asks-supreme-court-to-overrule-disastrous-ruling-on-api-copyrights/,The Supreme Court hears Oracle v. Google tomorrow—here’s what’s at stake,,20201006-2230
https://arstechnica.com/science/2020/10/projecting-peak-water-and-peak-grain-for-the-us-high-plains/,Projecting “peak water” and “peak grain” for the US High Plains,,20201006-2230
https://arstechnica.com/science/2020/10/in-a-pandemic-driven-world-trust-in-science-is-rising/,"In a pandemic-driven world, trust in science is rising",,20201006-2230
https://arstechnica.com/tech-policy/2020/10/florida-extends-voter-registration-deadline-after-website-keeps-crashing/,Last-minute requests reportedly crush Florida voter registration site,,20201006-2230
https://arstechnica.com/information-technology/2020/10/buying-verizon-5g-home-is-even-harder-than-finding-a-verizon-mobile-5g-signal/,Buying Verizon 5G Home is even harder than finding a Verizon mobile 5G signal,,20201006-2230
https://arstechnica.com/science/2020/10/russian-space-corporation-unveils-planned-amur-rocket-and-it-looks-familiar/,Russian space corporation unveils planned “Amur” rocket—and it looks familiar,,20201006-2230
https://arstechnica.com/gadgets/2020/10/google-rebrands-g-suite-as-google-workplace-ships-new-multi-colored-icons/,"Behold the new icons for Gmail, Drive, Calendar, and Meet",,20201006-2230
https://arstechnica.com/tech-policy/2020/10/john-mcafee-arrested-indicted-on-tax-evasion-charges-sued-for-fraud/,"John McAfee arrested, indicted on tax evasion charges, sued for fraud",,20201006-2230
https://arstechnica.com/gadgets/2020/10/apple-announces-october-13-event-will-probably-unveil-iphone-12/,"“Hi, Speed”: Apple’s October 13 event is expected to reveal iPhone 12",,20201006-2230
https://arstechnica.com/gaming/2020/10/baldurs-gate-3-early-access-mediocre-rpg-amazing-rendering-engine/,"I played 15 hours of Baldur’s Gate 3 early access, and I want them back",,20201006-2230
https://arstechnica.com/gadgets/2020/10/dell-updates-its-ultrasharp-monitor-lineup-usb-c-mini-led-backlighting-and-more/,"Dell updates its UltraSharp monitor lineup: USB-C, mini-LED backlighting, and more",,20201006-2230
https://arstechnica.com/science/2020/10/spacex-gets-back-on-track-with-a-stunning-starlink-launch-near-sunrise/,SpaceX gets back on track with a stunning Starlink launch near sunrise,,20201006-2230
https://arstechnica.com/information-technology/2020/10/sitrep-with-skyborg-air-force-hopes-to-give-pilots-a-loyal-wingman/,"SITREP: With “Skyborg,” Air Force hopes to give pilots a “loyal wingman”",,20201006-2230
https://arstechnica.com/tech-policy/2020/10/facebooks-endless-quest-for-engagement-is-dangerous-for-us-all/,Facebook’s latest “groups” disaster will only make it more toxic,,20201006-2230
https://arstechnica.com/science/2020/10/archaeologists-delved-into-medieval-cesspits-to-study-old-gut-microbiomes/,Archaeologists delved into medieval cesspits to study old gut microbiomes,,20201006-2230
https://arstechnica.com/information-technology/2020/10/boom-hacked-page-on-mobile-phone-website-is-stealing-customers-card-data/,Boom! Hacked page on mobile phone website is stealing customers’ card data,,20201006-2230
https://arstechnica.com/science/2020/10/doctors-still-evasive-on-trumps-health-as-he-leaves-hospital/,Doctors still evasive on Trump’s health as he leaves hospital,,20201006-2230
https://arstechnica.com/cars/2020/10/nothing-beats-the-honda-civic-type-r-in-terms-of-driving-fun-per-dollar/,The Honda Civic Type-R is more fun to drive than a supercar,,20201006-2230
https://arstechnica.com/gadgets/2020/10/youtube-music-opens-up-google-cast-support-for-everyone/,YouTube Music drops monthly fee for Chromecast support,,20201006-2230
https://arstechnica.com/gaming/2020/09/lgrs-clint-basinger-plumbs-the-depths-of-retro-computing-and-his-youtube-comments/,LGR’s Clint Basinger plumbs the depths of retro computing—and his YouTube comments,,20201006-2230
https://arstechnica.com/staff/2020/10/dealmaster-a-number-of-first-party-nintendo-switch-games-are-on-sale-today/,A number of first-party Nintendo Switch games are on sale today,,20201006-2230
https://arstechnica.com/gaming/2020/10/latest-free-guy-trailer-is-giving-us-strong-upload-vibes/,Latest Free Guy trailer is giving us strong Upload vibes,,20201006-2230
https://arstechnica.com/gaming/2020/10/playstation-5-runs-cool-and-quiet-according-to-initial-hands-on-reportss/,"PlayStation 5 runs cool and quiet, according to initial hands-on reports",,20201006-2230
https://arstechnica.com/science/2020/10/a-nobel-prize-for-the-discovery-of-hepatitis-c/,A decades-long struggle to find a virus wins the Nobel,,20201006-2230
https://arstechnica.com/tech-policy/2020/10/life-in-atts-slow-lane-millions-left-without-fiber-as-company-kills-dsl/,"AT&T kills DSL, leaves tens of millions of homes without fiber Internet",,20201006-2230
https://arstechnica.com/cars/2020/10/45-minutes-on-the-road-in-a-prototype-volkswagen-id-4-electric-car/,45 minutes on the road in a prototype Volkswagen ID.4 electric car,,20201006-2230
https://arstechnica.com/gaming/2020/10/the-history-of-galloping-ghost-the-usas-largest-classic-arcade/,"The history of Galloping Ghost, the USA’s largest classic arcade",,20201006-2230
https://arstechnica.com/gadgets/2020/10/disney-marvel-and-pixar-movies-now-available-in-4k-hdr-on-apple-tv-and-itunes/,"Disney, Marvel, and Pixar movies now available in 4K HDR on Apple TV and iTunes",,20201006-2230
https://arstechnica.com/tech-policy/2020/10/excel-glitch-may-have-caused-uk-to-underreport-covid-19-cases-by-15841/,"Botched Excel import may have caused loss of 15,841 UK COVID-19 cases",,20201006-2230
https://arstechnica.com/science/2020/10/metal-detector-enthusiasts-find-6th-century-anglo-saxon-warriors-grave/,Metal detector enthusiasts find 6th-century Anglo-Saxon warrior’s grave,,20201006-2230
https://arstechnica.com/information-technology/2020/10/custom-made-uefi-bootkit-found-lurking-in-the-wild/,Custom-made UEFI bootkit found lurking in the wild,,20201006-2230
https://arstechnica.com/science/2020/10/nasa-safety-panel-raises-doubts-about-software-testing-for-moon-missions/,Safety panel has “great concern” about NASA plans to test Moon mission software,,20201006-2230
https://arstechnica.com/science/2020/10/archaeologists-find-evidence-of-neurons-in-glassy-brain-of-vesuvius-victim/,Archaeologists find evidence of neurons in glassy brain of Vesuvius victim,,20201006-2230
https://arstechnica.com/cars/2020/10/typical-subaru-and-thats-good-the-2020-outback-reviewed/,2020 Subaru Outback is fan service in the best possible way,,20201006-2230
https://arstechnica.com/tech-policy/2020/10/this-congressperson-wants-to-ramp-up-covid-19-testing/,This congressperson wants to ramp up COVID-19 testing,,20201006-2230
https://arstechnica.com/science/2020/10/after-two-scrubs-elon-musk-says-he-will-visit-spacex-launch-sites-in-florida/,"After two scrubs, Elon Musk says he will visit SpaceX launch sites in Florida",,20201006-2230
https://arstechnica.com/science/2020/10/why-has-virgin-orbit-spent-so-much-on-its-rocket-and-will-it-ever-be-profitable/,"Virgin Orbit has a unique launch capability, but it’s come at a high price",,20201006-2300
https://arstechnica.com/tech-policy/2020/10/facebook-bans-qanon-entirely-says-previous-crackdown-wasnt-enough/,"Facebook bans QAnon entirely, says previous crackdown wasn’t enough",,20201006-2300
https://arstechnica.com/tech-policy/2020/10/google-asks-supreme-court-to-overrule-disastrous-ruling-on-api-copyrights/,The Supreme Court hears Oracle v. Google tomorrow—here’s what’s at stake,,20201006-2300
https://arstechnica.com/science/2020/10/projecting-peak-water-and-peak-grain-for-the-us-high-plains/,Projecting “peak water” and “peak grain” for the US High Plains,,20201006-2300
https://arstechnica.com/science/2020/10/in-a-pandemic-driven-world-trust-in-science-is-rising/,"In a pandemic-driven world, trust in science is rising",,20201006-2300
https://arstechnica.com/tech-policy/2020/10/florida-extends-voter-registration-deadline-after-website-keeps-crashing/,Last-minute requests reportedly crush Florida voter registration site,,20201006-2300
https://arstechnica.com/information-technology/2020/10/buying-verizon-5g-home-is-even-harder-than-finding-a-verizon-mobile-5g-signal/,Buying Verizon 5G Home is even harder than finding a Verizon mobile 5G signal,,20201006-2300
https://arstechnica.com/science/2020/10/russian-space-corporation-unveils-planned-amur-rocket-and-it-looks-familiar/,Russian space corporation unveils planned “Amur” rocket—and it looks familiar,,20201006-2300
https://arstechnica.com/gadgets/2020/10/google-rebrands-g-suite-as-google-workplace-ships-new-multi-colored-icons/,"Behold the new icons for Gmail, Drive, Calendar, and Meet",,20201006-2300
https://arstechnica.com/tech-policy/2020/10/john-mcafee-arrested-indicted-on-tax-evasion-charges-sued-for-fraud/,"John McAfee arrested, indicted on tax evasion charges, sued for fraud",,20201006-2300
https://arstechnica.com/gadgets/2020/10/apple-announces-october-13-event-will-probably-unveil-iphone-12/,"“Hi, Speed”: Apple’s October 13 event is expected to reveal iPhone 12",,20201006-2300
https://arstechnica.com/gaming/2020/10/baldurs-gate-3-early-access-mediocre-rpg-amazing-rendering-engine/,"I played 15 hours of Baldur’s Gate 3 early access, and I want them back",,20201006-2300
https://arstechnica.com/gadgets/2020/10/dell-updates-its-ultrasharp-monitor-lineup-usb-c-mini-led-backlighting-and-more/,"Dell updates its UltraSharp monitor lineup: USB-C, mini-LED backlighting, and more",,20201006-2300
https://arstechnica.com/science/2020/10/spacex-gets-back-on-track-with-a-stunning-starlink-launch-near-sunrise/,SpaceX gets back on track with a stunning Starlink launch near sunrise,,20201006-2300
https://arstechnica.com/information-technology/2020/10/sitrep-with-skyborg-air-force-hopes-to-give-pilots-a-loyal-wingman/,"SITREP: With “Skyborg,” Air Force hopes to give pilots a “loyal wingman”",,20201006-2300
https://arstechnica.com/tech-policy/2020/10/facebooks-endless-quest-for-engagement-is-dangerous-for-us-all/,Facebook’s latest “groups” disaster will only make it more toxic,,20201006-2300
https://arstechnica.com/science/2020/10/archaeologists-delved-into-medieval-cesspits-to-study-old-gut-microbiomes/,Archaeologists delved into medieval cesspits to study old gut microbiomes,,20201006-2300
https://arstechnica.com/information-technology/2020/10/boom-hacked-page-on-mobile-phone-website-is-stealing-customers-card-data/,Boom! Hacked page on mobile phone website is stealing customers’ card data,,20201006-2300
https://arstechnica.com/science/2020/10/doctors-still-evasive-on-trumps-health-as-he-leaves-hospital/,Doctors still evasive on Trump’s health as he leaves hospital,,20201006-2300
https://arstechnica.com/cars/2020/10/nothing-beats-the-honda-civic-type-r-in-terms-of-driving-fun-per-dollar/,The Honda Civic Type-R is more fun to drive than a supercar,,20201006-2300
https://arstechnica.com/gaming/2020/09/lgrs-clint-basinger-plumbs-the-depths-of-retro-computing-and-his-youtube-comments/,LGR’s Clint Basinger plumbs the depths of retro computing—and his YouTube comments,,20201006-2300
https://arstechnica.com/gadgets/2020/10/youtube-music-opens-up-google-cast-support-for-everyone/,YouTube Music drops monthly fee for Chromecast support,,20201006-2300
https://arstechnica.com/staff/2020/10/dealmaster-a-number-of-first-party-nintendo-switch-games-are-on-sale-today/,A number of first-party Nintendo Switch games are on sale today,,20201006-2300
https://arstechnica.com/gaming/2020/10/latest-free-guy-trailer-is-giving-us-strong-upload-vibes/,Latest Free Guy trailer is giving us strong Upload vibes,,20201006-2300
https://arstechnica.com/gaming/2020/10/playstation-5-runs-cool-and-quiet-according-to-initial-hands-on-reportss/,"PlayStation 5 runs cool and quiet, according to initial hands-on reports",,20201006-2300
https://arstechnica.com/science/2020/10/a-nobel-prize-for-the-discovery-of-hepatitis-c/,A decades-long struggle to find a virus wins the Nobel,,20201006-2300
https://arstechnica.com/tech-policy/2020/10/life-in-atts-slow-lane-millions-left-without-fiber-as-company-kills-dsl/,"AT&T kills DSL, leaves tens of millions of homes without fiber Internet",,20201006-2300
https://arstechnica.com/cars/2020/10/45-minutes-on-the-road-in-a-prototype-volkswagen-id-4-electric-car/,45 minutes on the road in a prototype Volkswagen ID.4 electric car,,20201006-2300
https://arstechnica.com/gaming/2020/10/the-history-of-galloping-ghost-the-usas-largest-classic-arcade/,"The history of Galloping Ghost, the USA’s largest classic arcade",,20201006-2300
https://arstechnica.com/gadgets/2020/10/disney-marvel-and-pixar-movies-now-available-in-4k-hdr-on-apple-tv-and-itunes/,"Disney, Marvel, and Pixar movies now available in 4K HDR on Apple TV and iTunes",,20201006-2300
https://arstechnica.com/tech-policy/2020/10/excel-glitch-may-have-caused-uk-to-underreport-covid-19-cases-by-15841/,"Botched Excel import may have caused loss of 15,841 UK COVID-19 cases",,20201006-2300
https://arstechnica.com/science/2020/10/metal-detector-enthusiasts-find-6th-century-anglo-saxon-warriors-grave/,Metal detector enthusiasts find 6th-century Anglo-Saxon warrior’s grave,,20201006-2300
https://arstechnica.com/information-technology/2020/10/custom-made-uefi-bootkit-found-lurking-in-the-wild/,Custom-made UEFI bootkit found lurking in the wild,,20201006-2300
https://arstechnica.com/science/2020/10/nasa-safety-panel-raises-doubts-about-software-testing-for-moon-missions/,Safety panel has “great concern” about NASA plans to test Moon mission software,,20201006-2300
https://arstechnica.com/science/2020/10/archaeologists-find-evidence-of-neurons-in-glassy-brain-of-vesuvius-victim/,Archaeologists find evidence of neurons in glassy brain of Vesuvius victim,,20201006-2300
https://arstechnica.com/cars/2020/10/typical-subaru-and-thats-good-the-2020-outback-reviewed/,2020 Subaru Outback is fan service in the best possible way,,20201006-2300
https://arstechnica.com/tech-policy/2020/10/this-congressperson-wants-to-ramp-up-covid-19-testing/,This congressperson wants to ramp up COVID-19 testing,,20201006-2300
https://arstechnica.com/science/2020/10/why-has-virgin-orbit-spent-so-much-on-its-rocket-and-will-it-ever-be-profitable/,"Virgin Orbit has a unique launch capability, but it’s come at a high price",,20201006-2330
https://arstechnica.com/tech-policy/2020/10/facebook-bans-qanon-entirely-says-previous-crackdown-wasnt-enough/,"Facebook bans QAnon entirely, says previous crackdown wasn’t enough",,20201006-2330
https://arstechnica.com/tech-policy/2020/10/google-asks-supreme-court-to-overrule-disastrous-ruling-on-api-copyrights/,The Supreme Court hears Oracle v. Google tomorrow—here’s what’s at stake,,20201006-2330
https://arstechnica.com/science/2020/10/projecting-peak-water-and-peak-grain-for-the-us-high-plains/,Projecting “peak water” and “peak grain” for the US High Plains,,20201006-2330
https://arstechnica.com/science/2020/10/in-a-pandemic-driven-world-trust-in-science-is-rising/,"In a pandemic-driven world, trust in science is rising",,20201006-2330
https://arstechnica.com/tech-policy/2020/10/florida-extends-voter-registration-deadline-after-website-keeps-crashing/,Last-minute requests reportedly crush Florida voter registration site,,20201006-2330
https://arstechnica.com/information-technology/2020/10/buying-verizon-5g-home-is-even-harder-than-finding-a-verizon-mobile-5g-signal/,Buying Verizon 5G Home is even harder than finding a Verizon mobile 5G signal,,20201006-2330
https://arstechnica.com/science/2020/10/russian-space-corporation-unveils-planned-amur-rocket-and-it-looks-familiar/,Russian space corporation unveils planned “Amur” rocket—and it looks familiar,,20201006-2330
https://arstechnica.com/gadgets/2020/10/google-rebrands-g-suite-as-google-workplace-ships-new-multi-colored-icons/,"Behold the new icons for Gmail, Drive, Calendar, and Meet",,20201006-2330
https://arstechnica.com/tech-policy/2020/10/john-mcafee-arrested-indicted-on-tax-evasion-charges-sued-for-fraud/,"John McAfee arrested, indicted on tax evasion charges, sued for fraud",,20201006-2330
https://arstechnica.com/gadgets/2020/10/apple-announces-october-13-event-will-probably-unveil-iphone-12/,"“Hi, Speed”: Apple’s October 13 event is expected to reveal iPhone 12",,20201006-2330
https://arstechnica.com/gaming/2020/10/baldurs-gate-3-early-access-mediocre-rpg-amazing-rendering-engine/,"I played 15 hours of Baldur’s Gate 3 early access, and I want them back",,20201006-2330
https://arstechnica.com/gadgets/2020/10/dell-updates-its-ultrasharp-monitor-lineup-usb-c-mini-led-backlighting-and-more/,"Dell updates its UltraSharp monitor lineup: USB-C, mini-LED backlighting, and more",,20201006-2330
https://arstechnica.com/science/2020/10/spacex-gets-back-on-track-with-a-stunning-starlink-launch-near-sunrise/,SpaceX gets back on track with a stunning Starlink launch near sunrise,,20201006-2330
https://arstechnica.com/information-technology/2020/10/sitrep-with-skyborg-air-force-hopes-to-give-pilots-a-loyal-wingman/,"SITREP: With “Skyborg,” Air Force hopes to give pilots a “loyal wingman”",,20201006-2330
https://arstechnica.com/tech-policy/2020/10/facebooks-endless-quest-for-engagement-is-dangerous-for-us-all/,Facebook’s latest “groups” disaster will only make it more toxic,,20201006-2330
https://arstechnica.com/science/2020/10/archaeologists-delved-into-medieval-cesspits-to-study-old-gut-microbiomes/,Archaeologists delved into medieval cesspits to study old gut microbiomes,,20201006-2330
https://arstechnica.com/information-technology/2020/10/boom-hacked-page-on-mobile-phone-website-is-stealing-customers-card-data/,Boom! Hacked page on mobile phone website is stealing customers’ card data,,20201006-2330
https://arstechnica.com/science/2020/10/doctors-still-evasive-on-trumps-health-as-he-leaves-hospital/,Doctors still evasive on Trump’s health as he leaves hospital,,20201006-2330
https://arstechnica.com/cars/2020/10/nothing-beats-the-honda-civic-type-r-in-terms-of-driving-fun-per-dollar/,The Honda Civic Type-R is more fun to drive than a supercar,,20201006-2330
https://arstechnica.com/gaming/2020/09/lgrs-clint-basinger-plumbs-the-depths-of-retro-computing-and-his-youtube-comments/,LGR’s Clint Basinger plumbs the depths of retro computing—and his YouTube comments,,20201006-2330
https://arstechnica.com/gadgets/2020/10/youtube-music-opens-up-google-cast-support-for-everyone/,YouTube Music drops monthly fee for Chromecast support,,20201006-2330
https://arstechnica.com/staff/2020/10/dealmaster-a-number-of-first-party-nintendo-switch-games-are-on-sale-today/,A number of first-party Nintendo Switch games are on sale today,,20201006-2330
https://arstechnica.com/gaming/2020/10/latest-free-guy-trailer-is-giving-us-strong-upload-vibes/,Latest Free Guy trailer is giving us strong Upload vibes,,20201006-2330
https://arstechnica.com/gaming/2020/10/playstation-5-runs-cool-and-quiet-according-to-initial-hands-on-reportss/,"PlayStation 5 runs cool and quiet, according to initial hands-on reports",,20201006-2330
https://arstechnica.com/science/2020/10/a-nobel-prize-for-the-discovery-of-hepatitis-c/,A decades-long struggle to find a virus wins the Nobel,,20201006-2330
https://arstechnica.com/tech-policy/2020/10/life-in-atts-slow-lane-millions-left-without-fiber-as-company-kills-dsl/,"AT&T kills DSL, leaves tens of millions of homes without fiber Internet",,20201006-2330
https://arstechnica.com/cars/2020/10/45-minutes-on-the-road-in-a-prototype-volkswagen-id-4-electric-car/,45 minutes on the road in a prototype Volkswagen ID.4 electric car,,20201006-2330
https://arstechnica.com/gaming/2020/10/the-history-of-galloping-ghost-the-usas-largest-classic-arcade/,"The history of Galloping Ghost, the USA’s largest classic arcade",,20201006-2330
https://arstechnica.com/gadgets/2020/10/disney-marvel-and-pixar-movies-now-available-in-4k-hdr-on-apple-tv-and-itunes/,"Disney, Marvel, and Pixar movies now available in 4K HDR on Apple TV and iTunes",,20201006-2330
https://arstechnica.com/tech-policy/2020/10/excel-glitch-may-have-caused-uk-to-underreport-covid-19-cases-by-15841/,"Botched Excel import may have caused loss of 15,841 UK COVID-19 cases",,20201006-2330
https://arstechnica.com/science/2020/10/metal-detector-enthusiasts-find-6th-century-anglo-saxon-warriors-grave/,Metal detector enthusiasts find 6th-century Anglo-Saxon warrior’s grave,,20201006-2330
https://arstechnica.com/information-technology/2020/10/custom-made-uefi-bootkit-found-lurking-in-the-wild/,Custom-made UEFI bootkit found lurking in the wild,,20201006-2330
https://arstechnica.com/science/2020/10/nasa-safety-panel-raises-doubts-about-software-testing-for-moon-missions/,Safety panel has “great concern” about NASA plans to test Moon mission software,,20201006-2330
https://arstechnica.com/science/2020/10/archaeologists-find-evidence-of-neurons-in-glassy-brain-of-vesuvius-victim/,Archaeologists find evidence of neurons in glassy brain of Vesuvius victim,,20201006-2330
https://arstechnica.com/cars/2020/10/typical-subaru-and-thats-good-the-2020-outback-reviewed/,2020 Subaru Outback is fan service in the best possible way,,20201006-2330
https://arstechnica.com/tech-policy/2020/10/this-congressperson-wants-to-ramp-up-covid-19-testing/,This congressperson wants to ramp up COVID-19 testing,,20201006-2330
