,text,notes,date
https://www.buzzfeednews.com,BuzzFeed NewsReporting on what you care about. We hold major institutions accountable and expose wrongdoing.,,20200522-0000
https://www.tasty.co,"BuzzFeed TastySearch, watch, and cook every single Tasty recipe and video ever - all in one place!",,20200522-0000
https://www.buzzfeed.com/goodful,"BuzzFeed GoodfulSelf care and ideas to help you live a healthier, happier life.",,20200522-0000
https://www.buzzfeed.com/bringme,"BuzzFeed Bring MeObsessed with travel? Discover unique things to do, places to eat, and sights to see in the best destinations around the world with Bring Me!",,20200522-0000
https://www.buzzfeed.com/asis,"BuzzFeed As IsSomething for everyone interested in hair, makeup, style, and body positivity.",,20200522-0000
https://www.buzzfeednews.com/article/skbaer/ahmaud-arbery-death-william-bryan-arrest?ref=hpsplash&origin=spl,The Man Who Recorded Video Of Ahmaud Arbery Being Shot Has Been Arrested On A Murder Charge,,20200522-0000
https://www.buzzfeed.com/nataliebrown/products-youll-probably-use-every-single-day-2020?origin=hpp,30 Products So Effective You'll Probably Use Them Every Single Day,,20200522-0000
https://www.buzzfeed.com/newsletters?ref=hplego,"WTF Is Happening Today? BuzzFeed Newsletters Can Help!
We have newsletters to help you stay in the loop AND newsletters to help you forget! Try one today!",,20200522-0000
https://www.buzzfeed.com/mikespohr/mindblowing-facts?origin=web-hf,18 Mind-Blowing Facts From Twitter That You Will Be Thinking About Later,,20200522-0000
https://www.buzzfeed.com/tatianatenreyrowhitlock/lana-del-rey-responds-to-backlash-over-instagram-post?origin=web-hf,"Lana Del Rey Responded To The Backlash Towards Her Instagram Post, Saying She's Sad People Made It A ""WOC Issue""",,20200522-0000
https://www.buzzfeed.com/andrewziegler/quiz-party?origin=shp,"You Can Now Take BuzzFeed Quizzes In Real Time With Your Friends — You’re Welcome
Let’s get this party started.",,20200522-0000
https://www.buzzfeed.com/jenniferabidor/friends-a-to-z?origin=shp,"This ""Friends"" A–Z Quiz Will Reveal Which Main Character You Are",,20200522-0000
https://www.buzzfeed.com/sarahaspler/taste-in-disney-movies-age-quiz?origin=shp,Can We Accurately Guess Your Age Based On Your Taste In Disney Movies?,,20200522-0000
https://www.buzzfeed.com/andrewziegler/quiz-romantic-type?origin=shp,There Are Actually Only Four Romantic Types And We Can Accurately Guess Yours,,20200522-0000
https://www.buzzfeed.com/sarahaspler/everyone-has-a-fruit-that-matches-their-personalit?origin=shp,Everyone Has A Fruit That Matches Their Personality – Here’s Yours,,20200522-0000
https://www.buzzfeed.com/quizparty,Keep the quiz party going,,20200522-0000
https://www.buzzfeed.com/farrahpenn/finals-week-zoom-university-fails?origin=web-hf,18 Times The Students Of Zoom University Really Struggled Through Finals Week,,20200522-0000
https://www.buzzfeed.com/morganmurrell/drake-called-kylie-jenner-side-piece-apology?origin=web-hf,"Drake Apologized On Instagram After Calling Kylie Jenner A ""Side Piece"" In An Old, Unreleased Song",,20200522-0000
https://www.buzzfeed.com/maitlandquitmeyer/best-memorial-day-sales-deals-2020?origin=hshp,"All The Best Memorial Day Weekend Deals
The savings start now.",,20200522-0000
https://www.buzzfeed.com/kaylasuazo/all-the-best-memorial-day-mattress-sales-2020?origin=hshp,All Of The Best Memorial Day Mattress Sales,,20200522-0000
https://www.buzzfeed.com/emmalord9/best-deals-wayfair-memorial-day-sale?origin=hshp,All The Best Deals At Wayfair's Memorial Day Sale,,20200522-0000
https://www.buzzfeed.com/abbykass/zappos-memorial-day-sale?origin=hshp,You Can Save On *So* Many Popular Shoes During The Zappos Memorial Day Sale,,20200522-0000
https://www.buzzfeed.com/elenamgarcia/dyson-is-having-a-pretty-major-memorial-day-sale-no-better?origin=hshp,Dyson Is Having A Pretty Major Memorial Day Sale — No Better Time Than Now To Get Yourself A New Vacuum,,20200522-0000
https://www.buzzfeed.com/shopping?origin=hshp,See more great product recommendations,,20200522-0000
https://www.buzzfeed.com/rosethecorgi/choose-some-food-and-revile-your-soulmates-name-7gjir6fim?origin=web-hf,"If You Really Wanna Know The First Letter Of Your Soulmate's Name, Eat Some Food And We'll Tell You",,20200522-0000
/watch/video/102294,"We Didn't Use Toilet Paper For A Week 
Auri gets Steve to try reusable toilet paper, will he like it?",,20200522-0000
https://www.buzzfeednews.com/article/laurenstrapagiel/influencers-say-instagram-is-more-likely-to-remove-photos?origin=web-hf,"Influencers Say Instagram Is Biased Against Plus-Size Bodies, And They May Be Right",,20200522-0000
https://www.buzzfeednews.com/article/davidmack/coronavirus-trump-test-positive-negative-answer-video?origin=shp,"Positive News! Trump Says He Tested Positively, Which Means Negative, For The Coronavirus.
“But that’s a way of saying it: positively toward the negative.”
5 hours ago",,20200522-0000
https://www.buzzfeednews.com/article/janelytvynenko/coronavirus-spin-doctors?origin=shp,These Are The Fake Experts Pushing Pseudoscience And Conspiracy Theories About The Coronavirus Pandemic,,20200522-0000
https://www.buzzfeednews.com/article/clarissajanlim/doctor-congressional-hearing-coronavirus-second-wave-ppe?origin=shp,"A Doctor Told Lawmakers The Country Is Not ""Prepared For A Second Wave"" Of The Coronavirus",,20200522-0000
https://www.buzzfeednews.com/article/meghara/qatar-coronavirus-tracking-app-mandatory?origin=shp,Qatar Has Made Its Coronavirus Contact Tracing App Mandatory,,20200522-0000
https://www.buzzfeednews.com/article/lamvo/coronavirus-update-charts-unemployment-claims-laid-off-jobs?origin=shp,These Updating Charts Show The Record Number Of Americans Filing Unemployment Claims,,20200522-0000
https://bzfd.it/noc-show,The daily News O'Clock podcast is here.,,20200522-0000
https://www.buzzfeed.com/mjs538/early-2000s-pictures-for-millennials?origin=web-hf,33 Pictures That Millennials Will Have To Explain To Generation Alpha Someday,,20200522-0000
https://www.buzzfeed.com/briangalindo/chris-pratt-accidentally-deleted-over-35000-unread-emails?origin=web-hf,"Chris Pratt Freaking Out After Accidentally Deleting More Than 50,000 Emails Is Both Relatable And Everyone's Nightmare",,20200522-0000
https://www.buzzfeed.com/tatianatenreyrowhitlock/michael-cera-aubrey-plaza-chuck-e-cheese-pic?origin=web-hf,Michael Cera And Aubrey Plaza's Chuck E. Cheese Photo Is Legendary And Now We Have The Whole Story,,20200522-0000
https://www.buzzfeed.com/christopherhudspeth/oh-come-on-facepalm-that-sucks-things?origin=web-hf,15 Facepalm-Worthy Things Humans Recently Did During This Pandemic That Make Me Hope Aliens Aren't Watching,,20200522-0000
https://www.buzzfeed.com/sydrobinson1/before-and-after-pets-being-adopted-quarantine?origin=web-hf,21 Before-And-After Pictures Of Pets Who Were Adopted During Quarantine,,20200522-0000
https://www.buzzfeed.com/victoriavouloumanos/stars-who-are-mixed-asian-pacific-islander?origin=shp,"34 Multiracial Celebs Who Are Actually Asian Or Pacific Islander
Relatable and inspirational icons, all of ‘em.",,20200522-0000
https://www.buzzfeed.com/nusrat21/a-guide-for-people-new-to-bollywood?origin=shp,30 Bollywood Films That Everyone Absolutely Must See,,20200522-0000
https://www.buzzfeed.com/michellemkim/asian-male-celebs-thirst?origin=shp,21 Asian Male Celebs That Have Us Feeling Oh So Very Thirsty,,20200522-0000
https://www.buzzfeed.com/michellemkim/which-anime-best-boy-are-you?origin=shp,Quiz: Which Anime Best Boy Are You?,,20200522-0000
https://www.buzzfeed.com/badge/apahm2020,See all of our APAHM coverage here,,20200522-0000
/watch/video/99501,"Boricua From The Island vs The Mainland 
Love one another, Puerto Ricans from around the world!",,20200522-0000
https://www.buzzfeed.com/hannahmarder/teen-drama-characters-that-did-not-need-to-die?origin=web-hf,20 Of The Most Tragically Unnecessary Deaths From Teen Dramas,,20200522-0000
https://www.buzzfeed.com/kebornholtz/dont-miss-any-of-our-oscars-coverage-with-our-oscars-guide,Find The Next Show To Binge On With Our TV & Movies Newsletter!,,20200522-0000
https://www.buzzfeed.com/daves4/everyone-hates-but-does?origin=web-hf,27 Things Everyone On Earth Hates That They Do But Does Anyway,,20200522-0000
https://www.buzzfeed.com/mjs538/rose-on-90-day-fiance-and-big-ed?origin=web-hf,We Need To Stop Talking About Big Ed And Start Talking About Rose,,20200522-0000
https://www.buzzfeed.com/stephenlaconte/oprah-winfrey-big-cabbage-instagram?origin=web-hf,Oprah Revealed Her Enormous Quarantine Cabbage On Instagram And It Is Truly A Sight To Behold,,20200522-0000
https://www.buzzfeed.com/alliehayes/books-so-good-you-cannot-put-them-down-flipped?origin=web-hf,"21 Books That Are So Good, People Literally Could Not Put Them Down",,20200522-0000
https://www.buzzfeed.com/chilifritos1234/plan-a-wedding-a-well-tell-which-the-office-char-cvj3ackoya?origin=web-hf,"Build A Wedding And We'll Reveal Which ""The Office"" Character Is Actually Your Soulmate",,20200522-0000
https://www.buzzfeed.com/hannahmarder/what-movies-about-mental-health-made-you-feel-seen,What Movies Got Mental Health Right?,,20200522-0000
/watch/video/105540,"Camp Counselor Horror Stories
In honor of summer former camp counselors share their craziest, weirdest and funniest experiences from camp.",,20200522-0000
https://www.buzzfeednews.com/article/michaelblackmon/lana-del-rey-instagram-post-race?origin=web-hf,This Is Why People Are Mad At Lana Del Rey,,20200522-0000
https://www.buzzfeed.com/stephenlaconte/lana-del-rey-controversy-beyonce-ariana-grande-cardi-b?origin=web-hf,"Lana Del Rey Seemed To Drag Artists Like Beyoncé, Cardi B, And Ariana Grande In A Statement On Instagram, And People Are Pissed",,20200522-0000
https://www.buzzfeed.com/daniellaemanuel/water-popsicles-tiktok?origin=web-hf,"A Mom On TikTok Makes ""Water Popsicles"" For Her Kids And I'm Cracking Up",,20200522-0000
https://www.buzzfeed.com/christopherhudspeth/people-believed-there-was-evidence-of-a-parallel-universe?origin=web-hf,"17 Of The Funniest Tweets About The Discovery Of ""Evidence"" That A Parallel Universe Exists",,20200522-0000
https://www.buzzfeed.com/ehisosifo1/drastic-americas-next-top-model-makeovers?origin=web-hf,"23 ""ANTM"" Makeovers That Tyra Banks Actually Assigned To Contestants",,20200522-0000
https://www.buzzfeed.com/kristatorres/little-bugs-live-in-strawberries-so-you-should-al?origin=web-hf,"If You Wash Berries In Salt Water, Little Bugs Will Start To Crawl Out",,20200522-0000
https://www.buzzfeed.com/victoriagasparowicz/dark-moments-from-kids-movies-that-are-probably-still?origin=web-hf,22 Unexpectedly Dark Kids Movie Moments That People Wish They Could Forget,,20200522-0000
https://www.buzzfeed.com/ryanschocket2/people-are-sharing-the-worst-coworker-theyve-worked-with?origin=web-hf,"People Are Sharing The Worst Coworker They've Worked With And Wow, Just Wow",,20200522-0000
/watch/video/105310,"Loren Gray Reads Her Instagram DMs
Loren Gray bravely sits down to do a deep dive into her Instagram DM requests, which include supportive fans, the obligatory haters, and even some marriage proposals from complete strangers. Check out Loren’s new single “Cake” now: https://www.youtube.com/watch?v=klwWrurkjgc",,20200522-0000
https://www.buzzfeed.com/lyapalater/the-bar-is-so-low-that-im-emotion-because-adam-sa?origin=web-hf,The Bar Is So Low That I'm Emo Over Adam Sandler Buying Tampons For The Women In His Life,,20200522-0000
https://www.buzzfeed.com/mjs538/a-news-clip-from-go-topless-jeep-weekend-is-going-viral?origin=web-hf,"A Video From ""Go Topless Jeep Weekend"" Is Going Viral Because ""Not Even SNL Could Write Something This Ridiculous""",,20200522-0000
https://www.buzzfeed.com/jasminsuknanan/useful-beauty-products-on-sale?origin=web-hf,23 Useful Beauty Products You'll Probably Be Very Glad You Got On Sale,,20200522-0000
https://www.buzzfeed.com/hbraga/sephora-memorial-day-sale?origin=web-hf,Sephora Has Tons Of Products On Sale For Up To 50% Off Right Now,,20200522-0000
https://www.buzzfeed.com/lakenbrooks222/we-know-your-soulmates-initials-based-on-the-shak-3thj8kp21b?origin=web-hf,We Know Your Soulmate's Initials Based On The Shakespearean Insults You Use To Describe Your Ex,,20200522-0000
https://www.buzzfeed.com/jmihaly/fathers-day-gifts-dads-wont-pretend?origin=web-hf,31 Father’s Day Gifts That Dads Won’t Have To Pretend To Like,,20200522-0000
https://www.buzzfeed.com/lilianastephens21/make-a-friends-episode-and-ill-tell-you-which-fri-a59ionup2o?origin=web-hf,"Build A ""Friends"" Episode And I'll Tell You Which Friend You Secretly Are",,20200522-0000
https://www.buzzfeednews.com/article/rubycramer/joe-biden-tara-reade-allegations-senate-2020?origin=web-hf,Tara Reade Stood Apart In Joe Biden's 1990s Senate Staff,,20200522-0000
/watch/video/105538,Can These Exes Be Friends?,,20200522-0000
https://www.buzzfeednews.com/article/tanyachen/a-man-is-being-trolled-for-making-a-leather-face-mask?origin=web-hf,This Guy Is Being Trolled After He Shared His Design For A Cool-Looking Leather Face Mask,,20200522-0000
https://www.buzzfeed.com/samanthawieder/overstocks-memorial-day-blowout-sale-2020?origin=web-hf,All The Best Deals At Overstock's Memorial Day Sale,,20200522-0000
https://www.buzzfeed.com/kristatorres/jason-derulos-tried-to-eat-corn-off-a-power-drill?origin=web-hf,Jason Derulo Tried To Eat Corn Off A Power Drill And Things Did Not Go Well,,20200522-0000
https://www.buzzfeed.com/yiyang/target-memorial-day-sale?origin=web-hf,All The Best Memorial Day Deals At Target,,20200522-0000
https://www.buzzfeed.com/eleanorbate/gigi-hadid-pregnant-during-fashion-week?origin=web-hf,"Gigi Hadid Opened Up About Being ""A Few Months"" Pregnant During Fashion Week And How Her Body Has Changed",,20200522-0000
https://www.buzzfeed.com/isabellalouise/this-visual-quiz-will-reveal-which-elemental-bendi-687v2it35g?origin=web-hf,"This Visual Quiz Will Reveal Which ""Avatar: The Last Airbender"" Element You'd Master",,20200522-0000
https://www.buzzfeed.com/whitneyjefferson/joaquin-phoenix-and-rooney-mara-baby-tweets?origin=web-hf,18 Perfect Tweets About Joaquin Phoenix And Rooney Mara Having A Baby,,20200522-0000
https://www.buzzfeed.com/swiftienerd/do-you-agree-with-these-unpopular-book-opinions-e47xhgqlig?origin=web-hf,Do You Actually Agree With These Controversial Book Opinions?,,20200522-0000
/watch/video/102332,"I Followed Bretman Rock's Oldest And Newest Makeup Tutorial
""This could either be a revelation or a giant mistake.""",,20200522-0000
https://www.buzzfeed.com/racheldunkel/sur-la-table-summer-sale?origin=web-hf,"Sur La Table's Having A Huge Summer Sale, So It's Time To Invest In Some Quality Kitchen Tools",,20200522-0000
https://www.buzzfeednews.com/article/salvadorhernandez/coronavirus-victim-white-house-butler-wilson-jerman?origin=web-hf,A White House Butler Who Worked For 11 US Presidents Died Of The Coronavirus,,20200522-0000
https://www.buzzfeed.com/shelbyheinrich/tiktok-music-festival-viral-heartwarming?origin=web-hf,"These Siblings Threw Their Brother A Surprise Music Festival In Their Backyard For His Birthday, And I Low-Key Wanna Attend",,20200522-0000
https://www.buzzfeed.com/kirbybeaton/books-recommendations-traveling?origin=web-hf,19 Books To Read If You Really Miss Traveling,,20200522-0000
https://www.buzzfeed.com/kaylaboyd/fathers-day-gifts?origin=web-hf,34 Of The Best Father's Day Gifts To Give This Year,,20200522-0000
https://www.buzzfeed.com/malloryannp/fathers-day-gifts-over-35?origin=web-hf,50 Splurge-Worthy Gifts To Surprise Your Dad With This Father's Day,,20200522-0000
https://www.buzzfeed.com/angelicaamartinez/tiktok-vintage-makeup?origin=web-hf,TikTok Taught Me How Wild Vintage Makeup Compacts Were And I Desperately Need Them To Make A Comeback,,20200522-0000
https://www.buzzfeednews.com/article/salvadorhernandez/naval-air-station-terrorism-corpus-christi?origin=web-hf,"A Shooting At A Naval Air Station In Texas Was Terrorism-Related, The FBI Said",,20200522-0000
/watch/video/105809,"The ""Outer Banks"" Cast Answers Your Burning Questions
Your favorite Pogues return as the cast of the hit Netflix series “Outer Banks” (Chase Stokes, Madelyn Cline, Madison Bailey, Rudy Pankow, and Jonathan Daviss) all sit down to answer your burning questions, from how their lives have changed since the show’s debut, to what they think will happen in season two, all the way to which major roles they’ve auditioned for in the past but didn’t get…which leads to one cast member revealing that he very nearly spent some time in a galaxy far, far away.",,20200522-0000
https://www.buzzfeed.com/morganmurrell/serena-williams-daughter-instagram?origin=web-hf,Excuse Me While I Try To Contain My Baby Fever While Watching Serena Williams And Her Daughter,,20200522-0000
https://www.buzzfeed.com/giannaudes/choose-celebrities-a-z-and-ill-tell-you-what-to-d-2r0na9k1lv?origin=web-hf,Choose A Celebrity For Every Letter Of The Alphabet And We'll Give You A New Activity To Try While You're At Home,,20200522-0000
https://www.buzzfeed.com/christopherhudspeth/photos-of-the-pandemic-world-different?origin=web-hf,19 Photos of Life Today That Would've Blown Your Mind A Year Ago,,20200522-0000
https://www.buzzfeed.com/han_38/can-you-correctly-identify-the-bts-album-just-by-t-tfrqdzma7?origin=web-hf,I Will Be Seriously Impressed If You Can Name The BTS Album From Just Three Songs On It,,20200522-0000
https://www.buzzfeed.com/audreyworboys/disney-movie-region-would-you-rather?origin=web-hf,"You Can Only Save One Disney Movie From Each Of These Regions, The Rest Are Deleted Forever",,20200522-0000
https://www.buzzfeed.com/lyapalater/heres-everything-new-coming-to-netflix-this-week-5-21?origin=web-hf,"Here's Everything New Coming To Netflix This Week, Starting May 21",,20200522-0000
https://www.buzzfeed.com/briangalindo/queer-eye-new-season-5-trailer-netflix?origin=web-hf,"The Trailer For Season 5 Of ""Queer Eye"" Just Dropped And I Already Cried Six Times Watching It",,20200522-0000
https://www.buzzfeednews.com/article/katebubacz/photos-michigan-flooding-dams?origin=web-hf,Dramatic Photos Show Massive Flooding After Two Dams Collapsed In Michigan,,20200522-0000
/watch/video/103610,Gadiel Gets Financial Tips For Surviving This Pandemic,,20200522-0000
https://www.buzzfeed.com/genevievescarano/fitness-fathers-day-for-athletic-dads?origin=web-hf,30 Father's Day Gifts For The Dad Who Loves To Exercise,,20200522-0000
https://www.buzzfeed.com/han_38/describe-your-daily-routine-and-ill-tell-you-whic-cf6eyhs3o9?origin=web-hf,Tell Us About Your Quarantine Routine To Find Out Which K-Pop Girl Group You Belong In,,20200522-0000
https://www.buzzfeed.com/shelbyheinrich/high-school-trivia-quiz?origin=web-hf,Half The Population Can't Pass This High School Simulation Without Cheating — Can You?,,20200522-0000
https://www.buzzfeed.com/benhenry/jojo-siwa-candy-themed-bedroom?origin=web-hf,JoJo Siwa Fans Came To Her Defence After A Video Of Her Candy Themed-Bedroom Sparked A Debate About Her Age,,20200522-0000
https://www.buzzfeed.com/sydrobinson1/commonly-misspelled-words-spelling-quiz?origin=web-hf,These Are 15 Of The Most Commonly Misspelled Words — Think You Can Spell Them Right?,,20200522-0000
https://www.buzzfeed.com/laurengarafano/masked-singer-season-3-reveals?origin=web-hf,"18 Famous People Who Were Unmasked On Season 3 Of ""The Masked Singer""",,20200522-0000
https://www.buzzfeed.com/briangalindo/rupauls-drag-race-all-stars-5-trailer-is-out?origin=web-hf,"""RuPaul's Drag Race All Stars 5"" Just RuVealed The Big Twist This Season In Its New Trailer",,20200522-0000
https://www.buzzfeed.com/elliewoodward/kristin-cavallari-ex-best-friend-jay-cutler-affair-rumours?origin=web-hf,Kristin Cavallari's Ex-BFF Finally Addressed The Rumours She Had An Affair With Jay Cutler,,20200522-0000
/watch/video/103666,"Black Family Tries Each Others' Chocolate Chip Cookies
""I'm lactose intolerant, I don't need this!""",,20200522-0000
https://www.buzzfeed.com/taliazaraa/design-a-bedroom-and-well-guess-which-glee-charac-sdkzfa4z1?origin=web-hf,"Which ""Glee"" Character Are You Based On The Bedroom You Design?",,20200522-0000
https://www.buzzfeed.com/kpotterswift/can-you-guess-the-movie-musical-with-just-one-lyri-8y4zhap2s0?origin=web-hf,Can You Guess These Movie Musicals From Just One Lyric?,,20200522-0000
https://www.buzzfeed.com/astros100/which-song-would-you-eliminate-from-these-musicals-4wz31jdyb2?origin=web-hf,Would You Eliminate The Same Songs From These Popular Musicals As Everyone Else?,,20200522-0000
https://www.buzzfeed.com/sunnybaudelaire/its-time-to-sort-these-percy-jackson-characters-i-bjd645nwn3?origin=web-hf,"Let's See If You'd Sort These ""Percy Jackson"" Characters Into The Same Hogwarts House As Everyone Else",,20200522-0000
https://www.buzzfeed.com/elizabethlilly/lovehoney-memorial-day-sale?origin=web-hf,"Hoo Boy, Lovehoney's Up To 50%-Off Sex Toy Sale Is So Good That It (And The Vibrators) Might Leave You Quaking",,20200522-0000
https://www.buzzfeednews.com/article/davidmack/arizona-shooting-glendale-westgate-snapchat?origin=web-hf,"Three People Were Shot By A Gunman Who Called Himself An Incel, Authorities Said",,20200522-0000
https://www.buzzfeed.com/han_38/describe-your-fashion-sense-and-ill-tell-you-whic-21eo04i81y?origin=web-hf,Tell Us About Your Style And We'll Reveal Which Red Velvet Member Would Be Your Bestie,,20200522-0000
https://www.buzzfeed.com/crystalro/comics-about-boobs-2?origin=web-hf,"15 Jokes, Struggles, And Truths People With Boobs Will Understand",,20200522-0000
/watch/video/103443,Japanese And Mexican People Swap Board Games,,20200522-0000
https://www.buzzfeed.com/hannahmarder/i-made-my-own-tie-dye-sweatsuit?origin=web-hf,"Tie-Dyeing Has Become A Viral Activity During Quarantine, So I Tried It Out",,20200522-0000
https://www.buzzfeednews.com/article/tasneemnashrulla/church-arson-violating-stay-home-order-coronavirus?origin=web-hf,A Mississippi Church Suing A City Over Coronavirus Restrictions Burned Down In A Suspected Arson Attack,,20200522-0000
https://www.buzzfeed.com/theresa11/design-a-luxurious-home-and-well-tell-you-where-y-12wsfib8wx?origin=web-hf,Wanna Know Which City You Belong In? Design Your Dream Home To Find Out,,20200522-0000
https://www.buzzfeed.com/evomg/its-time-to-find-out-which-ya-dystopian-character-3pxtid5dw4?origin=web-hf,It's Time To Find Out Which Stereotypical YA Dystopian Character You Are,,20200522-0000
https://www.buzzfeed.com/benarmson90/is-this-a-fact-about-ancient-greece-or-did-i-just-make-it-up?origin=web-hf,Is This Fact About Ancient Greece True Or Made Up?,,20200522-0000
https://www.buzzfeed.com/benhenry/john-legend-chrissy-teigen-proposal?origin=web-hf,"John Legend Awkwardly Told Chrissy Teigen ""This Was The Year I Proposed To You"" On A Picture Taken A Year Earlier",,20200522-0000
https://www.buzzfeednews.com/article/ariannarebolini/best-summer-books-brit-bennett-summer-reading?origin=web-hf,29 Summer Books You Won't Be Able To Put Down,,20200522-0000
https://www.buzzfeed.com/crystalro/french-fry-facts-true-false-quiz?origin=web-hf,"These Weird French Fry Facts Might Sound Fake, But Are They?",,20200522-0000
https://www.buzzfeednews.com,BuzzFeed NewsReporting on what you care about. We hold major institutions accountable and expose wrongdoing.,,20200522-0030
https://www.tasty.co,"BuzzFeed TastySearch, watch, and cook every single Tasty recipe and video ever - all in one place!",,20200522-0030
https://www.buzzfeed.com/goodful,"BuzzFeed GoodfulSelf care and ideas to help you live a healthier, happier life.",,20200522-0030
https://www.buzzfeed.com/bringme,"BuzzFeed Bring MeObsessed with travel? Discover unique things to do, places to eat, and sights to see in the best destinations around the world with Bring Me!",,20200522-0030
https://www.buzzfeed.com/asis,"BuzzFeed As IsSomething for everyone interested in hair, makeup, style, and body positivity.",,20200522-0030
https://www.buzzfeednews.com/article/skbaer/ahmaud-arbery-death-william-bryan-arrest?ref=hpsplash&origin=spl,The Man Who Recorded Video Of Ahmaud Arbery Being Shot Has Been Arrested On A Murder Charge,,20200522-0030
https://www.buzzfeed.com/yiyang/futuristic-products-thatll-probably-make-you-feel-like?origin=hpp,35 Futuristic Products That’ll Probably Make You Feel Like You’re Living In 3020,,20200522-0030
https://www.buzzfeed.com/newsletters?ref=hplego,"WTF Is Happening Today? BuzzFeed Newsletters Can Help!
We have newsletters to help you stay in the loop AND newsletters to help you forget! Try one today!",,20200522-0030
https://www.buzzfeed.com/mikespohr/mindblowing-facts?origin=web-hf,18 Random Facts That Absolutely Blew People's Minds On Twitter,,20200522-0030
https://www.buzzfeed.com/jenniferabidor/jokes-about-disney-villains?origin=web-hf,21 Jokes About Disney Villains That Are Completely Accurate,,20200522-0030
https://www.buzzfeed.com/andrewziegler/quiz-party?origin=shp,"You Can Now Take BuzzFeed Quizzes In Real Time With Your Friends — You’re Welcome
Let’s get this party started.",,20200522-0030
https://www.buzzfeed.com/jenniferabidor/friends-a-to-z?origin=shp,"This ""Friends"" A–Z Quiz Will Reveal Which Main Character You Are",,20200522-0030
https://www.buzzfeed.com/sarahaspler/taste-in-disney-movies-age-quiz?origin=shp,Can We Accurately Guess Your Age Based On Your Taste In Disney Movies?,,20200522-0030
https://www.buzzfeed.com/andrewziegler/quiz-romantic-type?origin=shp,There Are Actually Only Four Romantic Types And We Can Accurately Guess Yours,,20200522-0030
https://www.buzzfeed.com/sarahaspler/everyone-has-a-fruit-that-matches-their-personalit?origin=shp,Everyone Has A Fruit That Matches Their Personality – Here’s Yours,,20200522-0030
https://www.buzzfeed.com/quizparty,Keep the quiz party going,,20200522-0030
https://www.buzzfeed.com/tatianatenreyrowhitlock/lana-del-rey-responds-to-backlash-over-instagram-post?origin=web-hf,"Lana Del Rey Responded To The Backlash Toward Her Instagram Post, Saying She's Sad People Made It A ""WOC Issue""",,20200522-0030
https://www.buzzfeed.com/farrahpenn/finals-week-zoom-university-fails?origin=web-hf,18 Times The Students Of Zoom University Really Struggled Through Finals Week,,20200522-0030
https://www.buzzfeed.com/maitlandquitmeyer/best-memorial-day-sales-deals-2020?origin=hshp,"All The Best Memorial Day Weekend Deals
The savings start now.",,20200522-0030
https://www.buzzfeed.com/kaylasuazo/all-the-best-memorial-day-mattress-sales-2020?origin=hshp,All Of The Best Memorial Day Mattress Sales,,20200522-0030
https://www.buzzfeed.com/emmalord9/best-deals-wayfair-memorial-day-sale?origin=hshp,All The Best Deals At Wayfair's Memorial Day Sale,,20200522-0030
https://www.buzzfeed.com/abbykass/zappos-memorial-day-sale?origin=hshp,You Can Save On *So* Many Popular Shoes During The Zappos Memorial Day Sale,,20200522-0030
https://www.buzzfeed.com/elenamgarcia/dyson-is-having-a-pretty-major-memorial-day-sale-no-better?origin=hshp,Dyson Is Having A Pretty Major Memorial Day Sale — No Better Time Than Now To Get Yourself A New Vacuum,,20200522-0030
https://www.buzzfeed.com/shopping?origin=hshp,See more great product recommendations,,20200522-0030
https://www.buzzfeed.com/morganmurrell/drake-called-kylie-jenner-side-piece-apology?origin=web-hf,"Drake Apologized On Instagram After Calling Kylie Jenner A ""Side Piece"" In An Old, Unreleased Song",,20200522-0030
/watch/video/102294,"We Didn't Use Toilet Paper For A Week 
Auri gets Steve to try reusable toilet paper, will he like it?",,20200522-0030
https://www.buzzfeed.com/katdo0907/the-office-and-friends-polls-1v8n4ssmtp?origin=web-hf,"You Can Only Answer These Polls If You Love ""Friends"" And ""The Office""",,20200522-0030
https://www.buzzfeednews.com/article/davidmack/coronavirus-trump-test-positive-negative-answer-video?origin=shp,"Positive News! Trump Says He Tested Positively, Which Means Negative, For The Coronavirus.
“But that’s a way of saying it: positively toward the negative.”
6 hours ago",,20200522-0030
https://www.buzzfeednews.com/article/janelytvynenko/coronavirus-spin-doctors?origin=shp,These Are The Fake Experts Pushing Pseudoscience And Conspiracy Theories About The Coronavirus Pandemic,,20200522-0030
https://www.buzzfeednews.com/article/clarissajanlim/doctor-congressional-hearing-coronavirus-second-wave-ppe?origin=shp,"A Doctor Told Lawmakers The Country Is Not ""Prepared For A Second Wave"" Of The Coronavirus",,20200522-0030
https://www.buzzfeednews.com/article/meghara/qatar-coronavirus-tracking-app-mandatory?origin=shp,Qatar Has Made Its Coronavirus Contact Tracing App Mandatory,,20200522-0030
https://www.buzzfeednews.com/article/lamvo/coronavirus-update-charts-unemployment-claims-laid-off-jobs?origin=shp,These Updating Charts Show The Record Number Of Americans Filing Unemployment Claims,,20200522-0030
https://bzfd.it/noc-show,The daily News O'Clock podcast is here.,,20200522-0030
https://www.buzzfeednews.com/article/laurenstrapagiel/influencers-say-instagram-is-more-likely-to-remove-photos?origin=web-hf,"Influencers Say Instagram Is Biased Against Plus-Size Bodies, And They May Be Right",,20200522-0030
https://www.buzzfeed.com/mjs538/early-2000s-pictures-for-millennials?origin=web-hf,33 Pictures That Millennials Will Have To Explain To Generation Alpha Someday,,20200522-0030
https://www.buzzfeed.com/tatianatenreyrowhitlock/michael-cera-aubrey-plaza-chuck-e-cheese-pic?origin=web-hf,Michael Cera And Aubrey Plaza's Chuck E. Cheese Photo Is Legendary And Now We Have The Whole Story,,20200522-0030
https://www.buzzfeed.com/christopherhudspeth/oh-come-on-facepalm-that-sucks-things?origin=web-hf,15 Facepalm-Worthy Things Humans Recently Did During This Pandemic That Make Me Hope Aliens Aren't Watching,,20200522-0030
https://www.buzzfeed.com/briangalindo/chris-pratt-accidentally-deleted-over-35000-unread-emails?origin=web-hf,"Chris Pratt Freaking Out After Accidentally Deleting More Than 50,000 Emails Is Both Relatable And Everyone's Nightmare",,20200522-0030
https://www.buzzfeed.com/victoriavouloumanos/stars-who-are-mixed-asian-pacific-islander?origin=shp,"34 Multiracial Celebs Who Are Actually Asian Or Pacific Islander
Relatable and inspirational icons, all of ‘em.",,20200522-0030
https://www.buzzfeed.com/nusrat21/a-guide-for-people-new-to-bollywood?origin=shp,30 Bollywood Films That Everyone Absolutely Must See,,20200522-0030
https://www.buzzfeed.com/michellemkim/asian-male-celebs-thirst?origin=shp,21 Asian Male Celebs That Have Us Feeling Oh So Very Thirsty,,20200522-0030
https://www.buzzfeed.com/michellemkim/which-anime-best-boy-are-you?origin=shp,Quiz: Which Anime Best Boy Are You?,,20200522-0030
https://www.buzzfeed.com/badge/apahm2020,See all of our APAHM coverage here,,20200522-0030
/watch/video/99501,"Boricua From The Island vs The Mainland 
Love one another, Puerto Ricans from around the world!",,20200522-0030
https://www.buzzfeed.com/sydrobinson1/before-and-after-pets-being-adopted-quarantine?origin=web-hf,21 Before-And-After Pictures Of Pets Who Were Adopted During Quarantine,,20200522-0030
https://www.buzzfeed.com/kirbybeaton/virtual-vacation-newsletter-bring-me,"If You're Missing Travel, Sign Up For Our ""Virtual Vacation"" Newsletter",,20200522-0030
https://www.buzzfeed.com/rosethecorgi/choose-some-food-and-revile-your-soulmates-name-7gjir6fim?origin=web-hf,We Know The First Letter Of Your Soulmate's Names Based On Your Food Preferences,,20200522-0030
https://www.buzzfeed.com/hannahmarder/teen-drama-characters-that-did-not-need-to-die?origin=web-hf,20 Of The Most Tragically Unnecessary Deaths From Teen Dramas,,20200522-0030
https://www.buzzfeed.com/daves4/everyone-hates-but-does?origin=web-hf,27 Things Everyone On Earth Hates That They Do But Does Anyway,,20200522-0030
https://www.buzzfeed.com/mjs538/rose-on-90-day-fiance-and-big-ed?origin=web-hf,We Need To Stop Talking About Big Ed And Start Talking About Rose,,20200522-0030
https://www.buzzfeed.com/alliehayes/books-so-good-you-cannot-put-them-down-flipped?origin=web-hf,"21 Books That Are So Good, People Literally Could Not Put Them Down",,20200522-0030
https://www.buzzfeed.com/hannahmarder/what-movies-about-mental-health-made-you-feel-seen,What Movies Got Mental Health Right?,,20200522-0030
/watch/video/105540,"Camp Counselor Horror Stories
In honor of summer former camp counselors share their craziest, weirdest and funniest experiences from camp.",,20200522-0030
https://www.buzzfeednews.com/article/michaelblackmon/lana-del-rey-instagram-post-race?origin=web-hf,This Is Why People Are Mad At Lana Del Rey,,20200522-0030
https://www.buzzfeed.com/stephenlaconte/lana-del-rey-controversy-beyonce-ariana-grande-cardi-b?origin=web-hf,"Lana Del Rey Seemed To Drag Artists Like Beyoncé, Cardi B, And Ariana Grande In A Statement On Instagram, And People Are Pissed",,20200522-0030
https://www.buzzfeed.com/christopherhudspeth/people-believed-there-was-evidence-of-a-parallel-universe?origin=web-hf,"17 Of The Funniest Tweets About The Discovery Of ""Evidence"" That A Parallel Universe Exists",,20200522-0030
https://www.buzzfeed.com/ehisosifo1/drastic-americas-next-top-model-makeovers?origin=web-hf,"23 ""ANTM"" Makeovers That Tyra Banks Actually Assigned To Contestants",,20200522-0030
https://www.buzzfeed.com/daniellaemanuel/water-popsicles-tiktok?origin=web-hf,"A Mom On TikTok Makes ""Water Popsicles"" For Her Kids And I'm Cracking Up",,20200522-0030
https://www.buzzfeed.com/chilifritos1234/plan-a-wedding-a-well-tell-which-the-office-char-cvj3ackoya?origin=web-hf,"Plan A Wedding And We'll Reveal Which ""The Office"" Character Is Your Soulmate",,20200522-0030
https://www.buzzfeed.com/stephenlaconte/oprah-winfrey-big-cabbage-instagram?origin=web-hf,Oprah Revealed Her Enormous Quarantine Cabbage On Instagram And It Is Truly A Sight To Behold,,20200522-0030
https://www.buzzfeed.com/ryanschocket2/people-are-sharing-the-worst-coworker-theyve-worked-with?origin=web-hf,"People Are Sharing The Worst Coworker They've Worked With And Wow, Just Wow",,20200522-0030
/watch/video/105310,"Loren Gray Reads Her Instagram DMs
Loren Gray bravely sits down to do a deep dive into her Instagram DM requests, which include supportive fans, the obligatory haters, and even some marriage proposals from complete strangers. Check out Loren’s new single “Cake” now: https://www.youtube.com/watch?v=klwWrurkjgc",,20200522-0030
https://www.buzzfeed.com/victoriagasparowicz/dark-moments-from-kids-movies-that-are-probably-still?origin=web-hf,22 Unexpectedly Dark Kids Movie Moments That People Wish They Could Forget,,20200522-0030
https://www.buzzfeed.com/kristatorres/little-bugs-live-in-strawberries-so-you-should-al?origin=web-hf,"If You Wash Berries In Salt Water, Little Bugs Will Start To Crawl Out",,20200522-0030
https://www.buzzfeed.com/lyapalater/the-bar-is-so-low-that-im-emotion-because-adam-sa?origin=web-hf,The Bar Is So Low That I'm Emo Over Adam Sandler Buying Tampons For The Women In His Life,,20200522-0030
https://www.buzzfeed.com/mjs538/a-news-clip-from-go-topless-jeep-weekend-is-going-viral?origin=web-hf,"A Video From ""Go Topless Jeep Weekend"" Is Going Viral Because ""Not Even SNL Could Write Something This Ridiculous""",,20200522-0030
https://www.buzzfeed.com/jasminsuknanan/useful-beauty-products-on-sale?origin=web-hf,23 Useful Beauty Products You'll Probably Be Very Glad You Got On Sale,,20200522-0030
https://www.buzzfeed.com/hbraga/sephora-memorial-day-sale?origin=web-hf,Sephora Has Tons Of Products On Sale For Up To 50% Off Right Now,,20200522-0030
https://www.buzzfeed.com/jmihaly/fathers-day-gifts-dads-wont-pretend?origin=web-hf,31 Father’s Day Gifts That Dads Won’t Have To Pretend To Like,,20200522-0030
https://www.buzzfeed.com/lakenbrooks222/we-know-your-soulmates-initials-based-on-the-shak-3thj8kp21b?origin=web-hf,We Know Your Soulmate's Initials Based On The Shakespearean Insults You Use To Describe Your Ex,,20200522-0030
/watch/video/105538,Can These Exes Be Friends?,,20200522-0030
https://www.buzzfeednews.com/article/rubycramer/joe-biden-tara-reade-allegations-senate-2020?origin=web-hf,Tara Reade Stood Apart In Joe Biden's 1990s Senate Staff,,20200522-0030
https://www.buzzfeednews.com/article/tanyachen/a-man-is-being-trolled-for-making-a-leather-face-mask?origin=web-hf,This Guy Is Being Trolled After He Shared His Design For A Cool-Looking Leather Face Mask,,20200522-0030
https://www.buzzfeed.com/lilianastephens21/make-a-friends-episode-and-ill-tell-you-which-fri-a59ionup2o?origin=web-hf,"Make A ""Friends"" Episode And I'll Tell You Which Character You Are",,20200522-0030
https://www.buzzfeed.com/samanthawieder/overstocks-memorial-day-blowout-sale-2020?origin=web-hf,All The Best Deals At Overstock's Memorial Day Sale,,20200522-0030
https://www.buzzfeed.com/kristatorres/jason-derulos-tried-to-eat-corn-off-a-power-drill?origin=web-hf,Jason Derulo Tried To Eat Corn Off A Power Drill And Things Did Not Go Well,,20200522-0030
https://www.buzzfeed.com/yiyang/target-memorial-day-sale?origin=web-hf,All The Best Memorial Day Deals At Target,,20200522-0030
https://www.buzzfeed.com/eleanorbate/gigi-hadid-pregnant-during-fashion-week?origin=web-hf,"Gigi Hadid Opened Up About Being ""A Few Months"" Pregnant During Fashion Week And How Her Body Has Changed",,20200522-0030
https://www.buzzfeed.com/isabellalouise/this-visual-quiz-will-reveal-which-elemental-bendi-687v2it35g?origin=web-hf,"This Visual Quiz Will Reveal Which ""Avatar: The Last Airbender"" Element You'd Master",,20200522-0030
/watch/video/102332,"I Followed Bretman Rock's Oldest And Newest Makeup Tutorial
""This could either be a revelation or a giant mistake.""",,20200522-0030
https://www.buzzfeed.com/whitneyjefferson/joaquin-phoenix-and-rooney-mara-baby-tweets?origin=web-hf,18 Perfect Tweets About Joaquin Phoenix And Rooney Mara Having A Baby,,20200522-0030
https://www.buzzfeed.com/swiftienerd/do-you-agree-with-these-unpopular-book-opinions-e47xhgqlig?origin=web-hf,Do You Actually Agree With These Controversial Book Opinions?,,20200522-0030
https://www.buzzfeed.com/racheldunkel/sur-la-table-summer-sale?origin=web-hf,Ready To Upgrade Your Cookware? Sur La Table's Summer Sale Wants To Make That Happen,,20200522-0030
https://www.buzzfeednews.com/article/salvadorhernandez/coronavirus-victim-white-house-butler-wilson-jerman?origin=web-hf,A White House Butler Who Worked For 11 US Presidents Died Of The Coronavirus,,20200522-0030
https://www.buzzfeed.com/nataliebrown/products-youll-probably-use-every-single-day-2020?origin=web-hf,30 Products So Effective You'll Probably Use Them Every Single Day,,20200522-0030
https://www.buzzfeed.com/shelbyheinrich/tiktok-music-festival-viral-heartwarming?origin=web-hf,"A Girl On TikTok Threw Her Brother His Very Own ""Music Festival"" For His Birthday, And TBH It Looks Better Than Coachella",,20200522-0030
https://www.buzzfeed.com/kirbybeaton/books-recommendations-traveling?origin=web-hf,Here's A List Of Books That Will Make You Feel Like You're Traveling The World,,20200522-0030
https://www.buzzfeed.com/kaylaboyd/fathers-day-gifts?origin=web-hf,34 Of The Best Father's Day Gifts To Give This Year,,20200522-0030
/watch/video/105809,"The ""Outer Banks"" Cast Answers Your Burning Questions
Your favorite Pogues return as the cast of the hit Netflix series “Outer Banks” (Chase Stokes, Madelyn Cline, Madison Bailey, Rudy Pankow, and Jonathan Daviss) all sit down to answer your burning questions, from how their lives have changed since the show’s debut, to what they think will happen in season two, all the way to which major roles they’ve auditioned for in the past but didn’t get…which leads to one cast member revealing that he very nearly spent some time in a galaxy far, far away.",,20200522-0030
https://www.buzzfeed.com/malloryannp/fathers-day-gifts-over-35?origin=web-hf,50 Splurge-Worthy Gifts To Surprise Your Dad With This Father's Day,,20200522-0030
https://www.buzzfeed.com/angelicaamartinez/tiktok-vintage-makeup?origin=web-hf,TikTok Taught Me How Wild Vintage Makeup Compacts Were And I Desperately Need Them To Make A Comeback,,20200522-0030
https://www.buzzfeed.com/christopherhudspeth/photos-of-the-pandemic-world-different?origin=web-hf,19 Photos of Life Today That Would've Blown Your Mind A Year Ago,,20200522-0030
https://www.buzzfeed.com/giannaudes/choose-celebrities-a-z-and-ill-tell-you-what-to-d-2r0na9k1lv?origin=web-hf,Choose A Celebrity For Every Letter Of The Alphabet And We'll Give You A New Activity To Try While You're At Home,,20200522-0030
https://www.buzzfeed.com/morganmurrell/serena-williams-daughter-instagram?origin=web-hf,Excuse Me While I Try To Contain My Baby Fever While Watching Serena Williams And Her Daughter,,20200522-0030
https://www.buzzfeed.com/lyapalater/heres-everything-new-coming-to-netflix-this-week-5-21?origin=web-hf,"Here's Everything New Coming To Netflix This Week, Starting May 21",,20200522-0030
https://www.buzzfeed.com/audreyworboys/disney-movie-region-would-you-rather?origin=web-hf,"You Can Only Save One Disney Movie From Each Of These Regions, The Rest Are Deleted Forever",,20200522-0030
https://www.buzzfeednews.com/article/salvadorhernandez/naval-air-station-terrorism-corpus-christi?origin=web-hf,"A Shooting At A Naval Air Station In Texas Was Terrorism-Related, The FBI Said",,20200522-0030
/watch/video/103610,Gadiel Gets Financial Tips For Surviving This Pandemic,,20200522-0030
https://www.buzzfeed.com/briangalindo/queer-eye-new-season-5-trailer-netflix?origin=web-hf,"The Trailer For Season 5 Of ""Queer Eye"" Just Dropped And I Already Cried Six Times Watching It",,20200522-0030
https://www.buzzfeednews.com/article/katebubacz/photos-michigan-flooding-dams?origin=web-hf,Dramatic Photos Show Massive Flooding After Two Dams Collapsed In Michigan,,20200522-0030
https://www.buzzfeed.com/genevievescarano/fitness-fathers-day-for-athletic-dads?origin=web-hf,30 Father's Day Gifts For The Dad Who Loves To Exercise,,20200522-0030
https://www.buzzfeed.com/shelbyheinrich/high-school-trivia-quiz?origin=web-hf,Half The Population Can't Pass This High School Simulation Without Cheating — Can You?,,20200522-0030
https://www.buzzfeed.com/benhenry/jojo-siwa-candy-themed-bedroom?origin=web-hf,JoJo Siwa Fans Came To Her Defence After A Video Of Her Candy Themed-Bedroom Sparked A Debate About Her Age,,20200522-0030
https://www.buzzfeed.com/han_38/can-you-correctly-identify-the-bts-album-just-by-t-tfrqdzma7?origin=web-hf,I Will Be Seriously Impressed If You Can Name The BTS Album From Just Three Songs On It,,20200522-0030
https://www.buzzfeed.com/sydrobinson1/commonly-misspelled-words-spelling-quiz?origin=web-hf,These Are 15 Of The Most Commonly Misspelled Words — Think You Can Spell Them Right?,,20200522-0030
https://www.buzzfeed.com/han_38/describe-your-daily-routine-and-ill-tell-you-whic-cf6eyhs3o9?origin=web-hf,Tell Us About Your Quarantine Routine To Find Out Which K-Pop Girl Group You Belong In,,20200522-0030
/watch/video/103666,"Black Family Tries Each Others' Chocolate Chip Cookies
""I'm lactose intolerant, I don't need this!""",,20200522-0030
https://www.buzzfeed.com/laurengarafano/masked-singer-season-3-reveals?origin=web-hf,"18 Famous People Who Were Unmasked On Season 3 Of ""The Masked Singer""",,20200522-0030
https://www.buzzfeed.com/briangalindo/rupauls-drag-race-all-stars-5-trailer-is-out?origin=web-hf,"""RuPaul's Drag Race All Stars 5"" Just RuVealed The Big Twist This Season In Its New Trailer",,20200522-0030
https://www.buzzfeed.com/elliewoodward/kristin-cavallari-ex-best-friend-jay-cutler-affair-rumours?origin=web-hf,Kristin Cavallari's Ex-BFF Finally Addressed The Rumours She Had An Affair With Jay Cutler,,20200522-0030
https://www.buzzfeed.com/taliazaraa/design-a-bedroom-and-well-guess-which-glee-charac-sdkzfa4z1?origin=web-hf,"Which ""Glee"" Character Are You Based On The Bedroom You Design?",,20200522-0030
https://www.buzzfeed.com/kpotterswift/can-you-guess-the-movie-musical-with-just-one-lyri-8y4zhap2s0?origin=web-hf,Can You Guess These Movie Musicals From Just One Lyric?,,20200522-0030
https://www.buzzfeed.com/astros100/which-song-would-you-eliminate-from-these-musicals-4wz31jdyb2?origin=web-hf,Would You Eliminate The Same Songs From These Popular Musicals As Everyone Else?,,20200522-0030
https://www.buzzfeed.com/elizabethlilly/lovehoney-memorial-day-sale?origin=web-hf,"Hoo Boy, Lovehoney's Up To 50%-Off Sex Toy Sale Is So Good That It (And The Vibrators) Might Leave You Quaking",,20200522-0030
https://www.buzzfeed.com/sunnybaudelaire/its-time-to-sort-these-percy-jackson-characters-i-bjd645nwn3?origin=web-hf,"Let's See If You'd Sort These ""Percy Jackson"" Characters Into The Same Hogwarts House As Everyone Else",,20200522-0030
/watch/video/103443,Japanese And Mexican People Swap Board Games,,20200522-0030
https://www.buzzfeednews.com/article/davidmack/arizona-shooting-glendale-westgate-snapchat?origin=web-hf,"Three People Were Shot By A Gunman Who Called Himself An Incel, Authorities Said",,20200522-0030
https://www.buzzfeed.com/crystalro/comics-about-boobs-2?origin=web-hf,"15 Jokes, Struggles, And Truths People With Boobs Will Understand",,20200522-0030
https://www.buzzfeed.com/han_38/describe-your-fashion-sense-and-ill-tell-you-whic-21eo04i81y?origin=web-hf,Tell Us About Your Style And We'll Reveal Which Red Velvet Member Would Be Your Bestie,,20200522-0030
https://www.buzzfeed.com/hannahmarder/i-made-my-own-tie-dye-sweatsuit?origin=web-hf,"Tie-Dyeing Has Become A Viral Activity During Quarantine, So I Tried It Out",,20200522-0030
https://www.buzzfeednews.com/article/tasneemnashrulla/church-arson-violating-stay-home-order-coronavirus?origin=web-hf,A Mississippi Church Suing A City Over Coronavirus Restrictions Burned Down In A Suspected Arson Attack,,20200522-0030
https://www.buzzfeed.com/theresa11/design-a-luxurious-home-and-well-tell-you-where-y-12wsfib8wx?origin=web-hf,Wanna Know Which City You Belong In? Design Your Dream Home To Find Out,,20200522-0030
https://www.buzzfeed.com/evomg/its-time-to-find-out-which-ya-dystopian-character-3pxtid5dw4?origin=web-hf,It's Time To Find Out Which Stereotypical YA Dystopian Character You Are,,20200522-0030
https://www.buzzfeed.com/benarmson90/is-this-a-fact-about-ancient-greece-or-did-i-just-make-it-up?origin=web-hf,Is This Fact About Ancient Greece True Or Made Up?,,20200522-0030
https://www.buzzfeednews.com,BuzzFeed NewsReporting on what you care about. We hold major institutions accountable and expose wrongdoing.,,20200522-0100
https://www.tasty.co,"BuzzFeed TastySearch, watch, and cook every single Tasty recipe and video ever - all in one place!",,20200522-0100
https://www.buzzfeed.com/goodful,"BuzzFeed GoodfulSelf care and ideas to help you live a healthier, happier life.",,20200522-0100
https://www.buzzfeed.com/bringme,"BuzzFeed Bring MeObsessed with travel? Discover unique things to do, places to eat, and sights to see in the best destinations around the world with Bring Me!",,20200522-0100
https://www.buzzfeed.com/asis,"BuzzFeed As IsSomething for everyone interested in hair, makeup, style, and body positivity.",,20200522-0100
https://www.buzzfeed.com/lyapalater/heres-everything-new-coming-to-netflix-this-week-5-21?ref=hpsplash&origin=spl,Here’s Everything New Coming To Netflix This Week,,20200522-0100
https://www.buzzfeed.com/yiyang/futuristic-products-thatll-probably-make-you-feel-like?origin=hpp,35 Futuristic Products That’ll Probably Make You Feel Like You’re Living In 3020,,20200522-0100
https://www.buzzfeed.com/newsletters?ref=hplego,"WTF Is Happening Today? BuzzFeed Newsletters Can Help!
We have newsletters to help you stay in the loop AND newsletters to help you forget! Try one today!",,20200522-0100
https://www.buzzfeed.com/tatianatenreyrowhitlock/funniest-tweets-lana-del-rey-instagram-post-drama?origin=web-hf,15 Of The Funniest Reactions To The Lana Del Rey Instagram Post Drama,,20200522-0100
https://www.buzzfeed.com/mikespohr/mindblowing-facts?origin=web-hf,18 Random Facts That Absolutely Blew People's Minds On Twitter,,20200522-0100
https://www.buzzfeed.com/andrewziegler/quiz-party?origin=shp,"You Can Now Take BuzzFeed Quizzes In Real Time With Your Friends — You’re Welcome
Let’s get this party started.",,20200522-0100
https://www.buzzfeed.com/jenniferabidor/friends-a-to-z?origin=shp,"This ""Friends"" A–Z Quiz Will Reveal Which Main Character You Are",,20200522-0100
https://www.buzzfeed.com/sarahaspler/taste-in-disney-movies-age-quiz?origin=shp,Can We Accurately Guess Your Age Based On Your Taste In Disney Movies?,,20200522-0100
https://www.buzzfeed.com/andrewziegler/quiz-romantic-type?origin=shp,There Are Actually Only Four Romantic Types And We Can Accurately Guess Yours,,20200522-0100
https://www.buzzfeed.com/sarahaspler/everyone-has-a-fruit-that-matches-their-personalit?origin=shp,Everyone Has A Fruit That Matches Their Personality – Here’s Yours,,20200522-0100
https://www.buzzfeed.com/quizparty,Keep the quiz party going,,20200522-0100
https://www.buzzfeed.com/tatianatenreyrowhitlock/lana-del-rey-responds-to-backlash-over-instagram-post?origin=web-hf,"Lana Del Rey Responded To The Backlash Toward Her Instagram Post, Saying She's Sad People Made It A ""WOC Issue""",,20200522-0100
https://www.buzzfeed.com/jenniferabidor/jokes-about-disney-villains?origin=web-hf,21 Jokes About Disney Villains That Will Make You Both Love And Hate Them More,,20200522-0100
https://www.buzzfeed.com/maitlandquitmeyer/best-memorial-day-sales-deals-2020?origin=hshp,"All The Best Memorial Day Weekend Deals
The savings start now.",,20200522-0100
https://www.buzzfeed.com/kaylasuazo/all-the-best-memorial-day-mattress-sales-2020?origin=hshp,All Of The Best Memorial Day Mattress Sales,,20200522-0100
https://www.buzzfeed.com/emmalord9/best-deals-wayfair-memorial-day-sale?origin=hshp,All The Best Deals At Wayfair's Memorial Day Sale,,20200522-0100
https://www.buzzfeed.com/abbykass/zappos-memorial-day-sale?origin=hshp,You Can Save On *So* Many Popular Shoes During The Zappos Memorial Day Sale,,20200522-0100
https://www.buzzfeed.com/elenamgarcia/dyson-is-having-a-pretty-major-memorial-day-sale-no-better?origin=hshp,Dyson Is Having A Pretty Major Memorial Day Sale — No Better Time Than Now To Get Yourself A New Vacuum,,20200522-0100
https://www.buzzfeed.com/shopping?origin=hshp,See more great product recommendations,,20200522-0100
https://www.buzzfeed.com/farrahpenn/finals-week-zoom-university-fails?origin=web-hf,18 Times The Students Of Zoom University Really Struggled Through Finals Week,,20200522-0100
/watch/video/102294,"We Didn't Use Toilet Paper For A Week 
Auri gets Steve to try reusable toilet paper, will he like it?",,20200522-0100
https://www.buzzfeednews.com/article/skbaer/ahmaud-arbery-death-william-bryan-arrest?origin=web-hf,The Man Who Recorded Video Of Ahmaud Arbery Being Shot Has Been Arrested On A Murder Charge,,20200522-0100
https://www.buzzfeednews.com/article/davidmack/coronavirus-trump-test-positive-negative-answer-video?origin=shp,"Positive News! Trump Says He Tested Positively, Which Means Negative, For The Coronavirus.
“But that’s a way of saying it: positively toward the negative.”
6 hours ago",,20200522-0100
https://www.buzzfeednews.com/article/janelytvynenko/coronavirus-spin-doctors?origin=shp,These Are The Fake Experts Pushing Pseudoscience And Conspiracy Theories About The Coronavirus Pandemic,,20200522-0100
https://www.buzzfeednews.com/article/clarissajanlim/doctor-congressional-hearing-coronavirus-second-wave-ppe?origin=shp,"A Doctor Told Lawmakers The Country Is Not ""Prepared For A Second Wave"" Of The Coronavirus",,20200522-0100
https://www.buzzfeednews.com/article/meghara/qatar-coronavirus-tracking-app-mandatory?origin=shp,Qatar Has Made Its Coronavirus Contact Tracing App Mandatory,,20200522-0100
https://www.buzzfeednews.com/article/lamvo/coronavirus-update-charts-unemployment-claims-laid-off-jobs?origin=shp,These Updating Charts Show The Record Number Of Americans Filing Unemployment Claims,,20200522-0100
https://bzfd.it/noc-show,The daily News O'Clock podcast is here.,,20200522-0100
https://www.buzzfeed.com/clareaston/my-bibliotherapy-prescription?origin=web-hf,I Tried Bibliotherapy To See If Books Could Help With My Anxiety,,20200522-0100
https://www.buzzfeed.com/avaerickson04/which-disney-prince-do-you-belong-with-1mtuff45b1?origin=web-hf,We Know Which Disney Prince You Belong With Based On Your Answers To These Random Questions,,20200522-0100
https://www.buzzfeed.com/tessafahey/identify-avatar-the-last-airbender-characters-quiz?origin=web-hf,"Only Someone Who's Done A Recent Rewatch Of ""Avatar: The Last Airbender"" Can Identify 30/36 Of These Characters",,20200522-0100
https://www.buzzfeednews.com/article/laurenstrapagiel/influencers-say-instagram-is-more-likely-to-remove-photos?origin=web-hf,"Influencers Say Instagram Is Biased Against Plus-Size Bodies, And They May Be Right",,20200522-0100
https://www.buzzfeed.com/mjs538/early-2000s-pictures-for-millennials?origin=web-hf,33 Pictures That Millennials Will Have To Explain To Generation Alpha Someday,,20200522-0100
https://www.buzzfeed.com/victoriavouloumanos/stars-who-are-mixed-asian-pacific-islander?origin=shp,"34 Multiracial Celebs Who Are Actually Asian Or Pacific Islander
Relatable and inspirational icons, all of ‘em.",,20200522-0100
https://www.buzzfeed.com/nusrat21/a-guide-for-people-new-to-bollywood?origin=shp,30 Bollywood Films That Everyone Absolutely Must See,,20200522-0100
https://www.buzzfeed.com/michellemkim/asian-male-celebs-thirst?origin=shp,21 Asian Male Celebs That Have Us Feeling Oh So Very Thirsty,,20200522-0100
https://www.buzzfeed.com/michellemkim/which-anime-best-boy-are-you?origin=shp,Quiz: Which Anime Best Boy Are You?,,20200522-0100
https://www.buzzfeed.com/badge/apahm2020,See all of our APAHM coverage here,,20200522-0100
/watch/video/99501,"Boricua From The Island vs The Mainland 
Love one another, Puerto Ricans from around the world!",,20200522-0100
https://www.buzzfeed.com/morganmurrell/drake-called-kylie-jenner-side-piece-apology?origin=web-hf,"Drake Name-Dropped Kylie Jenner, Kendall Jenner, And Gigi Hadid In A Song, Then Issued An Apology Statement",,20200522-0100
https://www.buzzfeed.com/buzzfeedresearch/civicscience-main3-buzz,Let Your Voice Be Heard. Tell Us Your Opinions!,,20200522-0100
https://www.buzzfeed.com/buzzfeedoznews/bye-buzzfeed-oz-news?origin=web-hf,37 Stories We Loved Telling You At BuzzFeed News Australia,,20200522-0100
https://www.buzzfeed.com/tatianatenreyrowhitlock/michael-cera-aubrey-plaza-chuck-e-cheese-pic?origin=web-hf,Michael Cera And Aubrey Plaza's Chuck E. Cheese Photo Is Legendary And Now We Have The Whole Story,,20200522-0100
https://www.buzzfeed.com/christopherhudspeth/oh-come-on-facepalm-that-sucks-things?origin=web-hf,15 Facepalm-Worthy Things Humans Recently Did During This Pandemic That Make Me Hope Aliens Aren't Watching,,20200522-0100
https://www.buzzfeed.com/briangalindo/chris-pratt-accidentally-deleted-over-35000-unread-emails?origin=web-hf,"Chris Pratt Freaking Out After Accidentally Deleting More Than 50,000 Emails Is Both Relatable And Everyone's Nightmare",,20200522-0100
https://www.buzzfeed.com/sydrobinson1/before-and-after-pets-being-adopted-quarantine?origin=web-hf,21 Before-And-After Pictures Of Pets Who Were Adopted During Quarantine,,20200522-0100
https://www.buzzfeed.com/melanie_aman/what-is-the-best-place-to-buy-bras-if-you-have-small-boobs,What's The Best Place To Buy Bras If You Have Small Boobs?,,20200522-0100
/watch/video/105540,"Camp Counselor Horror Stories
In honor of summer former camp counselors share their craziest, weirdest and funniest experiences from camp.",,20200522-0100
https://www.buzzfeed.com/hannahmarder/teen-drama-characters-that-did-not-need-to-die?origin=web-hf,20 Of The Most Tragically Unnecessary Deaths From Teen Dramas,,20200522-0100
https://www.buzzfeed.com/daves4/everyone-hates-but-does?origin=web-hf,27 Things Everyone On Earth Hates That They Do But Does Anyway,,20200522-0100
https://www.buzzfeed.com/rosethecorgi/choose-some-food-and-revile-your-soulmates-name-7gjir6fim?origin=web-hf,"If You Really Wanna Know The First Letter Of Your Soulmate's Name, Eat Some Food And We'll Tell You",,20200522-0100
https://www.buzzfeed.com/katdo0907/the-office-and-friends-polls-1v8n4ssmtp?origin=web-hf,"If You Love ""Friends"" And ""The Office"" Then These Polls Are For You",,20200522-0100
https://www.buzzfeed.com/mjs538/rose-on-90-day-fiance-and-big-ed?origin=web-hf,We Need To Stop Talking About Big Ed And Start Talking About Rose,,20200522-0100
https://www.buzzfeed.com/alliehayes/books-so-good-you-cannot-put-them-down-flipped?origin=web-hf,"21 Books That Are So Good, People Literally Could Not Put Them Down",,20200522-0100
https://www.buzzfeednews.com/article/michaelblackmon/lana-del-rey-instagram-post-race?origin=web-hf,This Is Why People Are Mad At Lana Del Rey,,20200522-0100
https://www.buzzfeed.com/stephenlaconte/lana-del-rey-controversy-beyonce-ariana-grande-cardi-b?origin=web-hf,"Lana Del Rey Seemed To Drag Artists Like Beyoncé, Cardi B, And Ariana Grande In A Statement On Instagram, And People Are Pissed",,20200522-0100
/watch/video/105310,"Loren Gray Reads Her Instagram DMs
Loren Gray bravely sits down to do a deep dive into her Instagram DM requests, which include supportive fans, the obligatory haters, and even some marriage proposals from complete strangers. Check out Loren’s new single “Cake” now: https://www.youtube.com/watch?v=klwWrurkjgc",,20200522-0100
https://www.buzzfeed.com/ehisosifo1/drastic-americas-next-top-model-makeovers?origin=web-hf,"23 ""ANTM"" Makeovers That Tyra Banks Actually Assigned To Contestants",,20200522-0100
https://www.buzzfeed.com/christopherhudspeth/people-believed-there-was-evidence-of-a-parallel-universe?origin=web-hf,"17 Of The Funniest Tweets About The Discovery Of ""Evidence"" That A Parallel Universe Exists",,20200522-0100
https://www.buzzfeed.com/daniellaemanuel/water-popsicles-tiktok?origin=web-hf,"A Mom On TikTok Makes ""Water Popsicles"" For Her Kids And I'm Cracking Up",,20200522-0100
https://www.buzzfeed.com/chilifritos1234/plan-a-wedding-a-well-tell-which-the-office-char-cvj3ackoya?origin=web-hf,"We'll Reveal Which ""The Office"" Character Is Your Soulmate Based On The Wedding You Plan",,20200522-0100
https://www.buzzfeed.com/stephenlaconte/oprah-winfrey-big-cabbage-instagram?origin=web-hf,"Oprah Grew A Cabbage So Big She Could Barely Carry It, And You Really Need To See It To Believe It's Real",,20200522-0100
https://www.buzzfeed.com/kristatorres/little-bugs-live-in-strawberries-so-you-should-al?origin=web-hf,"If You Wash Berries In Salt Water, Little Bugs Will Start To Crawl Out",,20200522-0100
https://www.buzzfeed.com/ryanschocket2/people-are-sharing-the-worst-coworker-theyve-worked-with?origin=web-hf,"People Are Sharing The Worst Coworker They've Worked With And Wow, Just Wow",,20200522-0100
https://www.buzzfeed.com/victoriagasparowicz/dark-moments-from-kids-movies-that-are-probably-still?origin=web-hf,22 Unexpectedly Dark Kids Movie Moments That People Wish They Could Forget,,20200522-0100
/watch/video/105538,Can These Exes Be Friends?,,20200522-0100
https://www.buzzfeed.com/lyapalater/the-bar-is-so-low-that-im-emotion-because-adam-sa?origin=web-hf,The Bar Is So Low That I'm Emo Over Adam Sandler Buying Tampons For The Women In His Life,,20200522-0100
https://www.buzzfeed.com/mjs538/a-news-clip-from-go-topless-jeep-weekend-is-going-viral?origin=web-hf,"A Video From ""Go Topless Jeep Weekend"" Is Going Viral Because ""Not Even SNL Could Write Something This Ridiculous""",,20200522-0100
https://www.buzzfeed.com/jasminsuknanan/useful-beauty-products-on-sale?origin=web-hf,23 Useful Beauty Products You'll Probably Be Very Glad You Got On Sale,,20200522-0100
https://www.buzzfeed.com/hbraga/sephora-memorial-day-sale?origin=web-hf,Sephora Has Tons Of Products On Sale For Up To 50% Off Right Now,,20200522-0100
https://www.buzzfeed.com/jmihaly/fathers-day-gifts-dads-wont-pretend?origin=web-hf,31 Father’s Day Gifts That Dads Won’t Have To Pretend To Like,,20200522-0100
https://www.buzzfeednews.com/article/tanyachen/a-man-is-being-trolled-for-making-a-leather-face-mask?origin=web-hf,This Guy Is Being Trolled After He Shared His Design For A Cool-Looking Leather Face Mask,,20200522-0100
https://www.buzzfeednews.com/article/rubycramer/joe-biden-tara-reade-allegations-senate-2020?origin=web-hf,Tara Reade Stood Apart In Joe Biden's 1990s Senate Staff,,20200522-0100
https://www.buzzfeed.com/lakenbrooks222/we-know-your-soulmates-initials-based-on-the-shak-3thj8kp21b?origin=web-hf,We Know Your Soulmate's Initials Based On The Shakespearean Insults You Use To Describe Your Ex,,20200522-0100
/watch/video/102332,"I Followed Bretman Rock's Oldest And Newest Makeup Tutorial
""This could either be a revelation or a giant mistake.""",,20200522-0100
https://www.buzzfeed.com/lilianastephens21/make-a-friends-episode-and-ill-tell-you-which-fri-a59ionup2o?origin=web-hf,"Make A ""Friends"" Episode And I'll Tell You Which Character You Are",,20200522-0100
https://www.buzzfeed.com/samanthawieder/overstocks-memorial-day-blowout-sale-2020?origin=web-hf,All The Best Deals At Overstock's Memorial Day Sale,,20200522-0100
https://www.buzzfeed.com/kristatorres/jason-derulos-tried-to-eat-corn-off-a-power-drill?origin=web-hf,Jason Derulo Tried To Eat Corn Off A Power Drill And Things Did Not Go Well,,20200522-0100
https://www.buzzfeed.com/yiyang/target-memorial-day-sale?origin=web-hf,All The Best Memorial Day Deals At Target,,20200522-0100
https://www.buzzfeed.com/eleanorbate/gigi-hadid-pregnant-during-fashion-week?origin=web-hf,"Gigi Hadid Opened Up About Being ""A Few Months"" Pregnant During Fashion Week And How Her Body Has Changed",,20200522-0100
https://www.buzzfeed.com/whitneyjefferson/joaquin-phoenix-and-rooney-mara-baby-tweets?origin=web-hf,18 Perfect Tweets About Joaquin Phoenix And Rooney Mara Having A Baby,,20200522-0100
https://www.buzzfeed.com/isabellalouise/this-visual-quiz-will-reveal-which-elemental-bendi-687v2it35g?origin=web-hf,"This Visual Quiz Will Reveal Which ""Avatar: The Last Airbender"" Element You'd Master",,20200522-0100
https://www.buzzfeed.com/swiftienerd/do-you-agree-with-these-unpopular-book-opinions-e47xhgqlig?origin=web-hf,Do You Actually Agree With These Controversial Book Opinions?,,20200522-0100
/watch/video/105809,"The ""Outer Banks"" Cast Answers Your Burning Questions
Your favorite Pogues return as the cast of the hit Netflix series “Outer Banks” (Chase Stokes, Madelyn Cline, Madison Bailey, Rudy Pankow, and Jonathan Daviss) all sit down to answer your burning questions, from how their lives have changed since the show’s debut, to what they think will happen in season two, all the way to which major roles they’ve auditioned for in the past but didn’t get…which leads to one cast member revealing that he very nearly spent some time in a galaxy far, far away.",,20200522-0100
https://www.buzzfeed.com/racheldunkel/sur-la-table-summer-sale?origin=web-hf,In Need Of Some New Kitchen Tools? Sur La Table's Summer Sale Is Here To Help,,20200522-0100
https://www.buzzfeednews.com/article/salvadorhernandez/coronavirus-victim-white-house-butler-wilson-jerman?origin=web-hf,A White House Butler Who Worked For 11 US Presidents Died Of The Coronavirus,,20200522-0100
https://www.buzzfeed.com/shelbyheinrich/tiktok-music-festival-viral-heartwarming?origin=web-hf,"These Siblings Threw Their Brother A Surprise Music Festival In Their Backyard For His Birthday, And I Low-Key Wanna Attend",,20200522-0100
https://www.buzzfeed.com/kirbybeaton/books-recommendations-traveling?origin=web-hf,19 Books To Read During Quarantine To Make You Feel Like You're Traveling,,20200522-0100
https://www.buzzfeed.com/kaylaboyd/fathers-day-gifts?origin=web-hf,34 Of The Best Father's Day Gifts To Give This Year,,20200522-0100
https://www.buzzfeed.com/malloryannp/fathers-day-gifts-over-35?origin=web-hf,50 Splurge-Worthy Gifts To Surprise Your Dad With This Father's Day,,20200522-0100
https://www.buzzfeed.com/angelicaamartinez/tiktok-vintage-makeup?origin=web-hf,TikTok Taught Me How Wild Vintage Makeup Compacts Were And I Desperately Need Them To Make A Comeback,,20200522-0100
https://www.buzzfeed.com/christopherhudspeth/photos-of-the-pandemic-world-different?origin=web-hf,19 Photos of Life Today That Would've Blown Your Mind A Year Ago,,20200522-0100
/watch/video/103610,Gadiel Gets Financial Tips For Surviving This Pandemic,,20200522-0100
https://www.buzzfeed.com/giannaudes/choose-celebrities-a-z-and-ill-tell-you-what-to-d-2r0na9k1lv?origin=web-hf,Choose A Celebrity For Every Letter Of The Alphabet And We'll Give You A New Activity To Try While You're At Home,,20200522-0100
https://www.buzzfeed.com/audreyworboys/disney-movie-region-would-you-rather?origin=web-hf,"You Can Only Save One Disney Movie From Each Of These Regions, The Rest Are Deleted Forever",,20200522-0100
https://www.buzzfeed.com/morganmurrell/serena-williams-daughter-instagram?origin=web-hf,Excuse Me While I Try To Contain My Baby Fever While Watching Serena Williams And Her Daughter,,20200522-0100
https://www.buzzfeed.com/nataliebrown/products-youll-probably-use-every-single-day-2020?origin=web-hf,30 Products So Effective You'll Probably Use Them Every Single Day,,20200522-0100
https://www.buzzfeed.com/briangalindo/queer-eye-new-season-5-trailer-netflix?origin=web-hf,"The Trailer For Season 5 Of ""Queer Eye"" Just Dropped And I Already Cried Six Times Watching It",,20200522-0100
https://www.buzzfeednews.com/article/salvadorhernandez/naval-air-station-terrorism-corpus-christi?origin=web-hf,"A Shooting At A Naval Air Station In Texas Was Terrorism-Related, The FBI Said",,20200522-0100
https://www.buzzfeednews.com/article/katebubacz/photos-michigan-flooding-dams?origin=web-hf,Dramatic Photos Show Massive Flooding After Two Dams Collapsed In Michigan,,20200522-0100
https://www.buzzfeed.com/genevievescarano/fitness-fathers-day-for-athletic-dads?origin=web-hf,30 Father's Day Gifts For The Dad Who Loves To Exercise,,20200522-0100
/watch/video/103666,"Black Family Tries Each Others' Chocolate Chip Cookies
""I'm lactose intolerant, I don't need this!""",,20200522-0100
https://www.buzzfeed.com/shelbyheinrich/high-school-trivia-quiz?origin=web-hf,Half The Population Can't Pass This High School Simulation Without Cheating — Can You?,,20200522-0100
https://www.buzzfeed.com/benhenry/jojo-siwa-candy-themed-bedroom?origin=web-hf,JoJo Siwa Fans Came To Her Defence After A Video Of Her Candy Themed-Bedroom Sparked A Debate About Her Age,,20200522-0100
https://www.buzzfeed.com/sydrobinson1/commonly-misspelled-words-spelling-quiz?origin=web-hf,These Are 15 Of The Most Commonly Misspelled Words — Think You Can Spell Them Right?,,20200522-0100
https://www.buzzfeed.com/laurengarafano/masked-singer-season-3-reveals?origin=web-hf,"18 Famous People Who Were Unmasked On Season 3 Of ""The Masked Singer""",,20200522-0100
https://www.buzzfeed.com/han_38/describe-your-daily-routine-and-ill-tell-you-whic-cf6eyhs3o9?origin=web-hf,Tell Us About Your Quarantine Routine To Find Out Which K-Pop Girl Group You Belong In,,20200522-0100
https://www.buzzfeed.com/hannahmarder/what-movies-about-mental-health-made-you-feel-seen?origin=web-hf,What Movies Got Mental Health Right?,,20200522-0100
https://www.buzzfeed.com/briangalindo/rupauls-drag-race-all-stars-5-trailer-is-out?origin=web-hf,"""RuPaul's Drag Race All Stars 5"" Just RuVealed The Big Twist This Season In Its New Trailer",,20200522-0100
https://www.buzzfeed.com/han_38/can-you-correctly-identify-the-bts-album-just-by-t-tfrqdzma7?origin=web-hf,I Will Be Seriously Impressed If You Can Name The BTS Album From Just Three Songs On It,,20200522-0100
/watch/video/103443,Japanese And Mexican People Swap Board Games,,20200522-0100
https://www.buzzfeed.com/elliewoodward/kristin-cavallari-ex-best-friend-jay-cutler-affair-rumours?origin=web-hf,Kristin Cavallari's Ex-BFF Finally Addressed The Rumours She Had An Affair With Jay Cutler,,20200522-0100
https://www.buzzfeed.com/taliazaraa/design-a-bedroom-and-well-guess-which-glee-charac-sdkzfa4z1?origin=web-hf,"Which ""Glee"" Character Are You Based On The Bedroom You Design?",,20200522-0100
https://www.buzzfeed.com/kpotterswift/can-you-guess-the-movie-musical-with-just-one-lyri-8y4zhap2s0?origin=web-hf,Can You Guess These Movie Musicals From Just One Lyric?,,20200522-0100
https://www.buzzfeed.com/astros100/which-song-would-you-eliminate-from-these-musicals-4wz31jdyb2?origin=web-hf,Would You Eliminate The Same Songs From These Popular Musicals As Everyone Else?,,20200522-0100
https://www.buzzfeed.com/elizabethlilly/lovehoney-memorial-day-sale?origin=web-hf,"Just So You Know, You Can Score Up To 50% Sex Toys At Lovehoney's Sale Right Now",,20200522-0100
https://www.buzzfeednews.com/article/davidmack/arizona-shooting-glendale-westgate-snapchat?origin=web-hf,"Three People Were Shot By A Gunman Who Called Himself An Incel, Authorities Said",,20200522-0100
https://www.buzzfeed.com/sunnybaudelaire/its-time-to-sort-these-percy-jackson-characters-i-bjd645nwn3?origin=web-hf,"Let's See If You'd Sort These ""Percy Jackson"" Characters Into The Same Hogwarts House As Everyone Else",,20200522-0100
https://www.buzzfeed.com/crystalro/comics-about-boobs-2?origin=web-hf,"15 Jokes, Struggles, And Truths People With Boobs Will Understand",,20200522-0100
https://www.buzzfeednews.com,BuzzFeed NewsReporting on what you care about. We hold major institutions accountable and expose wrongdoing.,,20200522-0130
https://www.tasty.co,"BuzzFeed TastySearch, watch, and cook every single Tasty recipe and video ever - all in one place!",,20200522-0130
https://www.buzzfeed.com/goodful,"BuzzFeed GoodfulSelf care and ideas to help you live a healthier, happier life.",,20200522-0130
https://www.buzzfeed.com/bringme,"BuzzFeed Bring MeObsessed with travel? Discover unique things to do, places to eat, and sights to see in the best destinations around the world with Bring Me!",,20200522-0130
https://www.buzzfeed.com/asis,"BuzzFeed As IsSomething for everyone interested in hair, makeup, style, and body positivity.",,20200522-0130
https://www.buzzfeednews.com/article/katebubacz/graduation-2020-school-celebration-photos?ref=hpsplash&origin=spl,These Photos Show Creative Ways People Are Celebrating Graduation During The Coronavirus Pandemic,,20200522-0130
https://www.buzzfeed.com/yiyang/futuristic-products-thatll-probably-make-you-feel-like?origin=hpp,35 Futuristic Products That’ll Probably Make You Feel Like You’re Living In 3020,,20200522-0130
https://www.buzzfeed.com/newsletters?ref=hplego,"WTF Is Happening Today? BuzzFeed Newsletters Can Help!
We have newsletters to help you stay in the loop AND newsletters to help you forget! Try one today!",,20200522-0130
https://www.buzzfeed.com/mikespohr/mindblowing-facts?origin=web-hf,18 Random Facts That Absolutely Blew People's Minds On Twitter,,20200522-0130
https://www.buzzfeed.com/tatianatenreyrowhitlock/funniest-tweets-lana-del-rey-instagram-post-drama?origin=web-hf,The 15 Most Hilarious Tweets About The Lana Del Rey Instagram Post Drama,,20200522-0130
https://www.buzzfeed.com/andrewziegler/quiz-party?origin=shp,"You Can Now Take BuzzFeed Quizzes In Real Time With Your Friends — You’re Welcome
Let’s get this party started.",,20200522-0130
https://www.buzzfeed.com/jenniferabidor/friends-a-to-z?origin=shp,"This ""Friends"" A–Z Quiz Will Reveal Which Main Character You Are",,20200522-0130
https://www.buzzfeed.com/sarahaspler/taste-in-disney-movies-age-quiz?origin=shp,Can We Accurately Guess Your Age Based On Your Taste In Disney Movies?,,20200522-0130
https://www.buzzfeed.com/andrewziegler/quiz-romantic-type?origin=shp,There Are Actually Only Four Romantic Types And We Can Accurately Guess Yours,,20200522-0130
https://www.buzzfeed.com/sarahaspler/everyone-has-a-fruit-that-matches-their-personalit?origin=shp,Everyone Has A Fruit That Matches Their Personality – Here’s Yours,,20200522-0130
https://www.buzzfeed.com/quizparty,Keep the quiz party going,,20200522-0130
https://www.buzzfeed.com/tatianatenreyrowhitlock/lana-del-rey-responds-to-backlash-over-instagram-post?origin=web-hf,"Lana Del Rey Responded To The Backlash Toward Her Instagram Post, Saying She's Sad People Made It A ""WOC Issue""",,20200522-0130
https://www.buzzfeed.com/jenniferabidor/jokes-about-disney-villains?origin=web-hf,21 Times The Internet Roasted The Disney Villains,,20200522-0130
https://www.buzzfeed.com/maitlandquitmeyer/best-memorial-day-sales-deals-2020?origin=hshp,"All The Best Memorial Day Weekend Deals
The savings start now.",,20200522-0130
https://www.buzzfeed.com/kaylasuazo/all-the-best-memorial-day-mattress-sales-2020?origin=hshp,All Of The Best Memorial Day Mattress Sales,,20200522-0130
https://www.buzzfeed.com/emmalord9/best-deals-wayfair-memorial-day-sale?origin=hshp,All The Best Deals At Wayfair's Memorial Day Sale,,20200522-0130
https://www.buzzfeed.com/abbykass/zappos-memorial-day-sale?origin=hshp,You Can Save On *So* Many Popular Shoes During The Zappos Memorial Day Sale,,20200522-0130
https://www.buzzfeed.com/elenamgarcia/dyson-is-having-a-pretty-major-memorial-day-sale-no-better?origin=hshp,Dyson Is Having A Pretty Major Memorial Day Sale — No Better Time Than Now To Get Yourself A New Vacuum,,20200522-0130
https://www.buzzfeed.com/shopping?origin=hshp,See more great product recommendations,,20200522-0130
https://www.buzzfeed.com/anoushkagadhwal/the-ultimate-harry-potter-and-the-sorcereras-sto-cn37ve6nwu?origin=web-hf,"I Bet You Can't Score 10/13 On This ""Harry Potter And The Sorcerer’s Stone"" Book Quiz",,20200522-0130
/watch/video/102294,"We Didn't Use Toilet Paper For A Week 
Auri gets Steve to try reusable toilet paper, will he like it?",,20200522-0130
https://www.buzzfeed.com/farrahpenn/finals-week-zoom-university-fails?origin=web-hf,18 Times The Students Of Zoom University Really Struggled Through Finals Week,,20200522-0130
https://www.buzzfeednews.com/article/davidmack/coronavirus-trump-test-positive-negative-answer-video?origin=shp,"Positive News! Trump Says He Tested Positively, Which Means Negative, For The Coronavirus.
“But that’s a way of saying it: positively toward the negative.”
7 hours ago",,20200522-0130
https://www.buzzfeednews.com/article/janelytvynenko/coronavirus-spin-doctors?origin=shp,These Are The Fake Experts Pushing Pseudoscience And Conspiracy Theories About The Coronavirus Pandemic,,20200522-0130
https://www.buzzfeednews.com/article/clarissajanlim/doctor-congressional-hearing-coronavirus-second-wave-ppe?origin=shp,"A Doctor Told Lawmakers The Country Is Not ""Prepared For A Second Wave"" Of The Coronavirus",,20200522-0130
https://www.buzzfeednews.com/article/meghara/qatar-coronavirus-tracking-app-mandatory?origin=shp,Qatar Has Made Its Coronavirus Contact Tracing App Mandatory,,20200522-0130
https://www.buzzfeednews.com/article/lamvo/coronavirus-update-charts-unemployment-claims-laid-off-jobs?origin=shp,These Updating Charts Show The Record Number Of Americans Filing Unemployment Claims,,20200522-0130
https://bzfd.it/noc-show,The daily News O'Clock podcast is here.,,20200522-0130
https://www.buzzfeed.com/briangalindo/21-tbt-photos-celebs-posted-on-instagram-may-21?origin=web-hf,21 Celebrity #TBT Photos That Were Shared With Us This Week,,20200522-0130
https://www.buzzfeed.com/ehisosifo1/harry-potter-letter-p-trivia-quiz?origin=web-hf,"This ""Harry Potter"" Quiz Will Separate The Wizards From The Muggles And It All Depends On The Letter P",,20200522-0130
https://www.buzzfeednews.com/article/skbaer/ahmaud-arbery-death-william-bryan-arrest?origin=web-hf,The Man Who Recorded Video Of Ahmaud Arbery Being Shot Has Been Arrested On A Murder Charge,,20200522-0130
https://www.buzzfeednews.com/article/laurenstrapagiel/influencers-say-instagram-is-more-likely-to-remove-photos?origin=web-hf,"Influencers Say Instagram Is Biased Against Plus-Size Bodies, And They May Be Right",,20200522-0130
https://www.buzzfeed.com/mjs538/early-2000s-pictures-for-millennials?origin=web-hf,33 Pictures That Millennials Will Have To Explain To Generation Alpha Someday,,20200522-0130
https://www.buzzfeed.com/victoriavouloumanos/stars-who-are-mixed-asian-pacific-islander?origin=shp,"34 Multiracial Celebs Who Are Actually Asian Or Pacific Islander
Relatable and inspirational icons, all of ‘em.",,20200522-0130
https://www.buzzfeed.com/nusrat21/a-guide-for-people-new-to-bollywood?origin=shp,30 Bollywood Films That Everyone Absolutely Must See,,20200522-0130
https://www.buzzfeed.com/michellemkim/asian-male-celebs-thirst?origin=shp,21 Asian Male Celebs That Have Us Feeling Oh So Very Thirsty,,20200522-0130
https://www.buzzfeed.com/michellemkim/which-anime-best-boy-are-you?origin=shp,Quiz: Which Anime Best Boy Are You?,,20200522-0130
https://www.buzzfeed.com/badge/apahm2020,See all of our APAHM coverage here,,20200522-0130
/watch/video/99501,"Boricua From The Island vs The Mainland 
Love one another, Puerto Ricans from around the world!",,20200522-0130
https://www.buzzfeed.com/morganmurrell/drake-called-kylie-jenner-side-piece-apology?origin=web-hf,"Drake Name-Dropped Kylie Jenner, Kendall Jenner, And Gigi Hadid In A Song, Then Issued An Apology Statement",,20200522-0130
https://www.buzzfeed.com/buzzfeedresearch/civicscience-main3-buzz,Let Your Voice Be Heard. Tell Us Your Opinions!,,20200522-0130
https://www.buzzfeed.com/tessafahey/identify-avatar-the-last-airbender-characters-quiz?origin=web-hf,"Only Someone Who's Done A Recent Rewatch Of ""Avatar: The Last Airbender"" Can Identify 30/36 Of These Characters",,20200522-0130
https://www.buzzfeed.com/tatianatenreyrowhitlock/michael-cera-aubrey-plaza-chuck-e-cheese-pic?origin=web-hf,Michael Cera And Aubrey Plaza's Chuck E. Cheese Photo Is Legendary And Now We Have The Whole Story,,20200522-0130
https://www.buzzfeed.com/christopherhudspeth/oh-come-on-facepalm-that-sucks-things?origin=web-hf,15 Facepalm-Worthy Things Humans Recently Did During This Pandemic That Make Me Hope Aliens Aren't Watching,,20200522-0130
https://www.buzzfeed.com/briangalindo/chris-pratt-accidentally-deleted-over-35000-unread-emails?origin=web-hf,Chris Pratt Accidentally Deleted His Entire Email Inbox And That Is Scarier Than Being Chased By A Dinosaur,,20200522-0130
https://www.buzzfeed.com/farrahpenn/new-ya-books-spring-2020?origin=web-hf,Here Are The 15 Young Adult Books We're Loving This Spring,,20200522-0130
https://www.buzzfeed.com/kaylayandoli/whats-your-favorite-behind-the-scenes-feud-in-tvmovie,What's The Most Iconic Behind The Scenes Feud From A TV Show Or Movie?,,20200522-0130
/watch/video/105540,"Camp Counselor Horror Stories
In honor of summer former camp counselors share their craziest, weirdest and funniest experiences from camp.",,20200522-0130
https://www.buzzfeed.com/sydrobinson1/before-and-after-pets-being-adopted-quarantine?origin=web-hf,21 Before-And-After Pictures Of Pets Who Were Adopted During Quarantine,,20200522-0130
https://www.buzzfeed.com/clareaston/my-bibliotherapy-prescription?origin=web-hf,"These Six Books Were My ""Prescription"" After Attending A Bibliotherapy Session — Here's How They Helped",,20200522-0130
https://www.buzzfeed.com/avaerickson04/which-disney-prince-do-you-belong-with-1mtuff45b1?origin=web-hf,Wanna Know Which Disney Prince You Belong With? Take This Quiz To Find Out,,20200522-0130
https://www.buzzfeed.com/hannahmarder/teen-drama-characters-that-did-not-need-to-die?origin=web-hf,20 Of The Most Tragically Unnecessary Deaths From Teen Dramas,,20200522-0130
https://www.buzzfeed.com/daves4/everyone-hates-but-does?origin=web-hf,27 Things Everyone On Earth Hates That They Do But Does Anyway,,20200522-0130
https://www.buzzfeed.com/rosethecorgi/choose-some-food-and-revile-your-soulmates-name-7gjir6fim?origin=web-hf,"If You Really Wanna Know The First Letter Of Your Soulmate's Name, Eat Some Food And We'll Tell You",,20200522-0130
https://www.buzzfeed.com/mjs538/rose-on-90-day-fiance-and-big-ed?origin=web-hf,We Need To Stop Talking About Big Ed And Start Talking About Rose,,20200522-0130
https://www.buzzfeed.com/katdo0907/the-office-and-friends-polls-1v8n4ssmtp?origin=web-hf,"If You Love ""Friends"" And ""The Office"" Then These Polls Are For You",,20200522-0130
/watch/video/105310,"Loren Gray Reads Her Instagram DMs
Loren Gray bravely sits down to do a deep dive into her Instagram DM requests, which include supportive fans, the obligatory haters, and even some marriage proposals from complete strangers. Check out Loren’s new single “Cake” now: https://www.youtube.com/watch?v=klwWrurkjgc",,20200522-0130
https://www.buzzfeed.com/alliehayes/books-so-good-you-cannot-put-them-down-flipped?origin=web-hf,"21 Books That Are So Good, People Literally Could Not Put Them Down",,20200522-0130
https://www.buzzfeednews.com/article/michaelblackmon/lana-del-rey-instagram-post-race?origin=web-hf,This Is Why People Are Mad At Lana Del Rey,,20200522-0130
https://www.buzzfeed.com/stephenlaconte/lana-del-rey-controversy-beyonce-ariana-grande-cardi-b?origin=web-hf,"Lana Del Rey Seemed To Drag Artists Like Beyoncé, Cardi B, And Ariana Grande In A Statement On Instagram, And People Are Pissed",,20200522-0130
https://www.buzzfeed.com/ehisosifo1/drastic-americas-next-top-model-makeovers?origin=web-hf,"23 ""ANTM"" Makeovers That Tyra Banks Actually Assigned To Contestants",,20200522-0130
https://www.buzzfeed.com/christopherhudspeth/people-believed-there-was-evidence-of-a-parallel-universe?origin=web-hf,"17 Of The Funniest Tweets About The Discovery Of ""Evidence"" That A Parallel Universe Exists",,20200522-0130
https://www.buzzfeed.com/daniellaemanuel/water-popsicles-tiktok?origin=web-hf,"A Mom On TikTok Makes ""Water Popsicles"" For Her Kids And I'm Cracking Up",,20200522-0130
https://www.buzzfeed.com/stephenlaconte/oprah-winfrey-big-cabbage-instagram?origin=web-hf,"Oprah Grew A Cabbage So Big She Could Barely Carry It, And You Really Need To See It To Believe It's Real",,20200522-0130
https://www.buzzfeed.com/chilifritos1234/plan-a-wedding-a-well-tell-which-the-office-char-cvj3ackoya?origin=web-hf,"We'll Reveal Which ""The Office"" Character Is Your Soulmate Based On The Wedding You Plan",,20200522-0130
/watch/video/105538,Can These Exes Be Friends?,,20200522-0130
https://www.buzzfeed.com/kristatorres/little-bugs-live-in-strawberries-so-you-should-al?origin=web-hf,"If You Wash Berries In Salt Water, Little Bugs Will Start To Crawl Out",,20200522-0130
https://www.buzzfeed.com/ryanschocket2/people-are-sharing-the-worst-coworker-theyve-worked-with?origin=web-hf,"People Are Sharing The Worst Coworker They've Worked With And Wow, Just Wow",,20200522-0130
https://www.buzzfeed.com/victoriagasparowicz/dark-moments-from-kids-movies-that-are-probably-still?origin=web-hf,22 Unexpectedly Dark Kids Movie Moments That People Wish They Could Forget,,20200522-0130
https://www.buzzfeed.com/buzzfeedoznews/bye-buzzfeed-oz-news?origin=web-hf,Six Years Ago BuzzFeed Australia Started Doing News. You Won’t Believe What Happened Next!,,20200522-0130
https://www.buzzfeed.com/lyapalater/the-bar-is-so-low-that-im-emotion-because-adam-sa?origin=web-hf,The Bar Is So Low That I'm Emo Over Adam Sandler Buying Tampons For The Women In His Life,,20200522-0130
https://www.buzzfeed.com/mjs538/a-news-clip-from-go-topless-jeep-weekend-is-going-viral?origin=web-hf,"A Video From ""Go Topless Jeep Weekend"" Is Going Viral Because ""Not Even SNL Could Write Something This Ridiculous""",,20200522-0130
https://www.buzzfeed.com/jasminsuknanan/useful-beauty-products-on-sale?origin=web-hf,23 Useful Beauty Products You'll Probably Be Very Glad You Got On Sale,,20200522-0130
https://www.buzzfeed.com/hbraga/sephora-memorial-day-sale?origin=web-hf,Sephora Has Tons Of Products On Sale For Up To 50% Off Right Now,,20200522-0130
/watch/video/102332,"I Followed Bretman Rock's Oldest And Newest Makeup Tutorial
""This could either be a revelation or a giant mistake.""",,20200522-0130
https://www.buzzfeed.com/jmihaly/fathers-day-gifts-dads-wont-pretend?origin=web-hf,31 Father’s Day Gifts That Dads Won’t Have To Pretend To Like,,20200522-0130
https://www.buzzfeednews.com/article/tanyachen/a-man-is-being-trolled-for-making-a-leather-face-mask?origin=web-hf,This Guy Is Being Trolled After He Shared His Design For A Cool-Looking Leather Face Mask,,20200522-0130
https://www.buzzfeednews.com/article/rubycramer/joe-biden-tara-reade-allegations-senate-2020?origin=web-hf,Tara Reade Stood Apart In Joe Biden's 1990s Senate Staff,,20200522-0130
https://www.buzzfeed.com/lakenbrooks222/we-know-your-soulmates-initials-based-on-the-shak-3thj8kp21b?origin=web-hf,We Know Your Soulmate's Initials Based On The Shakespearean Insults You Use To Describe Your Ex,,20200522-0130
https://www.buzzfeed.com/lilianastephens21/make-a-friends-episode-and-ill-tell-you-which-fri-a59ionup2o?origin=web-hf,"Make A ""Friends"" Episode And I'll Tell You Which Character You Are",,20200522-0130
https://www.buzzfeed.com/kristatorres/jason-derulos-tried-to-eat-corn-off-a-power-drill?origin=web-hf,Jason Derulo Tried To Eat Corn Off A Power Drill And Things Did Not Go Well,,20200522-0130
https://www.buzzfeed.com/samanthawieder/overstocks-memorial-day-blowout-sale-2020?origin=web-hf,All The Best Deals At Overstock's Memorial Day Sale,,20200522-0130
https://www.buzzfeed.com/yiyang/target-memorial-day-sale?origin=web-hf,All The Best Memorial Day Deals At Target,,20200522-0130
/watch/video/105809,"The ""Outer Banks"" Cast Answers Your Burning Questions
Your favorite Pogues return as the cast of the hit Netflix series “Outer Banks” (Chase Stokes, Madelyn Cline, Madison Bailey, Rudy Pankow, and Jonathan Daviss) all sit down to answer your burning questions, from how their lives have changed since the show’s debut, to what they think will happen in season two, all the way to which major roles they’ve auditioned for in the past but didn’t get…which leads to one cast member revealing that he very nearly spent some time in a galaxy far, far away.",,20200522-0130
https://www.buzzfeed.com/eleanorbate/gigi-hadid-pregnant-during-fashion-week?origin=web-hf,"Gigi Hadid Opened Up About Being ""A Few Months"" Pregnant During Fashion Week And How Her Body Has Changed",,20200522-0130
https://www.buzzfeed.com/whitneyjefferson/joaquin-phoenix-and-rooney-mara-baby-tweets?origin=web-hf,18 Perfect Tweets About Joaquin Phoenix And Rooney Mara Having A Baby,,20200522-0130
https://www.buzzfeed.com/swiftienerd/do-you-agree-with-these-unpopular-book-opinions-e47xhgqlig?origin=web-hf,Do You Actually Agree With These Controversial Book Opinions?,,20200522-0130
https://www.buzzfeed.com/isabellalouise/this-visual-quiz-will-reveal-which-elemental-bendi-687v2it35g?origin=web-hf,"This Visual Quiz Will Reveal Which ""Avatar: The Last Airbender"" Element You'd Master",,20200522-0130
https://www.buzzfeed.com/racheldunkel/sur-la-table-summer-sale?origin=web-hf,"There's A Huge Sale At Sur La Table Right Now, So It Might Be Time To Upgrade Your Kitchen Tools",,20200522-0130
https://www.buzzfeednews.com/article/salvadorhernandez/coronavirus-victim-white-house-butler-wilson-jerman?origin=web-hf,A White House Butler Who Worked For 11 US Presidents Died Of The Coronavirus,,20200522-0130
https://www.buzzfeed.com/shelbyheinrich/tiktok-music-festival-viral-heartwarming?origin=web-hf,"These Siblings On TikTok Threw Their Brother His Very Own Music Festival In Quarantine, And It's Officially Gone Viral",,20200522-0130
https://www.buzzfeed.com/kirbybeaton/books-recommendations-traveling?origin=web-hf,19 Books To Read During Quarantine To Make You Feel Like You're Traveling,,20200522-0130
/watch/video/103610,Gadiel Gets Financial Tips For Surviving This Pandemic,,20200522-0130
https://www.buzzfeed.com/kaylaboyd/fathers-day-gifts?origin=web-hf,34 Of The Best Father's Day Gifts To Give This Year,,20200522-0130
https://www.buzzfeed.com/malloryannp/fathers-day-gifts-over-35?origin=web-hf,50 Splurge-Worthy Gifts To Surprise Your Dad With This Father's Day,,20200522-0130
https://www.buzzfeed.com/angelicaamartinez/tiktok-vintage-makeup?origin=web-hf,TikTok Taught Me How Wild Vintage Makeup Compacts Were And I Desperately Need Them To Make A Comeback,,20200522-0130
https://www.buzzfeed.com/christopherhudspeth/photos-of-the-pandemic-world-different?origin=web-hf,19 Photos of Life Today That Would've Blown Your Mind A Year Ago,,20200522-0130
https://www.buzzfeed.com/giannaudes/choose-celebrities-a-z-and-ill-tell-you-what-to-d-2r0na9k1lv?origin=web-hf,Choose A Celebrity For Every Letter Of The Alphabet And We'll Give You A New Activity To Try While You're At Home,,20200522-0130
https://www.buzzfeed.com/lyapalater/heres-everything-new-coming-to-netflix-this-week-5-21?origin=web-hf,"Here's Everything New Coming To Netflix This Week, Starting May 21",,20200522-0130
https://www.buzzfeed.com/audreyworboys/disney-movie-region-would-you-rather?origin=web-hf,"You Can Only Save One Disney Movie From Each Of These Regions, The Rest Are Deleted Forever",,20200522-0130
https://www.buzzfeed.com/morganmurrell/serena-williams-daughter-instagram?origin=web-hf,Excuse Me While I Try To Contain My Baby Fever While Watching Serena Williams And Her Daughter,,20200522-0130
/watch/video/103666,"Black Family Tries Each Others' Chocolate Chip Cookies
""I'm lactose intolerant, I don't need this!""",,20200522-0130
https://www.buzzfeed.com/briangalindo/queer-eye-new-season-5-trailer-netflix?origin=web-hf,"The Trailer For Season 5 Of ""Queer Eye"" Just Dropped And I Already Cried Six Times Watching It",,20200522-0130
https://www.buzzfeednews.com/article/katebubacz/photos-michigan-flooding-dams?origin=web-hf,Dramatic Photos Show Massive Flooding After Two Dams Collapsed In Michigan,,20200522-0130
https://www.buzzfeed.com/genevievescarano/fitness-fathers-day-for-athletic-dads?origin=web-hf,30 Father's Day Gifts For The Dad Who Loves To Exercise,,20200522-0130
https://www.buzzfeed.com/nataliebrown/products-youll-probably-use-every-single-day-2020?origin=web-hf,30 Products So Effective You'll Probably Use Them Every Single Day,,20200522-0130
https://www.buzzfeednews.com/article/salvadorhernandez/naval-air-station-terrorism-corpus-christi?origin=web-hf,"A Shooting At A Naval Air Station In Texas Was Terrorism-Related, The FBI Said",,20200522-0130
https://www.buzzfeed.com/shelbyheinrich/high-school-trivia-quiz?origin=web-hf,Half The Population Can't Pass This High School Simulation Without Cheating — Can You?,,20200522-0130
https://www.buzzfeed.com/benhenry/jojo-siwa-candy-themed-bedroom?origin=web-hf,JoJo Siwa Fans Came To Her Defence After A Video Of Her Candy Themed-Bedroom Sparked A Debate About Her Age,,20200522-0130
https://www.buzzfeed.com/sydrobinson1/commonly-misspelled-words-spelling-quiz?origin=web-hf,These Are 15 Of The Most Commonly Misspelled Words — Think You Can Spell Them Right?,,20200522-0130
/watch/video/103443,Japanese And Mexican People Swap Board Games,,20200522-0130
https://www.buzzfeed.com/laurengarafano/masked-singer-season-3-reveals?origin=web-hf,"18 Famous People Who Were Unmasked On Season 3 Of ""The Masked Singer""",,20200522-0130
https://www.buzzfeed.com/briangalindo/rupauls-drag-race-all-stars-5-trailer-is-out?origin=web-hf,"""RuPaul's Drag Race All Stars 5"" Just RuVealed The Big Twist This Season In Its New Trailer",,20200522-0130
https://www.buzzfeed.com/hannahmarder/what-movies-about-mental-health-made-you-feel-seen?origin=web-hf,What Movies Got Mental Health Right?,,20200522-0130
https://www.buzzfeed.com/han_38/describe-your-daily-routine-and-ill-tell-you-whic-cf6eyhs3o9?origin=web-hf,Tell Us About Your Quarantine Routine To Find Out Which K-Pop Girl Group You Belong In,,20200522-0130
https://www.buzzfeed.com/elliewoodward/kristin-cavallari-ex-best-friend-jay-cutler-affair-rumours?origin=web-hf,Kristin Cavallari's Ex-BFF Finally Addressed The Rumours She Had An Affair With Jay Cutler,,20200522-0130
https://www.buzzfeed.com/taliazaraa/design-a-bedroom-and-well-guess-which-glee-charac-sdkzfa4z1?origin=web-hf,"Which ""Glee"" Character Are You Based On The Bedroom You Design?",,20200522-0130
https://www.buzzfeed.com/han_38/can-you-correctly-identify-the-bts-album-just-by-t-tfrqdzma7?origin=web-hf,I Will Be Seriously Impressed If You Can Name The BTS Album From Just Three Songs On It,,20200522-0130
https://www.buzzfeed.com/kpotterswift/can-you-guess-the-movie-musical-with-just-one-lyri-8y4zhap2s0?origin=web-hf,Can You Guess These Movie Musicals From Just One Lyric?,,20200522-0130
https://www.buzzfeednews.com,BuzzFeed NewsReporting on what you care about. We hold major institutions accountable and expose wrongdoing.,,20200522-0200
https://www.tasty.co,"BuzzFeed TastySearch, watch, and cook every single Tasty recipe and video ever - all in one place!",,20200522-0200
https://www.buzzfeed.com/goodful,"BuzzFeed GoodfulSelf care and ideas to help you live a healthier, happier life.",,20200522-0200
https://www.buzzfeed.com/bringme,"BuzzFeed Bring MeObsessed with travel? Discover unique things to do, places to eat, and sights to see in the best destinations around the world with Bring Me!",,20200522-0200
https://www.buzzfeed.com/asis,"BuzzFeed As IsSomething for everyone interested in hair, makeup, style, and body positivity.",,20200522-0200
https://www.buzzfeed.com/christopherhudspeth/people-believed-there-was-evidence-of-a-parallel-universe?ref=hpsplash&origin=spl,There Was “Evidence” Of A Parallel Universe Where Time Moves Backwards – The Tweets About It Are Hilarious,,20200522-0200
https://www.buzzfeed.com/yiyang/futuristic-products-thatll-probably-make-you-feel-like?origin=hpp,35 Futuristic Products That’ll Probably Make You Feel Like You’re Living In 3020,,20200522-0200
https://www.buzzfeed.com/newsletters?ref=hplego,"WTF Is Happening Today? BuzzFeed Newsletters Can Help!
We have newsletters to help you stay in the loop AND newsletters to help you forget! Try one today!",,20200522-0200
https://www.buzzfeed.com/isabellalouise/can-you-sort-these-hogwarts-students-in-their-righ-klzvv4gs4?origin=web-hf,Only A Hogwarts Genius Can Match The Student To The House They Were Sorted Into,,20200522-0200
https://www.buzzfeed.com/juliawilling/for-everyone-in-love-with-boxer?origin=web-hf,"Boxer From ""White Lines"" Is Pure Sexual Dynamo And These 23 Tweets Prove It",,20200522-0200
https://www.buzzfeed.com/maitlandquitmeyer/best-memorial-day-sales-deals-2020?origin=hshp,"All The Best Memorial Day Weekend Deals
The savings start now.",,20200522-0200
https://www.buzzfeed.com/kaylasuazo/all-the-best-memorial-day-mattress-sales-2020?origin=hshp,All Of The Best Memorial Day Mattress Sales,,20200522-0200
https://www.buzzfeed.com/emmalord9/best-deals-wayfair-memorial-day-sale?origin=hshp,All The Best Deals At Wayfair's Memorial Day Sale,,20200522-0200
https://www.buzzfeed.com/abbykass/zappos-memorial-day-sale?origin=hshp,You Can Save On *So* Many Popular Shoes During The Zappos Memorial Day Sale,,20200522-0200
https://www.buzzfeed.com/elenamgarcia/dyson-is-having-a-pretty-major-memorial-day-sale-no-better?origin=hshp,Dyson Is Having A Pretty Major Memorial Day Sale — No Better Time Than Now To Get Yourself A New Vacuum,,20200522-0200
https://www.buzzfeed.com/shopping?origin=hshp,See more great product recommendations,,20200522-0200
https://www.buzzfeed.com/anoushkagadhwal/the-ultimate-harry-potter-and-the-sorcereras-sto-cn37ve6nwu?origin=web-hf,"Only A True ""Harry Potter"" Fan Can Pass This Ultimate ""Harry Potter And The Sorcerer's Stone"" Book Quiz",,20200522-0200
https://www.buzzfeed.com/ehisosifo1/harry-potter-letter-p-trivia-quiz?origin=web-hf,"Every Answer To This ""Harry Potter"" Quiz Starts With The Letter P",,20200522-0200
https://www.buzzfeednews.com/article/salvadorhernandez/coronavirus-victim-white-house-butler-wilson-jerman,"A White House Butler Who Worked For 11 US Presidents Died Of The Coronavirus
“His service to others—his willingness to go above and beyond for the country he loved and all those whose lives he touched—is a legacy worthy of his generous spirit,” former...
4 hours ago",,20200522-0200
https://www.buzzfeednews.com/article/katherinemiller/coronavirus-deaths-obituaries-victims-covid-loss,What You Learn When You Read Obituaries,,20200522-0200
https://www.buzzfeednews.com/article/salvadorhernandez/coronavirus-kills-pregnant-federal-inmate,"Pregnant And Scared, She Became The First Woman Federal Prisoner To Die Of COVID-19",,20200522-0200
https://www.buzzfeed.com/farrahpenn/new-ya-books-spring-2020?origin=web-hf,15 Truly Fantastic YA Books That Came Out This Spring,,20200522-0200
https://www.buzzfeed.com/briangalindo/21-tbt-photos-celebs-posted-on-instagram-may-21?origin=web-hf,Here's What Chrissy Teigen And 20 Other Celebrities Shared This Week For #TBT,,20200522-0200
/watch/video/102294,"We Didn't Use Toilet Paper For A Week 
Auri gets Steve to try reusable toilet paper, will he like it?",,20200522-0200
https://www.buzzfeed.com/andrewziegler/quiz-party?origin=shp,"You Can Now Take BuzzFeed Quizzes In Real Time With Your Friends — You’re Welcome
Let’s get this party started.",,20200522-0200
https://www.buzzfeed.com/jenniferabidor/friends-a-to-z?origin=shp,"This ""Friends"" A–Z Quiz Will Reveal Which Main Character You Are",,20200522-0200
https://www.buzzfeed.com/sarahaspler/taste-in-disney-movies-age-quiz?origin=shp,Can We Accurately Guess Your Age Based On Your Taste In Disney Movies?,,20200522-0200
https://www.buzzfeed.com/andrewziegler/quiz-romantic-type?origin=shp,There Are Actually Only Four Romantic Types And We Can Accurately Guess Yours,,20200522-0200
https://www.buzzfeed.com/sarahaspler/everyone-has-a-fruit-that-matches-their-personalit?origin=shp,Everyone Has A Fruit That Matches Their Personality – Here’s Yours,,20200522-0200
https://www.buzzfeed.com/quizparty,Keep the quiz party going,,20200522-0200
https://www.buzzfeed.com/tatianatenreyrowhitlock/funniest-tweets-lana-del-rey-instagram-post-drama?origin=web-hf,The 15 Most Hilarious Tweets About The Lana Del Rey Instagram Post Drama,,20200522-0200
https://www.buzzfeed.com/buzzfeedoznews/bye-buzzfeed-oz-news?origin=web-hf,This Is BuzzFeed News Australia’s Last Day. Here Are 37 Of Our Favourite Stories.,,20200522-0200
https://www.buzzfeed.com/avaerickson04/which-disney-prince-do-you-belong-with-1mtuff45b1?origin=web-hf,Which Disney Prince Is Your Soulmate?,,20200522-0200
https://www.buzzfeed.com/clareaston/my-bibliotherapy-prescription?origin=web-hf,I Tried Bibliotherapy To See If Books Could Help With My Anxiety,,20200522-0200
https://www.buzzfeednews.com/article/davidmack/coronavirus-trump-test-positive-negative-answer-video?origin=shp,"Positive News! Trump Says He Tested Positively, Which Means Negative, For The Coronavirus.
“But that’s a way of saying it: positively toward the negative.”
7 hours ago",,20200522-0200
https://www.buzzfeednews.com/article/janelytvynenko/coronavirus-spin-doctors?origin=shp,These Are The Fake Experts Pushing Pseudoscience And Conspiracy Theories About The Coronavirus Pandemic,,20200522-0200
https://www.buzzfeednews.com/article/clarissajanlim/doctor-congressional-hearing-coronavirus-second-wave-ppe?origin=shp,"A Doctor Told Lawmakers The Country Is Not ""Prepared For A Second Wave"" Of The Coronavirus",,20200522-0200
https://www.buzzfeednews.com/article/meghara/qatar-coronavirus-tracking-app-mandatory?origin=shp,Qatar Has Made Its Coronavirus Contact Tracing App Mandatory,,20200522-0200
https://www.buzzfeednews.com/article/lamvo/coronavirus-update-charts-unemployment-claims-laid-off-jobs?origin=shp,These Updating Charts Show The Record Number Of Americans Filing Unemployment Claims,,20200522-0200
https://bzfd.it/noc-show,The daily News O'Clock podcast is here.,,20200522-0200
https://www.buzzfeednews.com/article/peteraldhous/when-will-my-state-reopen,"When Will Your State Reopen? Here’s The Data Being Used To Decide.
The White House’s plan for states to reopen their economies sidesteps the desperate need for greater testing, public health experts say.",,20200522-0200
https://www.buzzfeednews.com/article/johntemplon/detailed-coronavirus-maps-by-zip-code-major-cities,These ZIP Code-Level Maps Show The Places Hit Hardest By COVID-19,,20200522-0200
https://www.buzzfeednews.com/article/peteraldhous/coronavirus-us-county-maps,How Hard Could COVID-19 Hit Your County? Check These Maps.,,20200522-0200
https://www.buzzfeednews.com/article/peteraldhous/coronavirus-updating-charts-maps-us-states,These Updating Charts Show How The Coronavirus Is Spreading Across The US,,20200522-0200
https://www.buzzfeednews.com/collection/coronavirus,Our full coronavirus pandemic coverage.,,20200522-0200
https://www.buzzfeed.com/tessafahey/identify-avatar-the-last-airbender-characters-quiz?origin=web-hf,"How Many Of These 36 ""Avatar: The Last Airbender"" Characters Can You Actually Identify?",,20200522-0200
https://www.buzzfeed.com/katdo0907/the-office-and-friends-polls-1v8n4ssmtp?origin=web-hf,"You Can Only Answer These Polls If You Love ""Friends"" And ""The Office""",,20200522-0200
/watch/video/99501,"Boricua From The Island vs The Mainland 
Love one another, Puerto Ricans from around the world!",,20200522-0200
https://www.buzzfeed.com/kirbybeaton/virtual-vacation-newsletter-bring-me,"If You're Missing Travel, Sign Up For Our ""Virtual Vacation"" Newsletter",,20200522-0200
https://www.buzzfeed.com/jenniferabidor/jokes-about-disney-villains?origin=web-hf,21 Times The Internet Roasted The Disney Villains,,20200522-0200
https://www.buzzfeed.com/rosethecorgi/choose-some-food-and-revile-your-soulmates-name-7gjir6fim?origin=web-hf,"If You Really Wanna Know The First Letter Of Your Soulmate's Name, Eat Some Food And We'll Tell You",,20200522-0200
https://www.buzzfeed.com/stephenlaconte/oprah-winfrey-big-cabbage-instagram?origin=web-hf,"Oprah Grew A Cabbage So Big She Could Barely Carry It, And You Really Need To See It To Believe It's Real",,20200522-0200
https://www.buzzfeed.com/briangalindo/chris-pratt-accidentally-deleted-over-35000-unread-emails?origin=web-hf,"Chris Pratt Freaking Out After Accidentally Deleting More Than 50,000 Emails Is Both Relatable And Everyone's Nightmare",,20200522-0200
https://www.buzzfeed.com/chilifritos1234/plan-a-wedding-a-well-tell-which-the-office-char-cvj3ackoya?origin=web-hf,"Plan A Wedding And We'll Reveal Which ""The Office"" Character Is Your Soulmate",,20200522-0200
https://www.buzzfeed.com/kaylayandoli/whats-your-favorite-behind-the-scenes-feud-in-tvmovie,What's The Most Iconic Behind The Scenes Feud From A TV Show Or Movie?,,20200522-0200
https://www.buzzfeed.com/morganmurrell/drake-called-kylie-jenner-side-piece-apology?origin=web-hf,"Drake Name-Dropped Kylie Jenner, Kendall Jenner, And Gigi Hadid In A Song, Then Issued An Apology Statement",,20200522-0200
/watch/video/105540,"Camp Counselor Horror Stories
In honor of summer former camp counselors share their craziest, weirdest and funniest experiences from camp.",,20200522-0200
https://www.buzzfeed.com/mikespohr/mindblowing-facts?origin=web-hf,18 Random Facts That Absolutely Blew People's Minds On Twitter,,20200522-0200
https://www.buzzfeed.com/tatianatenreyrowhitlock/lana-del-rey-responds-to-backlash-over-instagram-post?origin=web-hf,"Lana Del Rey Responded To The Backlash Toward Her Instagram Post, Saying She's Sad People Made It A ""WOC Issue""",,20200522-0200
https://www.buzzfeed.com/han_38/can-you-correctly-identify-the-bts-album-just-by-t-tfrqdzma7?origin=web-hf,I Will Be Seriously Impressed If You Can Name The BTS Album From Just Three Songs On It,,20200522-0200
https://www.buzzfeednews.com/article/skbaer/ahmaud-arbery-death-william-bryan-arrest?origin=web-hf,The Man Who Recorded Video Of Ahmaud Arbery Being Shot Has Been Arrested On A Murder Charge,,20200522-0200
https://www.buzzfeed.com/lilianastephens21/make-a-friends-episode-and-ill-tell-you-which-fri-a59ionup2o?origin=web-hf,"Make A ""Friends"" Episode And I'll Tell You Which Character You Are",,20200522-0200
https://www.buzzfeed.com/farrahpenn/finals-week-zoom-university-fails?origin=web-hf,18 Times The Students Of Zoom University Really Struggled Through Finals Week,,20200522-0200
https://www.buzzfeed.com/mjs538/early-2000s-pictures-for-millennials?origin=web-hf,33 Pictures That Millennials Will Have To Explain To Generation Alpha Someday,,20200522-0200
https://www.buzzfeed.com/samanthawieder/overstocks-memorial-day-blowout-sale-2020?origin=web-hf,All The Best Deals At Overstock's Memorial Day Sale,,20200522-0200
/watch/video/105310,"Loren Gray Reads Her Instagram DMs
Loren Gray bravely sits down to do a deep dive into her Instagram DM requests, which include supportive fans, the obligatory haters, and even some marriage proposals from complete strangers. Check out Loren’s new single “Cake” now: https://www.youtube.com/watch?v=klwWrurkjgc",,20200522-0200
https://www.buzzfeed.com/han_38/describe-your-daily-routine-and-ill-tell-you-whic-cf6eyhs3o9?origin=web-hf,Tell Us About Your Quarantine Routine To Find Out Which K-Pop Girl Group You Belong In,,20200522-0200
https://www.buzzfeed.com/lakenbrooks222/we-know-your-soulmates-initials-based-on-the-shak-3thj8kp21b?origin=web-hf,We Know Your Soulmate's Initials Based On The Shakespearean Insults You Use To Describe Your Ex,,20200522-0200
https://www.buzzfeed.com/alliehayes/books-so-good-you-cannot-put-them-down-flipped?origin=web-hf,"21 Books That Are So Good, People Literally Could Not Put Them Down",,20200522-0200
https://www.buzzfeed.com/christopherhudspeth/oh-come-on-facepalm-that-sucks-things?origin=web-hf,15 Facepalm-Worthy Things Humans Recently Did During This Pandemic That Make Me Hope Aliens Aren't Watching,,20200522-0200
https://www.buzzfeed.com/mjs538/a-news-clip-from-go-topless-jeep-weekend-is-going-viral?origin=web-hf,"A Video From ""Go Topless Jeep Weekend"" Is Going Viral Because ""Not Even SNL Could Write Something This Ridiculous""",,20200522-0200
https://www.buzzfeed.com/kristatorres/jason-derulos-tried-to-eat-corn-off-a-power-drill?origin=web-hf,Jason Derulo Tried To Eat Corn Off A Power Drill And Things Did Not Go Well,,20200522-0200
https://www.buzzfeed.com/kristatorres/little-bugs-live-in-strawberries-so-you-should-al?origin=web-hf,"If You Wash Berries In Salt Water, Little Bugs Will Start To Crawl Out",,20200522-0200
https://www.buzzfeed.com/sydrobinson1/before-and-after-pets-being-adopted-quarantine?origin=web-hf,21 Before-And-After Pictures Of Pets Who Were Adopted During Quarantine,,20200522-0200
/watch/video/105538,Can These Exes Be Friends?,,20200522-0200
https://www.buzzfeednews.com/article/salvadorhernandez/naval-air-station-terrorism-corpus-christi?origin=web-hf,"A Shooting At A Naval Air Station In Texas Was Terrorism-Related, The FBI Said",,20200522-0200
https://www.buzzfeed.com/jasminsuknanan/useful-beauty-products-on-sale?origin=web-hf,23 Useful Beauty Products You'll Probably Be Very Glad You Got On Sale,,20200522-0200
https://www.buzzfeed.com/han_38/describe-your-fashion-sense-and-ill-tell-you-whic-21eo04i81y?origin=web-hf,Tell Us About Your Style And We'll Reveal Which Red Velvet Member Would Be Your Bestie,,20200522-0200
https://www.buzzfeednews.com/article/rubycramer/joe-biden-tara-reade-allegations-senate-2020?origin=web-hf,Tara Reade Stood Apart In Joe Biden's 1990s Senate Staff,,20200522-0200
https://www.buzzfeed.com/jmihaly/fathers-day-gifts-dads-wont-pretend?origin=web-hf,31 Father’s Day Gifts That Dads Won’t Have To Pretend To Like,,20200522-0200
https://www.buzzfeednews.com/article/michaelblackmon/lana-del-rey-instagram-post-race?origin=web-hf,This Is Why People Are Mad At Lana Del Rey,,20200522-0200
https://www.buzzfeed.com/kirbybeaton/books-recommendations-traveling?origin=web-hf,19 Books To Read During Quarantine To Make You Feel Like You're Traveling,,20200522-0200
https://www.buzzfeed.com/hannahmarder/teen-drama-characters-that-did-not-need-to-die?origin=web-hf,20 Of The Most Tragically Unnecessary Deaths From Teen Dramas,,20200522-0200
/watch/video/102332,"I Followed Bretman Rock's Oldest And Newest Makeup Tutorial
""This could either be a revelation or a giant mistake.""",,20200522-0200
https://www.buzzfeed.com/hbraga/sephora-memorial-day-sale?origin=web-hf,Sephora Has Tons Of Products On Sale For Up To 50% Off Right Now,,20200522-0200
https://www.buzzfeed.com/yiyang/target-memorial-day-sale?origin=web-hf,All The Best Memorial Day Deals At Target,,20200522-0200
https://www.buzzfeednews.com/article/laurenstrapagiel/influencers-say-instagram-is-more-likely-to-remove-photos?origin=web-hf,"Influencers Say Instagram Is Biased Against Plus-Size Bodies, And They May Be Right",,20200522-0200
https://www.buzzfeed.com/sunnybaudelaire/its-time-to-sort-these-percy-jackson-characters-i-bjd645nwn3?origin=web-hf,"Let's See If You'd Sort These ""Percy Jackson"" Characters Into The Same Hogwarts House As Everyone Else",,20200522-0200
https://www.buzzfeed.com/kaylaboyd/fathers-day-gifts?origin=web-hf,34 Of The Best Father's Day Gifts To Give This Year,,20200522-0200
https://www.buzzfeed.com/lyapalater/the-bar-is-so-low-that-im-emotion-because-adam-sa?origin=web-hf,The Bar Is So Low That I'm Emo Over Adam Sandler Buying Tampons For The Women In His Life,,20200522-0200
https://www.buzzfeed.com/racheldunkel/sur-la-table-summer-sale?origin=web-hf,"Sur La Table's Having A Huge Summer Sale, So It's Time To Invest In Some Quality Kitchen Tools",,20200522-0200
https://www.buzzfeed.com/daniellaemanuel/water-popsicles-tiktok?origin=web-hf,"A Mom On TikTok Makes ""Water Popsicles"" For Her Kids And I'm Cracking Up",,20200522-0200
/watch/video/105809,"The ""Outer Banks"" Cast Answers Your Burning Questions
Your favorite Pogues return as the cast of the hit Netflix series “Outer Banks” (Chase Stokes, Madelyn Cline, Madison Bailey, Rudy Pankow, and Jonathan Daviss) all sit down to answer your burning questions, from how their lives have changed since the show’s debut, to what they think will happen in season two, all the way to which major roles they’ve auditioned for in the past but didn’t get…which leads to one cast member revealing that he very nearly spent some time in a galaxy far, far away.",,20200522-0200
https://www.buzzfeednews.com/article/tasneemnashrulla/church-arson-violating-stay-home-order-coronavirus?origin=web-hf,A Mississippi Church Suing A City Over Coronavirus Restrictions Burned Down In A Suspected Arson Attack,,20200522-0200
https://www.buzzfeed.com/genevievescarano/fitness-fathers-day-for-athletic-dads?origin=web-hf,30 Father's Day Gifts For The Dad Who Loves To Exercise,,20200522-0200
https://www.buzzfeed.com/daves4/everyone-hates-but-does?origin=web-hf,27 Things Everyone On Earth Hates That They Do But Does Anyway,,20200522-0200
https://www.buzzfeed.com/isabellalouise/this-visual-quiz-will-reveal-which-elemental-bendi-687v2it35g?origin=web-hf,"This Visual Quiz Will Reveal Which ""Avatar: The Last Airbender"" Element You'd Master",,20200522-0200
https://www.buzzfeed.com/victoriagasparowicz/dark-moments-from-kids-movies-that-are-probably-still?origin=web-hf,22 Unexpectedly Dark Kids Movie Moments That People Wish They Could Forget,,20200522-0200
https://www.buzzfeed.com/mjs538/rose-on-90-day-fiance-and-big-ed?origin=web-hf,We Need To Stop Talking About Big Ed And Start Talking About Rose,,20200522-0200
https://www.buzzfeed.com/tatianatenreyrowhitlock/michael-cera-aubrey-plaza-chuck-e-cheese-pic?origin=web-hf,Michael Cera And Aubrey Plaza's Chuck E. Cheese Photo Is Legendary And Now We Have The Whole Story,,20200522-0200
https://www.buzzfeed.com/shelbyheinrich/tiktok-music-festival-viral-heartwarming?origin=web-hf,"These Siblings On TikTok Threw Their Brother His Very Own Music Festival In Quarantine, And It's Officially Gone Viral",,20200522-0200
/watch/video/103610,Gadiel Gets Financial Tips For Surviving This Pandemic,,20200522-0200
https://www.buzzfeed.com/taliazaraa/design-a-bedroom-and-well-guess-which-glee-charac-sdkzfa4z1?origin=web-hf,"Which ""Glee"" Character Are You Based On The Bedroom You Design?",,20200522-0200
https://www.buzzfeed.com/morganmurrell/serena-williams-daughter-instagram?origin=web-hf,Excuse Me While I Try To Contain My Baby Fever While Watching Serena Williams And Her Daughter,,20200522-0200
https://www.buzzfeed.com/elizabethlilly/lovehoney-memorial-day-sale?origin=web-hf,"Hoo Boy, Lovehoney's Up To 50%-Off Sex Toy Sale Is So Good That It (And The Vibrators) Might Leave You Quaking",,20200522-0200
https://www.buzzfeed.com/giannaudes/choose-celebrities-a-z-and-ill-tell-you-what-to-d-2r0na9k1lv?origin=web-hf,Choose A Celebrity For Every Letter Of The Alphabet And We'll Give You A New Activity To Try While You're At Home,,20200522-0200
https://www.buzzfeed.com/kaylasuazo/buzzfeed-stay-at-home-talent-show?origin=web-hf,BuzzFeed Is Having A Stay-At-Home Talent Show And You'll Want To See The Acts,,20200522-0200
https://www.buzzfeed.com/sydrobinson1/commonly-misspelled-words-spelling-quiz?origin=web-hf,These Are 15 Of The Most Commonly Misspelled Words — Think You Can Spell Them Right?,,20200522-0200
https://www.buzzfeed.com/hannahmarder/what-movies-about-mental-health-made-you-feel-seen?origin=web-hf,What Movies Got Mental Health Right?,,20200522-0200
https://www.buzzfeed.com/kpotterswift/can-you-guess-the-movie-musical-with-just-one-lyri-8y4zhap2s0?origin=web-hf,Can You Guess These Movie Musicals From Just One Lyric?,,20200522-0200
/watch/video/103666,"Black Family Tries Each Others' Chocolate Chip Cookies
""I'm lactose intolerant, I don't need this!""",,20200522-0200
https://www.buzzfeed.com/malloryannp/fathers-day-gifts-over-35?origin=web-hf,50 Splurge-Worthy Gifts To Surprise Your Dad With This Father's Day,,20200522-0200
https://www.buzzfeed.com/stephenlaconte/lana-del-rey-controversy-beyonce-ariana-grande-cardi-b?origin=web-hf,"Lana Del Rey Seemed To Drag Artists Like Beyoncé, Cardi B, And Ariana Grande In A Statement On Instagram, And People Are Pissed",,20200522-0200
https://www.buzzfeed.com/briangalindo/rupauls-drag-race-all-stars-5-trailer-is-out?origin=web-hf,"""RuPaul's Drag Race All Stars 5"" Just RuVealed The Big Twist This Season In Its New Trailer",,20200522-0200
https://www.buzzfeed.com/nataliebrown/products-youll-probably-use-every-single-day-2020?origin=web-hf,30 Products So Effective You'll Probably Use Them Every Single Day,,20200522-0200
https://www.buzzfeed.com/ryanschocket2/people-are-sharing-the-worst-coworker-theyve-worked-with?origin=web-hf,"People Are Sharing The Worst Coworker They've Worked With And Wow, Just Wow",,20200522-0200
https://www.buzzfeed.com/emackb/which-spider-man-are-you-4409d13tm7?origin=web-hf,This Quiz Will Determine Which Version Of Spider-Man You Are,,20200522-0200
https://www.buzzfeed.com/audreyworboys/disney-movie-region-would-you-rather?origin=web-hf,"You Can Only Save One Disney Movie From Each Of These Regions, The Rest Are Deleted Forever",,20200522-0200
https://www.buzzfeednews.com/article/katebubacz/photos-michigan-flooding-dams?origin=web-hf,Dramatic Photos Show Massive Flooding After Two Dams Collapsed In Michigan,,20200522-0200
/watch/video/103443,Japanese And Mexican People Swap Board Games,,20200522-0200
https://www.buzzfeed.com/abbykass/hanky-panky-memorial-day-sale?origin=web-hf,"Hanky Panky's Semi-Annual Sale Is Here, Which Means You Can Save Big On Underwear And More",,20200522-0200
https://www.buzzfeed.com/swiftienerd/do-you-agree-with-these-unpopular-book-opinions-e47xhgqlig?origin=web-hf,Do You Actually Agree With These Controversial Book Opinions?,,20200522-0200
https://www.buzzfeed.com/hannahmarder/i-made-my-own-tie-dye-sweatsuit?origin=web-hf,"Tie-Dyeing Has Become A Viral Activity During Quarantine, So I Tried It Out",,20200522-0200
https://www.buzzfeed.com/griffingonzales/shop-buzzfeed-fathers-day?origin=web-hf,Father's Day Will Be Here Before You Know It And Shop BuzzFeed Has Gifts For All Kinds Of Dads,,20200522-0200
https://www.buzzfeed.com/jasminsuknanan/bh-cosmetics-memorial-day-sale-2020?origin=web-hf,BH Cosmetics Is Giving You Up To 75% Off Products And Let's Just Say Your Online Cart Is About To Be Full,,20200522-0200
https://www.buzzfeednews.com/article/tanyachen/a-man-is-being-trolled-for-making-a-leather-face-mask?origin=web-hf,This Guy Is Being Trolled After He Shared His Design For A Cool-Looking Leather Face Mask,,20200522-0200
https://www.buzzfeednews.com,BuzzFeed NewsReporting on what you care about. We hold major institutions accountable and expose wrongdoing.,,20200522-0230
https://www.tasty.co,"BuzzFeed TastySearch, watch, and cook every single Tasty recipe and video ever - all in one place!",,20200522-0230
https://www.buzzfeed.com/goodful,"BuzzFeed GoodfulSelf care and ideas to help you live a healthier, happier life.",,20200522-0230
https://www.buzzfeed.com/bringme,"BuzzFeed Bring MeObsessed with travel? Discover unique things to do, places to eat, and sights to see in the best destinations around the world with Bring Me!",,20200522-0230
https://www.buzzfeed.com/asis,"BuzzFeed As IsSomething for everyone interested in hair, makeup, style, and body positivity.",,20200522-0230
https://www.buzzfeed.com/sydrobinson1/before-and-after-pets-being-adopted-quarantine?ref=hpsplash&origin=spl,21 Before-And-After Pictures Of Pets Who Were Adopted During Quarantine,,20200522-0230
https://www.buzzfeed.com/yiyang/futuristic-products-thatll-probably-make-you-feel-like?origin=hpp,35 Futuristic Products That’ll Probably Make You Feel Like You’re Living In 3020,,20200522-0230
https://www.buzzfeed.com/newsletters?ref=hplego,"WTF Is Happening Today? BuzzFeed Newsletters Can Help!
We have newsletters to help you stay in the loop AND newsletters to help you forget! Try one today!",,20200522-0230
https://www.buzzfeed.com/mikespohr/mindblowing-facts?origin=web-hf,18 Random Facts That Absolutely Blew People's Minds On Twitter,,20200522-0230
https://www.buzzfeed.com/tatianatenreyrowhitlock/funniest-tweets-lana-del-rey-instagram-post-drama?origin=web-hf,15 Funny Tweets About The Lana Del Rey Instagram Post Drama,,20200522-0230
https://www.buzzfeed.com/andrewziegler/quiz-party?origin=shp,"You Can Now Take BuzzFeed Quizzes In Real Time With Your Friends — You’re Welcome
Let’s get this party started.",,20200522-0230
https://www.buzzfeed.com/jenniferabidor/friends-a-to-z?origin=shp,"This ""Friends"" A–Z Quiz Will Reveal Which Main Character You Are",,20200522-0230
https://www.buzzfeed.com/sarahaspler/taste-in-disney-movies-age-quiz?origin=shp,Can We Accurately Guess Your Age Based On Your Taste In Disney Movies?,,20200522-0230
https://www.buzzfeed.com/andrewziegler/quiz-romantic-type?origin=shp,There Are Actually Only Four Romantic Types And We Can Accurately Guess Yours,,20200522-0230
https://www.buzzfeed.com/sarahaspler/everyone-has-a-fruit-that-matches-their-personalit?origin=shp,Everyone Has A Fruit That Matches Their Personality – Here’s Yours,,20200522-0230
https://www.buzzfeed.com/quizparty,Keep the quiz party going,,20200522-0230
https://www.buzzfeed.com/jenniferabidor/jokes-about-disney-villains?origin=web-hf,21 Times The Internet Roasted The Disney Villains,,20200522-0230
https://www.buzzfeed.com/tatianatenreyrowhitlock/lana-del-rey-responds-to-backlash-over-instagram-post?origin=web-hf,"Lana Del Rey Responded To The Backlash Toward Her Instagram Post, Saying She's Sad People Made It A ""WOC Issue""",,20200522-0230
https://www.buzzfeed.com/maitlandquitmeyer/best-memorial-day-sales-deals-2020?origin=hshp,"All The Best Memorial Day Weekend Deals
The savings start now.",,20200522-0230
https://www.buzzfeed.com/kaylasuazo/all-the-best-memorial-day-mattress-sales-2020?origin=hshp,All Of The Best Memorial Day Mattress Sales,,20200522-0230
https://www.buzzfeed.com/emmalord9/best-deals-wayfair-memorial-day-sale?origin=hshp,All The Best Deals At Wayfair's Memorial Day Sale,,20200522-0230
https://www.buzzfeed.com/abbykass/zappos-memorial-day-sale?origin=hshp,You Can Save On *So* Many Popular Shoes During The Zappos Memorial Day Sale,,20200522-0230
https://www.buzzfeed.com/elenamgarcia/dyson-is-having-a-pretty-major-memorial-day-sale-no-better?origin=hshp,Dyson Is Having A Pretty Major Memorial Day Sale — No Better Time Than Now To Get Yourself A New Vacuum,,20200522-0230
https://www.buzzfeed.com/shopping?origin=hshp,See more great product recommendations,,20200522-0230
https://www.buzzfeed.com/farrahpenn/finals-week-zoom-university-fails?origin=web-hf,18 Times The Students Of Zoom University Really Struggled Through Finals Week,,20200522-0230
/watch/video/102294,"We Didn't Use Toilet Paper For A Week 
Auri gets Steve to try reusable toilet paper, will he like it?",,20200522-0230
https://www.buzzfeed.com/fallon2/what-hunger-games-characters-belong-in-these-hogwa-ckb6eid9yq?origin=web-hf,"Which Hogwarts Houses Do These Character From ""The Hunger Games"" Belong In?",,20200522-0230
https://www.buzzfeednews.com/article/davidmack/coronavirus-trump-test-positive-negative-answer-video?origin=shp,"Positive News! Trump Says He Tested Positively, Which Means Negative, For The Coronavirus.
“But that’s a way of saying it: positively toward the negative.”
8 hours ago",,20200522-0230
https://www.buzzfeednews.com/article/janelytvynenko/coronavirus-spin-doctors?origin=shp,These Are The Fake Experts Pushing Pseudoscience And Conspiracy Theories About The Coronavirus Pandemic,,20200522-0230
https://www.buzzfeednews.com/article/clarissajanlim/doctor-congressional-hearing-coronavirus-second-wave-ppe?origin=shp,"A Doctor Told Lawmakers The Country Is Not ""Prepared For A Second Wave"" Of The Coronavirus",,20200522-0230
https://www.buzzfeednews.com/article/meghara/qatar-coronavirus-tracking-app-mandatory?origin=shp,Qatar Has Made Its Coronavirus Contact Tracing App Mandatory,,20200522-0230
https://www.buzzfeednews.com/article/lamvo/coronavirus-update-charts-unemployment-claims-laid-off-jobs?origin=shp,These Updating Charts Show The Record Number Of Americans Filing Unemployment Claims,,20200522-0230
https://bzfd.it/noc-show,The daily News O'Clock podcast is here.,,20200522-0230
https://www.buzzfeed.com/briangalindo/21-tbt-photos-celebs-posted-on-instagram-may-21?origin=web-hf,Here's What Chrissy Teigen And 20 Other Celebrities Shared This Week For #TBT,,20200522-0230
https://www.buzzfeednews.com/article/laurenstrapagiel/influencers-say-instagram-is-more-likely-to-remove-photos?origin=web-hf,"Influencers Say Instagram Is Biased Against Plus-Size Bodies, And They May Be Right",,20200522-0230
https://www.buzzfeednews.com/article/skbaer/ahmaud-arbery-death-william-bryan-arrest?origin=web-hf,The Man Who Recorded Video Of Ahmaud Arbery Being Shot Has Been Arrested On A Murder Charge,,20200522-0230
https://www.buzzfeed.com/mjs538/early-2000s-pictures-for-millennials?origin=web-hf,33 Pictures That Millennials Will Have To Explain To Generation Alpha Someday,,20200522-0230
https://www.buzzfeed.com/isabellalouise/can-you-sort-these-hogwarts-students-in-their-righ-klzvv4gs4?origin=web-hf,"Unless You're Harry Potter, You Won't Be Able To Sort These Hogwarts Students Into The Right House",,20200522-0230
https://www.buzzfeed.com/victoriavouloumanos/stars-who-are-mixed-asian-pacific-islander?origin=shp,"34 Multiracial Celebs Who Are Actually Asian Or Pacific Islander
Relatable and inspirational icons, all of ‘em.",,20200522-0230
https://www.buzzfeed.com/nusrat21/a-guide-for-people-new-to-bollywood?origin=shp,30 Bollywood Films That Everyone Absolutely Must See,,20200522-0230
https://www.buzzfeed.com/michellemkim/asian-male-celebs-thirst?origin=shp,21 Asian Male Celebs That Have Us Feeling Oh So Very Thirsty,,20200522-0230
https://www.buzzfeed.com/michellemkim/which-anime-best-boy-are-you?origin=shp,Quiz: Which Anime Best Boy Are You?,,20200522-0230
https://www.buzzfeed.com/badge/apahm2020,See all of our APAHM coverage here,,20200522-0230
/watch/video/99501,"Boricua From The Island vs The Mainland 
Love one another, Puerto Ricans from around the world!",,20200522-0230
https://www.buzzfeed.com/morganmurrell/drake-called-kylie-jenner-side-piece-apology?origin=web-hf,"Drake Name-Dropped Kylie Jenner, Kendall Jenner, And Gigi Hadid In A Song, Then Issued An Apology Statement",,20200522-0230
https://www.buzzfeed.com/buzzfeedpromotions/get-the-best-summer-recipes-with-the-tasty-newsletter,Get The Best Spring Recipes With The Tasty Newsletter!,,20200522-0230
https://www.buzzfeed.com/tatianatenreyrowhitlock/michael-cera-aubrey-plaza-chuck-e-cheese-pic?origin=web-hf,Michael Cera And Aubrey Plaza's Chuck E. Cheese Photo Is Legendary And Now We Have The Whole Story,,20200522-0230
https://www.buzzfeed.com/christopherhudspeth/oh-come-on-facepalm-that-sucks-things?origin=web-hf,15 Facepalm-Worthy Things Humans Recently Did During This Pandemic That Make Me Hope Aliens Aren't Watching,,20200522-0230
https://www.buzzfeed.com/briangalindo/chris-pratt-accidentally-deleted-over-35000-unread-emails?origin=web-hf,"Chris Pratt Accidentally Deleted More Than 35,000 Unread Emails After His Son Gasped At His Full Inbox",,20200522-0230
https://www.buzzfeed.com/tessafahey/identify-avatar-the-last-airbender-characters-quiz?origin=web-hf,"If You Can Identify 30/36 Of These ""Avatar: The Last Airbender"" Characters, You're A Master Bender",,20200522-0230
https://www.buzzfeed.com/hannahmarder/teen-drama-characters-that-did-not-need-to-die?origin=web-hf,20 Of The Most Tragically Unnecessary Deaths From Teen Dramas,,20200522-0230
https://www.buzzfeed.com/kaylayandoli/whats-your-favorite-behind-the-scenes-feud-in-tvmovie,What's The Most Iconic Behind The Scenes Feud From A TV Show Or Movie?,,20200522-0230
/watch/video/105540,"Camp Counselor Horror Stories
In honor of summer former camp counselors share their craziest, weirdest and funniest experiences from camp.",,20200522-0230
https://www.buzzfeed.com/daves4/everyone-hates-but-does?origin=web-hf,27 Things Everyone On Earth Hates That They Do But Does Anyway,,20200522-0230
https://www.buzzfeed.com/hannahryan/refugees-phones-australia-whatsapp-interview?origin=web-hf,I WhatsApped Refugees To Ask Why They're So Freaked Out About The Government Taking Their Phones Away,,20200522-0230
https://www.buzzfeed.com/clareaston/my-bibliotherapy-prescription?origin=web-hf,"These Six Books Were My ""Prescription"" After Attending A Bibliotherapy Session — Here's How They Helped",,20200522-0230
https://www.buzzfeed.com/ehisosifo1/harry-potter-letter-p-trivia-quiz?origin=web-hf,"Every Answer To This ""Harry Potter"" Quiz Starts With The Letter P",,20200522-0230
https://www.buzzfeed.com/marielasummerhays01/therapy-is-for-men?origin=web-hf,These 7 Men Will Convince You Therapy Is For Everyone,,20200522-0230
https://www.buzzfeed.com/rosethecorgi/choose-some-food-and-revile-your-soulmates-name-7gjir6fim?origin=web-hf,"If You Really Wanna Know The First Letter Of Your Soulmate's Name, Eat Some Food And We'll Tell You",,20200522-0230
https://www.buzzfeed.com/anoushkagadhwal/the-ultimate-harry-potter-and-the-sorcereras-sto-cn37ve6nwu?origin=web-hf,"Only True Potterheads Can Pass This ""Harry Potter And The Sorcerer's Stone"" Book Quiz — Can You?",,20200522-0230
https://www.buzzfeed.com/mjs538/rose-on-90-day-fiance-and-big-ed?origin=web-hf,We Need To Stop Talking About Big Ed And Start Talking About Rose,,20200522-0230
/watch/video/105310,"Loren Gray Reads Her Instagram DMs
Loren Gray bravely sits down to do a deep dive into her Instagram DM requests, which include supportive fans, the obligatory haters, and even some marriage proposals from complete strangers. Check out Loren’s new single “Cake” now: https://www.youtube.com/watch?v=klwWrurkjgc",,20200522-0230
https://www.buzzfeed.com/juliawilling/for-everyone-in-love-with-boxer?origin=web-hf,"23 Tweets For Everyone Who’s Aggressively Attracted To Boxer From ""White Lines""",,20200522-0230
https://www.buzzfeed.com/avaerickson04/which-disney-prince-do-you-belong-with-1mtuff45b1?origin=web-hf,Which Disney Prince Is Your Soulmate?,,20200522-0230
https://www.buzzfeed.com/alliehayes/books-so-good-you-cannot-put-them-down-flipped?origin=web-hf,"21 Books That Are So Good, People Literally Could Not Put Them Down",,20200522-0230
https://www.buzzfeed.com/ehisosifo1/drastic-americas-next-top-model-makeovers?origin=web-hf,"23 ""ANTM"" Makeovers That Tyra Banks Actually Assigned To Contestants",,20200522-0230
https://www.buzzfeed.com/christopherhudspeth/people-believed-there-was-evidence-of-a-parallel-universe?origin=web-hf,"17 Of The Funniest Tweets About The Discovery Of ""Evidence"" That A Parallel Universe Exists",,20200522-0230
https://www.buzzfeed.com/stephenlaconte/lana-del-rey-controversy-beyonce-ariana-grande-cardi-b?origin=web-hf,"Lana Del Rey Seemed To Drag Artists Like Beyoncé, Cardi B, And Ariana Grande In A Statement On Instagram, And People Are Pissed",,20200522-0230
https://www.buzzfeednews.com/article/michaelblackmon/lana-del-rey-instagram-post-race?origin=web-hf,This Is Why People Are Mad At Lana Del Rey,,20200522-0230
https://www.buzzfeed.com/katdo0907/the-office-and-friends-polls-1v8n4ssmtp?origin=web-hf,"These Polls Are For Fans Of ""Friends"" And ""The Office"" Only",,20200522-0230
/watch/video/105538,Can These Exes Be Friends?,,20200522-0230
https://www.buzzfeed.com/farrahpenn/new-ya-books-spring-2020?origin=web-hf,Here Are The 15 Young Adult Books We're Loving This Spring,,20200522-0230
https://www.buzzfeed.com/daniellaemanuel/water-popsicles-tiktok?origin=web-hf,"A Mom On TikTok Makes ""Water Popsicles"" For Her Kids And I'm Cracking Up",,20200522-0230
https://www.buzzfeed.com/stephenlaconte/oprah-winfrey-big-cabbage-instagram?origin=web-hf,"Oprah Grew A Cabbage So Big She Could Barely Carry It, And You Really Need To See It To Believe It's Real",,20200522-0230
https://www.buzzfeed.com/kristatorres/little-bugs-live-in-strawberries-so-you-should-al?origin=web-hf,"If You Wash Berries In Salt Water, Little Bugs Will Start To Crawl Out",,20200522-0230
https://www.buzzfeed.com/ryanschocket2/people-are-sharing-the-worst-coworker-theyve-worked-with?origin=web-hf,"People Are Sharing The Worst Coworker They've Worked With And Wow, Just Wow",,20200522-0230
https://www.buzzfeed.com/victoriagasparowicz/dark-moments-from-kids-movies-that-are-probably-still?origin=web-hf,22 Unexpectedly Dark Kids Movie Moments That People Wish They Could Forget,,20200522-0230
https://www.buzzfeed.com/chilifritos1234/plan-a-wedding-a-well-tell-which-the-office-char-cvj3ackoya?origin=web-hf,"Design Your Dream Wedding And We'll Tell You Which Character From ""The Office"" You Belong With",,20200522-0230
https://www.buzzfeed.com/lyapalater/the-bar-is-so-low-that-im-emotion-because-adam-sa?origin=web-hf,The Bar Is So Low That I'm Emo Over Adam Sandler Buying Tampons For The Women In His Life,,20200522-0230
/watch/video/102332,"I Followed Bretman Rock's Oldest And Newest Makeup Tutorial
""This could either be a revelation or a giant mistake.""",,20200522-0230
https://www.buzzfeed.com/mjs538/a-news-clip-from-go-topless-jeep-weekend-is-going-viral?origin=web-hf,"A Video From ""Go Topless Jeep Weekend"" Is Going Viral Because ""Not Even SNL Could Write Something This Ridiculous""",,20200522-0230
https://www.buzzfeed.com/jasminsuknanan/useful-beauty-products-on-sale?origin=web-hf,23 Useful Beauty Products You'll Probably Be Very Glad You Got On Sale,,20200522-0230
https://www.buzzfeed.com/hbraga/sephora-memorial-day-sale?origin=web-hf,Sephora Has Tons Of Products On Sale For Up To 50% Off Right Now,,20200522-0230
https://www.buzzfeed.com/buzzfeedoznews/bye-buzzfeed-oz-news?origin=web-hf,This Is BuzzFeed News Australia’s Last Day. Here Are 37 Of Our Favourite Stories.,,20200522-0230
https://www.buzzfeed.com/jmihaly/fathers-day-gifts-dads-wont-pretend?origin=web-hf,31 Father’s Day Gifts That Dads Won’t Have To Pretend To Like,,20200522-0230
https://www.buzzfeednews.com/article/tanyachen/a-man-is-being-trolled-for-making-a-leather-face-mask?origin=web-hf,This Guy Is Being Trolled After He Shared His Design For A Cool-Looking Leather Face Mask,,20200522-0230
https://www.buzzfeednews.com/article/rubycramer/joe-biden-tara-reade-allegations-senate-2020?origin=web-hf,Tara Reade Stood Apart In Joe Biden's 1990s Senate Staff,,20200522-0230
https://www.buzzfeed.com/lakenbrooks222/we-know-your-soulmates-initials-based-on-the-shak-3thj8kp21b?origin=web-hf,We Know Your Soulmate's Initials Based On The Shakespearean Insults You Use To Describe Your Ex,,20200522-0230
/watch/video/105809,"The ""Outer Banks"" Cast Answers Your Burning Questions
Your favorite Pogues return as the cast of the hit Netflix series “Outer Banks” (Chase Stokes, Madelyn Cline, Madison Bailey, Rudy Pankow, and Jonathan Daviss) all sit down to answer your burning questions, from how their lives have changed since the show’s debut, to what they think will happen in season two, all the way to which major roles they’ve auditioned for in the past but didn’t get…which leads to one cast member revealing that he very nearly spent some time in a galaxy far, far away.",,20200522-0230
https://www.buzzfeed.com/yiyang/target-memorial-day-sale?origin=web-hf,All The Best Memorial Day Deals At Target,,20200522-0230
https://www.buzzfeed.com/kristatorres/jason-derulos-tried-to-eat-corn-off-a-power-drill?origin=web-hf,Jason Derulo Tried To Eat Corn Off A Power Drill And Things Did Not Go Well,,20200522-0230
https://www.buzzfeed.com/eleanorbate/gigi-hadid-pregnant-during-fashion-week?origin=web-hf,"Gigi Hadid Opened Up About Being ""A Few Months"" Pregnant During Fashion Week And How Her Body Has Changed",,20200522-0230
https://www.buzzfeed.com/samanthawieder/overstocks-memorial-day-blowout-sale-2020?origin=web-hf,All The Best Deals At Overstock's Memorial Day Sale,,20200522-0230
https://www.buzzfeed.com/lilianastephens21/make-a-friends-episode-and-ill-tell-you-which-fri-a59ionup2o?origin=web-hf,"Make A ""Friends"" Episode And I'll Tell You Which Character You Are",,20200522-0230
https://www.buzzfeed.com/whitneyjefferson/joaquin-phoenix-and-rooney-mara-baby-tweets?origin=web-hf,18 Perfect Tweets About Joaquin Phoenix And Rooney Mara Having A Baby,,20200522-0230
https://www.buzzfeed.com/swiftienerd/do-you-agree-with-these-unpopular-book-opinions-e47xhgqlig?origin=web-hf,Do You Actually Agree With These Controversial Book Opinions?,,20200522-0230
https://www.buzzfeed.com/isabellalouise/this-visual-quiz-will-reveal-which-elemental-bendi-687v2it35g?origin=web-hf,"This Visual Quiz Will Reveal Which ""Avatar: The Last Airbender"" Element You'd Master",,20200522-0230
/watch/video/103610,Gadiel Gets Financial Tips For Surviving This Pandemic,,20200522-0230
https://www.buzzfeed.com/racheldunkel/sur-la-table-summer-sale?origin=web-hf,In Need Of Some New Kitchen Tools? Sur La Table's Summer Sale Is Here To Help,,20200522-0230
https://www.buzzfeednews.com/article/salvadorhernandez/coronavirus-victim-white-house-butler-wilson-jerman?origin=web-hf,A White House Butler Who Worked For 11 US Presidents Died Of The Coronavirus,,20200522-0230
https://www.buzzfeed.com/kirbybeaton/books-recommendations-traveling?origin=web-hf,19 Books To Read During Quarantine To Make You Feel Like You're Traveling,,20200522-0230
https://www.buzzfeed.com/shelbyheinrich/tiktok-music-festival-viral-heartwarming?origin=web-hf,"A Girl On TikTok Threw Her Brother His Very Own ""Music Festival"" For His Birthday, And TBH It Looks Better Than Coachella",,20200522-0230
https://www.buzzfeed.com/kaylaboyd/fathers-day-gifts?origin=web-hf,34 Of The Best Father's Day Gifts To Give This Year,,20200522-0230
https://www.buzzfeed.com/malloryannp/fathers-day-gifts-over-35?origin=web-hf,50 Splurge-Worthy Gifts To Surprise Your Dad With This Father's Day,,20200522-0230
https://www.buzzfeed.com/angelicaamartinez/tiktok-vintage-makeup?origin=web-hf,TikTok Taught Me How Wild Vintage Makeup Compacts Were And I Desperately Need Them To Make A Comeback,,20200522-0230
https://www.buzzfeed.com/christopherhudspeth/photos-of-the-pandemic-world-different?origin=web-hf,19 Photos of Life Today That Would've Blown Your Mind A Year Ago,,20200522-0230
/watch/video/103666,"Black Family Tries Each Others' Chocolate Chip Cookies
""I'm lactose intolerant, I don't need this!""",,20200522-0230
https://www.buzzfeed.com/lyapalater/heres-everything-new-coming-to-netflix-this-week-5-21?origin=web-hf,"Here's Everything New Coming To Netflix This Week, Starting May 21",,20200522-0230
https://www.buzzfeed.com/giannaudes/choose-celebrities-a-z-and-ill-tell-you-what-to-d-2r0na9k1lv?origin=web-hf,Choose A Celebrity For Every Letter Of The Alphabet And We'll Give You A New Activity To Try While You're At Home,,20200522-0230
https://www.buzzfeed.com/audreyworboys/disney-movie-region-would-you-rather?origin=web-hf,"You Can Only Save One Disney Movie From Each Of These Regions, The Rest Are Deleted Forever",,20200522-0230
https://www.buzzfeed.com/morganmurrell/serena-williams-daughter-instagram?origin=web-hf,Excuse Me While I Try To Contain My Baby Fever While Watching Serena Williams And Her Daughter,,20200522-0230
https://www.buzzfeed.com/nataliebrown/products-youll-probably-use-every-single-day-2020?origin=web-hf,30 Products So Effective You'll Probably Use Them Every Single Day,,20200522-0230
https://www.buzzfeed.com/briangalindo/queer-eye-new-season-5-trailer-netflix?origin=web-hf,"The Trailer For Season 5 Of ""Queer Eye"" Just Dropped And I Already Cried Six Times Watching It",,20200522-0230
https://www.buzzfeed.com/genevievescarano/fitness-fathers-day-for-athletic-dads?origin=web-hf,30 Father's Day Gifts For The Dad Who Loves To Exercise,,20200522-0230
https://www.buzzfeednews.com/article/katebubacz/photos-michigan-flooding-dams?origin=web-hf,Dramatic Photos Show Massive Flooding After Two Dams Collapsed In Michigan,,20200522-0230
/watch/video/103443,Japanese And Mexican People Swap Board Games,,20200522-0230
https://www.buzzfeed.com/shelbyheinrich/high-school-trivia-quiz?origin=web-hf,Half The Population Can't Pass This High School Simulation Without Cheating — Can You?,,20200522-0230
https://www.buzzfeed.com/benhenry/jojo-siwa-candy-themed-bedroom?origin=web-hf,JoJo Siwa Fans Came To Her Defence After A Video Of Her Candy Themed-Bedroom Sparked A Debate About Her Age,,20200522-0230
https://www.buzzfeednews.com/article/salvadorhernandez/naval-air-station-terrorism-corpus-christi?origin=web-hf,"A Shooting At A Naval Air Station In Texas Was Terrorism-Related, The FBI Said",,20200522-0230
https://www.buzzfeed.com/sydrobinson1/commonly-misspelled-words-spelling-quiz?origin=web-hf,These Are 15 Of The Most Commonly Misspelled Words — Think You Can Spell Them Right?,,20200522-0230
https://www.buzzfeed.com/laurengarafano/masked-singer-season-3-reveals?origin=web-hf,"18 Famous People Who Were Unmasked On Season 3 Of ""The Masked Singer""",,20200522-0230
https://www.buzzfeed.com/briangalindo/rupauls-drag-race-all-stars-5-trailer-is-out?origin=web-hf,"""RuPaul's Drag Race All Stars 5"" Just RuVealed The Big Twist This Season In Its New Trailer",,20200522-0230
https://www.buzzfeed.com/hannahmarder/what-movies-about-mental-health-made-you-feel-seen?origin=web-hf,What Movies Got Mental Health Right?,,20200522-0230
https://www.buzzfeed.com/elliewoodward/kristin-cavallari-ex-best-friend-jay-cutler-affair-rumours?origin=web-hf,Kristin Cavallari's Ex-BFF Finally Addressed The Rumours She Had An Affair With Jay Cutler,,20200522-0230
https://www.buzzfeednews.com,BuzzFeed NewsReporting on what you care about. We hold major institutions accountable and expose wrongdoing.,,20200522-0300
https://www.tasty.co,"BuzzFeed TastySearch, watch, and cook every single Tasty recipe and video ever - all in one place!",,20200522-0300
https://www.buzzfeed.com/goodful,"BuzzFeed GoodfulSelf care and ideas to help you live a healthier, happier life.",,20200522-0300
https://www.buzzfeed.com/bringme,"BuzzFeed Bring MeObsessed with travel? Discover unique things to do, places to eat, and sights to see in the best destinations around the world with Bring Me!",,20200522-0300
https://www.buzzfeed.com/asis,"BuzzFeed As IsSomething for everyone interested in hair, makeup, style, and body positivity.",,20200522-0300
https://www.buzzfeednews.com/article/carolinehaskins1/what-are-exposure-notifications-contact-tracing-how-are?origin=spl&ref=hpsplash,"What Are Exposure Notifications, And How Are They Different From Contact Tracing",,20200522-0300
https://www.buzzfeed.com/yiyang/futuristic-products-thatll-probably-make-you-feel-like?origin=hpp,35 Futuristic Products That’ll Probably Make You Feel Like You’re Living In 3020,,20200522-0300
https://www.buzzfeed.com/newsletters?ref=hplego,"WTF Is Happening Today? BuzzFeed Newsletters Can Help!
We have newsletters to help you stay in the loop AND newsletters to help you forget! Try one today!",,20200522-0300
https://www.buzzfeed.com/mikespohr/mindblowing-facts?origin=web-hf,18 Random Facts That Absolutely Blew People's Minds On Twitter,,20200522-0300
https://www.buzzfeed.com/noradominick/celeb-iconic-characters-trivia-quiz?origin=web-hf,19 Of These Images Are Of The Same TV Or Movie Character — Can You Spot The One That’s Different?,,20200522-0300
https://www.buzzfeed.com/andrewziegler/quiz-party?origin=shp,"You Can Now Take BuzzFeed Quizzes In Real Time With Your Friends — You’re Welcome
Let’s get this party started.",,20200522-0300
https://www.buzzfeed.com/jenniferabidor/friends-a-to-z?origin=shp,"This ""Friends"" A–Z Quiz Will Reveal Which Main Character You Are",,20200522-0300
https://www.buzzfeed.com/sarahaspler/taste-in-disney-movies-age-quiz?origin=shp,Can We Accurately Guess Your Age Based On Your Taste In Disney Movies?,,20200522-0300
https://www.buzzfeed.com/andrewziegler/quiz-romantic-type?origin=shp,There Are Actually Only Four Romantic Types And We Can Accurately Guess Yours,,20200522-0300
https://www.buzzfeed.com/sarahaspler/everyone-has-a-fruit-that-matches-their-personalit?origin=shp,Everyone Has A Fruit That Matches Their Personality – Here’s Yours,,20200522-0300
https://www.buzzfeed.com/quizparty,Keep the quiz party going,,20200522-0300
https://www.buzzfeed.com/huynht2510/can-we-guess-your-most-recent-emoji-by-this-quiz-eqcv8mgpxb?origin=web-hf,Design Your Very Own Dream Home And We'll Accurately Guess Your Most-Used Emoji,,20200522-0300
https://www.buzzfeed.com/tatianatenreyrowhitlock/funniest-tweets-lana-del-rey-instagram-post-drama?origin=web-hf,15 Funny Tweets About The Lana Del Rey Instagram Post Drama,,20200522-0300
https://www.buzzfeed.com/maitlandquitmeyer/best-memorial-day-sales-deals-2020?origin=hshp,"All The Best Memorial Day Weekend Deals
The savings start now.",,20200522-0300
https://www.buzzfeed.com/kaylasuazo/all-the-best-memorial-day-mattress-sales-2020?origin=hshp,All Of The Best Memorial Day Mattress Sales,,20200522-0300
https://www.buzzfeed.com/emmalord9/best-deals-wayfair-memorial-day-sale?origin=hshp,All The Best Deals At Wayfair's Memorial Day Sale,,20200522-0300
https://www.buzzfeed.com/abbykass/zappos-memorial-day-sale?origin=hshp,You Can Save On *So* Many Popular Shoes During The Zappos Memorial Day Sale,,20200522-0300
https://www.buzzfeed.com/elenamgarcia/dyson-is-having-a-pretty-major-memorial-day-sale-no-better?origin=hshp,Dyson Is Having A Pretty Major Memorial Day Sale — No Better Time Than Now To Get Yourself A New Vacuum,,20200522-0300
https://www.buzzfeed.com/shopping?origin=hshp,See more great product recommendations,,20200522-0300
https://www.buzzfeed.com/jenniferabidor/jokes-about-disney-villains?origin=web-hf,21 Times The Internet Roasted The Disney Villains,,20200522-0300
/watch/video/102294,"We Didn't Use Toilet Paper For A Week 
Auri gets Steve to try reusable toilet paper, will he like it?",,20200522-0300
https://www.buzzfeed.com/tatianatenreyrowhitlock/lana-del-rey-responds-to-backlash-over-instagram-post?origin=web-hf,"Lana Del Rey Responded To The Backlash Toward Her Instagram Post, Saying She's Sad People Made It A ""WOC Issue""",,20200522-0300
https://www.buzzfeednews.com/article/davidmack/coronavirus-trump-test-positive-negative-answer-video?origin=shp,"Positive News! Trump Says He Tested Positively, Which Means Negative, For The Coronavirus.
“But that’s a way of saying it: positively toward the negative.”
8 hours ago",,20200522-0300
https://www.buzzfeednews.com/article/janelytvynenko/coronavirus-spin-doctors?origin=shp,These Are The Fake Experts Pushing Pseudoscience And Conspiracy Theories About The Coronavirus Pandemic,,20200522-0300
https://www.buzzfeednews.com/article/clarissajanlim/doctor-congressional-hearing-coronavirus-second-wave-ppe?origin=shp,"A Doctor Told Lawmakers The Country Is Not ""Prepared For A Second Wave"" Of The Coronavirus",,20200522-0300
https://www.buzzfeednews.com/article/meghara/qatar-coronavirus-tracking-app-mandatory?origin=shp,Qatar Has Made Its Coronavirus Contact Tracing App Mandatory,,20200522-0300
https://www.buzzfeednews.com/article/lamvo/coronavirus-update-charts-unemployment-claims-laid-off-jobs?origin=shp,These Updating Charts Show The Record Number Of Americans Filing Unemployment Claims,,20200522-0300
https://bzfd.it/noc-show,The daily News O'Clock podcast is here.,,20200522-0300
https://www.buzzfeed.com/farrahpenn/finals-week-zoom-university-fails?origin=web-hf,18 Times The Students Of Zoom University Really Struggled Through Finals Week,,20200522-0300
https://www.buzzfeednews.com/article/laurenstrapagiel/influencers-say-instagram-is-more-likely-to-remove-photos?origin=web-hf,"Influencers Say Instagram Is Biased Against Plus-Size Bodies, And They May Be Right",,20200522-0300
https://www.buzzfeed.com/briangalindo/21-tbt-photos-celebs-posted-on-instagram-may-21?origin=web-hf,Here's What Chrissy Teigen And 20 Other Celebrities Shared This Week For #TBT,,20200522-0300
https://www.buzzfeed.com/mjs538/early-2000s-pictures-for-millennials?origin=web-hf,33 Pictures That Millennials Will Have To Explain To Generation Alpha Someday,,20200522-0300
https://www.buzzfeednews.com/article/skbaer/ahmaud-arbery-death-william-bryan-arrest?origin=web-hf,The Man Who Recorded Video Of Ahmaud Arbery Being Shot Has Been Arrested On A Murder Charge,,20200522-0300
https://www.buzzfeed.com/victoriavouloumanos/stars-who-are-mixed-asian-pacific-islander?origin=shp,"34 Multiracial Celebs Who Are Actually Asian Or Pacific Islander
Relatable and inspirational icons, all of ‘em.",,20200522-0300
https://www.buzzfeed.com/nusrat21/a-guide-for-people-new-to-bollywood?origin=shp,30 Bollywood Films That Everyone Absolutely Must See,,20200522-0300
https://www.buzzfeed.com/michellemkim/asian-male-celebs-thirst?origin=shp,21 Asian Male Celebs That Have Us Feeling Oh So Very Thirsty,,20200522-0300
https://www.buzzfeed.com/michellemkim/which-anime-best-boy-are-you?origin=shp,Quiz: Which Anime Best Boy Are You?,,20200522-0300
https://www.buzzfeed.com/badge/apahm2020,See all of our APAHM coverage here,,20200522-0300
/watch/video/99501,"Boricua From The Island vs The Mainland 
Love one another, Puerto Ricans from around the world!",,20200522-0300
https://www.buzzfeed.com/morganmurrell/drake-called-kylie-jenner-side-piece-apology?origin=web-hf,"Drake Name-Dropped Kylie Jenner, Kendall Jenner, And Gigi Hadid In A Song, Then Issued An Apology Statement",,20200522-0300
https://www.buzzfeed.com/kebornholtz/dont-miss-any-of-our-oscars-coverage-with-our-oscars-guide,Find The Next Show To Binge On With Our TV & Movies Newsletter!,,20200522-0300
https://www.buzzfeed.com/tatianatenreyrowhitlock/michael-cera-aubrey-plaza-chuck-e-cheese-pic?origin=web-hf,Michael Cera And Aubrey Plaza's Chuck E. Cheese Photo Is Legendary And Now We Have The Whole Story,,20200522-0300
https://www.buzzfeed.com/christopherhudspeth/oh-come-on-facepalm-that-sucks-things?origin=web-hf,15 Facepalm-Worthy Things Humans Recently Did During This Pandemic That Make Me Hope Aliens Aren't Watching,,20200522-0300
https://www.buzzfeed.com/fallon2/what-hunger-games-characters-belong-in-these-hogwa-ckb6eid9yq?origin=web-hf,"Which Hogwarts Houses Would You Sort These ""Hunger Games"" Characters Into?",,20200522-0300
https://www.buzzfeed.com/isabellalouise/can-you-sort-these-hogwarts-students-in-their-righ-klzvv4gs4?origin=web-hf,"Unless You're Harry Potter, You Won't Be Able To Sort These Hogwarts Students Into The Right House",,20200522-0300
https://www.buzzfeed.com/sydrobinson1/before-and-after-pets-being-adopted-quarantine?origin=web-hf,21 Before-And-After Pictures Of Pets Who Were Adopted During Quarantine,,20200522-0300
https://www.buzzfeed.com/melanie_aman/what-is-the-best-place-to-buy-bras-if-you-have-small-boobs,What's The Best Place To Buy Bras If You Have Small Boobs?,,20200522-0300
/watch/video/105540,"Camp Counselor Horror Stories
In honor of summer former camp counselors share their craziest, weirdest and funniest experiences from camp.",,20200522-0300
https://www.buzzfeed.com/briangalindo/chris-pratt-accidentally-deleted-over-35000-unread-emails?origin=web-hf,"Chris Pratt Accidentally Deleted More Than 35,000 Unread Emails After His Son Gasped At His Full Inbox",,20200522-0300
https://www.buzzfeed.com/daves4/everyone-hates-but-does?origin=web-hf,27 Things Everyone On Earth Hates That They Do But Does Anyway,,20200522-0300
https://www.buzzfeed.com/hannahmarder/teen-drama-characters-that-did-not-need-to-die?origin=web-hf,20 Of The Most Tragically Unnecessary Deaths From Teen Dramas,,20200522-0300
https://www.buzzfeed.com/tessafahey/identify-avatar-the-last-airbender-characters-quiz?origin=web-hf,"If You Can Identify 30/36 Of These ""Avatar: The Last Airbender"" Characters, You're A Master Bender",,20200522-0300
https://www.buzzfeed.com/clareaston/my-bibliotherapy-prescription?origin=web-hf,Here's How These Six Books Helped Ease My Anxiety About The Future,,20200522-0300
https://www.buzzfeed.com/rosethecorgi/choose-some-food-and-revile-your-soulmates-name-7gjir6fim?origin=web-hf,"If You Really Wanna Know The First Letter Of Your Soulmate's Name, Eat Some Food And We'll Tell You",,20200522-0300
https://www.buzzfeed.com/ehisosifo1/harry-potter-letter-p-trivia-quiz?origin=web-hf,"This ""Harry Potter"" Quiz Will Separate The Wizards From The Muggles And It All Depends On The Letter P",,20200522-0300
https://www.buzzfeed.com/mjs538/rose-on-90-day-fiance-and-big-ed?origin=web-hf,We Need To Stop Talking About Big Ed And Start Talking About Rose,,20200522-0300
/watch/video/105310,"Loren Gray Reads Her Instagram DMs
Loren Gray bravely sits down to do a deep dive into her Instagram DM requests, which include supportive fans, the obligatory haters, and even some marriage proposals from complete strangers. Check out Loren’s new single “Cake” now: https://www.youtube.com/watch?v=klwWrurkjgc",,20200522-0300
https://www.buzzfeed.com/alliehayes/books-so-good-you-cannot-put-them-down-flipped?origin=web-hf,"21 Books That Are So Good, People Literally Could Not Put Them Down",,20200522-0300
https://www.buzzfeed.com/anoushkagadhwal/the-ultimate-harry-potter-and-the-sorcereras-sto-cn37ve6nwu?origin=web-hf,"I Bet You Can't Score 10/13 On This ""Harry Potter And The Sorcerer’s Stone"" Book Quiz",,20200522-0300
https://www.buzzfeed.com/avaerickson04/which-disney-prince-do-you-belong-with-1mtuff45b1?origin=web-hf,We Know Which Disney Prince You Belong With Based On Your Answers To These Random Questions,,20200522-0300
https://www.buzzfeed.com/ehisosifo1/drastic-americas-next-top-model-makeovers?origin=web-hf,"23 ""ANTM"" Makeovers That Tyra Banks Actually Assigned To Contestants",,20200522-0300
https://www.buzzfeed.com/marielasummerhays01/therapy-is-for-men?origin=web-hf,"If You're A Man Who Relies On Therapy For Your Wellbeing, You're Not Alone",,20200522-0300
https://www.buzzfeed.com/christopherhudspeth/people-believed-there-was-evidence-of-a-parallel-universe?origin=web-hf,"17 Of The Funniest Tweets About The Discovery Of ""Evidence"" That A Parallel Universe Exists",,20200522-0300
https://www.buzzfeed.com/juliawilling/for-everyone-in-love-with-boxer?origin=web-hf,"If You Are Horny For Boxer From Netflix’s ""White Lines"", These 23 Tweets Are For You",,20200522-0300
https://www.buzzfeed.com/stephenlaconte/lana-del-rey-controversy-beyonce-ariana-grande-cardi-b?origin=web-hf,"Lana Del Rey Seemed To Drag Artists Like Beyoncé, Cardi B, And Ariana Grande In A Statement On Instagram, And People Are Pissed",,20200522-0300
/watch/video/105538,Can These Exes Be Friends?,,20200522-0300
https://www.buzzfeednews.com/article/michaelblackmon/lana-del-rey-instagram-post-race?origin=web-hf,This Is Why People Are Mad At Lana Del Rey,,20200522-0300
https://www.buzzfeed.com/katdo0907/the-office-and-friends-polls-1v8n4ssmtp?origin=web-hf,"These Polls Are For Fans Of ""Friends"" And ""The Office"" Only",,20200522-0300
https://www.buzzfeed.com/hannahryan/refugees-phones-australia-whatsapp-interview?origin=web-hf,I Made A Group Chat With Refugees To Ask Them About Australia Wanting To Take Their Phones,,20200522-0300
https://www.buzzfeed.com/daniellaemanuel/water-popsicles-tiktok?origin=web-hf,"A Mom On TikTok Makes ""Water Popsicles"" For Her Kids And I'm Cracking Up",,20200522-0300
https://www.buzzfeed.com/farrahpenn/new-ya-books-spring-2020?origin=web-hf,Here Are The 15 Young Adult Books We're Loving This Spring,,20200522-0300
https://www.buzzfeed.com/stephenlaconte/oprah-winfrey-big-cabbage-instagram?origin=web-hf,"Oprah Grew A Cabbage So Big She Could Barely Carry It, And You Really Need To See It To Believe It's Real",,20200522-0300
https://www.buzzfeed.com/kristatorres/little-bugs-live-in-strawberries-so-you-should-al?origin=web-hf,"If You Wash Berries In Salt Water, Little Bugs Will Start To Crawl Out",,20200522-0300
https://www.buzzfeed.com/ryanschocket2/people-are-sharing-the-worst-coworker-theyve-worked-with?origin=web-hf,"People Are Sharing The Worst Coworker They've Worked With And Wow, Just Wow",,20200522-0300
/watch/video/102332,"I Followed Bretman Rock's Oldest And Newest Makeup Tutorial
""This could either be a revelation or a giant mistake.""",,20200522-0300
https://www.buzzfeed.com/victoriagasparowicz/dark-moments-from-kids-movies-that-are-probably-still?origin=web-hf,22 Unexpectedly Dark Kids Movie Moments That People Wish They Could Forget,,20200522-0300
https://www.buzzfeed.com/chilifritos1234/plan-a-wedding-a-well-tell-which-the-office-char-cvj3ackoya?origin=web-hf,"Design Your Dream Wedding And We'll Tell You Which Character From ""The Office"" You Belong With",,20200522-0300
https://www.buzzfeed.com/lyapalater/the-bar-is-so-low-that-im-emotion-because-adam-sa?origin=web-hf,The Bar Is So Low That I'm Emo Over Adam Sandler Buying Tampons For The Women In His Life,,20200522-0300
https://www.buzzfeed.com/mjs538/a-news-clip-from-go-topless-jeep-weekend-is-going-viral?origin=web-hf,"A Video From ""Go Topless Jeep Weekend"" Is Going Viral Because ""Not Even SNL Could Write Something This Ridiculous""",,20200522-0300
https://www.buzzfeed.com/jasminsuknanan/useful-beauty-products-on-sale?origin=web-hf,23 Useful Beauty Products You'll Probably Be Very Glad You Got On Sale,,20200522-0300
https://www.buzzfeed.com/hbraga/sephora-memorial-day-sale?origin=web-hf,Sephora Has Tons Of Products On Sale For Up To 50% Off Right Now,,20200522-0300
https://www.buzzfeed.com/buzzfeedoznews/bye-buzzfeed-oz-news?origin=web-hf,This Is BuzzFeed News Australia’s Last Day. Here Are 37 Of Our Favourite Stories.,,20200522-0300
https://www.buzzfeednews.com/article/tanyachen/a-man-is-being-trolled-for-making-a-leather-face-mask?origin=web-hf,This Guy Is Being Trolled After He Shared His Design For A Cool-Looking Leather Face Mask,,20200522-0300
/watch/video/105809,"The ""Outer Banks"" Cast Answers Your Burning Questions
Your favorite Pogues return as the cast of the hit Netflix series “Outer Banks” (Chase Stokes, Madelyn Cline, Madison Bailey, Rudy Pankow, and Jonathan Daviss) all sit down to answer your burning questions, from how their lives have changed since the show’s debut, to what they think will happen in season two, all the way to which major roles they’ve auditioned for in the past but didn’t get…which leads to one cast member revealing that he very nearly spent some time in a galaxy far, far away.",,20200522-0300
https://www.buzzfeed.com/jmihaly/fathers-day-gifts-dads-wont-pretend?origin=web-hf,31 Father’s Day Gifts That Dads Won’t Have To Pretend To Like,,20200522-0300
https://www.buzzfeednews.com/article/rubycramer/joe-biden-tara-reade-allegations-senate-2020?origin=web-hf,Tara Reade Stood Apart In Joe Biden's 1990s Senate Staff,,20200522-0300
https://www.buzzfeed.com/lakenbrooks222/we-know-your-soulmates-initials-based-on-the-shak-3thj8kp21b?origin=web-hf,We Know Your Soulmate's Initials Based On The Shakespearean Insults You Use To Describe Your Ex,,20200522-0300
https://www.buzzfeed.com/yiyang/target-memorial-day-sale?origin=web-hf,All The Best Memorial Day Deals At Target,,20200522-0300
https://www.buzzfeed.com/kristatorres/jason-derulos-tried-to-eat-corn-off-a-power-drill?origin=web-hf,Jason Derulo Tried To Eat Corn Off A Power Drill And Things Did Not Go Well,,20200522-0300
https://www.buzzfeed.com/eleanorbate/gigi-hadid-pregnant-during-fashion-week?origin=web-hf,"Gigi Hadid Opened Up About Being ""A Few Months"" Pregnant During Fashion Week And How Her Body Has Changed",,20200522-0300
https://www.buzzfeed.com/samanthawieder/overstocks-memorial-day-blowout-sale-2020?origin=web-hf,All The Best Deals At Overstock's Memorial Day Sale,,20200522-0300
https://www.buzzfeed.com/lilianastephens21/make-a-friends-episode-and-ill-tell-you-which-fri-a59ionup2o?origin=web-hf,"Make A ""Friends"" Episode And I'll Tell You Which Character You Are",,20200522-0300
/watch/video/103610,Gadiel Gets Financial Tips For Surviving This Pandemic,,20200522-0300
https://www.buzzfeed.com/whitneyjefferson/joaquin-phoenix-and-rooney-mara-baby-tweets?origin=web-hf,18 Perfect Tweets About Joaquin Phoenix And Rooney Mara Having A Baby,,20200522-0300
https://www.buzzfeed.com/swiftienerd/do-you-agree-with-these-unpopular-book-opinions-e47xhgqlig?origin=web-hf,Do You Actually Agree With These Controversial Book Opinions?,,20200522-0300
https://www.buzzfeed.com/isabellalouise/this-visual-quiz-will-reveal-which-elemental-bendi-687v2it35g?origin=web-hf,"This Visual Quiz Will Reveal Which ""Avatar: The Last Airbender"" Element You'd Master",,20200522-0300
https://www.buzzfeed.com/racheldunkel/sur-la-table-summer-sale?origin=web-hf,"There's A Huge Sale At Sur La Table Right Now, So It Might Be Time To Upgrade Your Kitchen Tools",,20200522-0300
https://www.buzzfeednews.com/article/salvadorhernandez/coronavirus-victim-white-house-butler-wilson-jerman?origin=web-hf,A White House Butler Who Worked For 11 US Presidents Died Of The Coronavirus,,20200522-0300
https://www.buzzfeed.com/kirbybeaton/books-recommendations-traveling?origin=web-hf,19 Books To Read During Quarantine To Make You Feel Like You're Traveling,,20200522-0300
https://www.buzzfeed.com/kaylaboyd/fathers-day-gifts?origin=web-hf,34 Of The Best Father's Day Gifts To Give This Year,,20200522-0300
https://www.buzzfeed.com/shelbyheinrich/tiktok-music-festival-viral-heartwarming?origin=web-hf,"These Siblings On TikTok Threw Their Brother A Music Festival In Their Backyard Based On Lollapalooza, And It's Actually Really Heartwarming",,20200522-0300
/watch/video/103666,"Black Family Tries Each Others' Chocolate Chip Cookies
""I'm lactose intolerant, I don't need this!""",,20200522-0300
https://www.buzzfeed.com/malloryannp/fathers-day-gifts-over-35?origin=web-hf,50 Splurge-Worthy Gifts To Surprise Your Dad With This Father's Day,,20200522-0300
https://www.buzzfeed.com/angelicaamartinez/tiktok-vintage-makeup?origin=web-hf,TikTok Taught Me How Wild Vintage Makeup Compacts Were And I Desperately Need Them To Make A Comeback,,20200522-0300
https://www.buzzfeed.com/christopherhudspeth/photos-of-the-pandemic-world-different?origin=web-hf,19 Photos of Life Today That Would've Blown Your Mind A Year Ago,,20200522-0300
https://www.buzzfeed.com/lyapalater/heres-everything-new-coming-to-netflix-this-week-5-21?origin=web-hf,"Here's Everything New Coming To Netflix This Week, Starting May 21",,20200522-0300
https://www.buzzfeed.com/giannaudes/choose-celebrities-a-z-and-ill-tell-you-what-to-d-2r0na9k1lv?origin=web-hf,Choose A Celebrity For Every Letter Of The Alphabet And We'll Give You A New Activity To Try While You're At Home,,20200522-0300
https://www.buzzfeed.com/audreyworboys/disney-movie-region-would-you-rather?origin=web-hf,"You Can Only Save One Disney Movie From Each Of These Regions, The Rest Are Deleted Forever",,20200522-0300
https://www.buzzfeed.com/morganmurrell/serena-williams-daughter-instagram?origin=web-hf,Excuse Me While I Try To Contain My Baby Fever While Watching Serena Williams And Her Daughter,,20200522-0300
https://www.buzzfeed.com/briangalindo/queer-eye-new-season-5-trailer-netflix?origin=web-hf,"The Trailer For Season 5 Of ""Queer Eye"" Just Dropped And I Already Cried Six Times Watching It",,20200522-0300
/watch/video/103443,Japanese And Mexican People Swap Board Games,,20200522-0300
https://www.buzzfeed.com/nataliebrown/products-youll-probably-use-every-single-day-2020?origin=web-hf,30 Products So Effective You'll Probably Use Them Every Single Day,,20200522-0300
https://www.buzzfeed.com/genevievescarano/fitness-fathers-day-for-athletic-dads?origin=web-hf,30 Father's Day Gifts For The Dad Who Loves To Exercise,,20200522-0300
https://www.buzzfeednews.com/article/katebubacz/photos-michigan-flooding-dams?origin=web-hf,Dramatic Photos Show Massive Flooding After Two Dams Collapsed In Michigan,,20200522-0300
https://www.buzzfeed.com/shelbyheinrich/high-school-trivia-quiz?origin=web-hf,Half The Population Can't Pass This High School Simulation Without Cheating — Can You?,,20200522-0300
https://www.buzzfeed.com/benhenry/jojo-siwa-candy-themed-bedroom?origin=web-hf,JoJo Siwa Fans Came To Her Defence After A Video Of Her Candy Themed-Bedroom Sparked A Debate About Her Age,,20200522-0300
https://www.buzzfeednews.com/article/salvadorhernandez/naval-air-station-terrorism-corpus-christi?origin=web-hf,"A Shooting At A Naval Air Station In Texas Was Terrorism-Related, The FBI Said",,20200522-0300
https://www.buzzfeed.com/sydrobinson1/commonly-misspelled-words-spelling-quiz?origin=web-hf,These Are 15 Of The Most Commonly Misspelled Words — Think You Can Spell Them Right?,,20200522-0300
https://www.buzzfeed.com/laurengarafano/masked-singer-season-3-reveals?origin=web-hf,"18 Famous People Who Were Unmasked On Season 3 Of ""The Masked Singer""",,20200522-0300
https://www.buzzfeednews.com,BuzzFeed NewsReporting on what you care about. We hold major institutions accountable and expose wrongdoing.,,20200522-0330
https://www.tasty.co,"BuzzFeed TastySearch, watch, and cook every single Tasty recipe and video ever - all in one place!",,20200522-0330
https://www.buzzfeed.com/goodful,"BuzzFeed GoodfulSelf care and ideas to help you live a healthier, happier life.",,20200522-0330
https://www.buzzfeed.com/bringme,"BuzzFeed Bring MeObsessed with travel? Discover unique things to do, places to eat, and sights to see in the best destinations around the world with Bring Me!",,20200522-0330
https://www.buzzfeed.com/asis,"BuzzFeed As IsSomething for everyone interested in hair, makeup, style, and body positivity.",,20200522-0330
https://www.buzzfeed.com/ryanschocket2/people-are-sharing-the-worst-coworker-theyve-worked-with?ref=hpsplash&origin=spl,"People Are Sharing The Worst Coworker They’ve Worked With And Wow, Just Wow",,20200522-0330
https://www.buzzfeed.com/yiyang/futuristic-products-thatll-probably-make-you-feel-like?origin=hpp,35 Futuristic Products That’ll Probably Make You Feel Like You’re Living In 3020,,20200522-0330
https://www.buzzfeed.com/newsletters?ref=hplego,"WTF Is Happening Today? BuzzFeed Newsletters Can Help!
We have newsletters to help you stay in the loop AND newsletters to help you forget! Try one today!",,20200522-0330
https://www.buzzfeed.com/zipporkella/what-percent-typical-nerd-are-you-c09ywjxe9m?origin=web-hf,"If You Check Off At Least 17/26 Things On This List, Then You're A Total Nerd",,20200522-0330
https://www.buzzfeed.com/tessafahey/iconic-rom-com-checklist?origin=web-hf,"If You've Seen 60/120 Of These Famous Romantic Comedies, You're Completely Obsessed With Rom-Coms",,20200522-0330
https://www.buzzfeed.com/andrewziegler/quiz-party?origin=shp,"You Can Now Take BuzzFeed Quizzes In Real Time With Your Friends — You’re Welcome
Let’s get this party started.",,20200522-0330
https://www.buzzfeed.com/jenniferabidor/friends-a-to-z?origin=shp,"This ""Friends"" A–Z Quiz Will Reveal Which Main Character You Are",,20200522-0330
https://www.buzzfeed.com/sarahaspler/taste-in-disney-movies-age-quiz?origin=shp,Can We Accurately Guess Your Age Based On Your Taste In Disney Movies?,,20200522-0330
https://www.buzzfeed.com/andrewziegler/quiz-romantic-type?origin=shp,There Are Actually Only Four Romantic Types And We Can Accurately Guess Yours,,20200522-0330
https://www.buzzfeed.com/sarahaspler/everyone-has-a-fruit-that-matches-their-personalit?origin=shp,Everyone Has A Fruit That Matches Their Personality – Here’s Yours,,20200522-0330
https://www.buzzfeed.com/quizparty,Keep the quiz party going,,20200522-0330
https://www.buzzfeed.com/mikespohr/mindblowing-facts?origin=web-hf,18 Random Facts That Absolutely Blew People's Minds On Twitter,,20200522-0330
https://www.buzzfeed.com/noradominick/celeb-iconic-characters-trivia-quiz?origin=web-hf,Most People Can't Tell These Celebs' Iconic Characters Apart — Can You?,,20200522-0330
https://www.buzzfeed.com/maitlandquitmeyer/best-memorial-day-sales-deals-2020?origin=hshp,"All The Best Memorial Day Weekend Deals
The savings start now.",,20200522-0330
https://www.buzzfeed.com/kaylasuazo/all-the-best-memorial-day-mattress-sales-2020?origin=hshp,All Of The Best Memorial Day Mattress Sales,,20200522-0330
https://www.buzzfeed.com/emmalord9/best-deals-wayfair-memorial-day-sale?origin=hshp,All The Best Deals At Wayfair's Memorial Day Sale,,20200522-0330
https://www.buzzfeed.com/abbykass/zappos-memorial-day-sale?origin=hshp,You Can Save On *So* Many Popular Shoes During The Zappos Memorial Day Sale,,20200522-0330
https://www.buzzfeed.com/elenamgarcia/dyson-is-having-a-pretty-major-memorial-day-sale-no-better?origin=hshp,Dyson Is Having A Pretty Major Memorial Day Sale — No Better Time Than Now To Get Yourself A New Vacuum,,20200522-0330
https://www.buzzfeed.com/shopping?origin=hshp,See more great product recommendations,,20200522-0330
https://www.buzzfeed.com/tatianatenreyrowhitlock/funniest-tweets-lana-del-rey-instagram-post-drama?origin=web-hf,15 Funny Tweets About The Lana Del Rey Instagram Post Drama,,20200522-0330
/watch/video/102294,"We Didn't Use Toilet Paper For A Week 
Auri gets Steve to try reusable toilet paper, will he like it?",,20200522-0330
https://www.buzzfeed.com/huynht2510/can-we-guess-your-most-recent-emoji-by-this-quiz-eqcv8mgpxb?origin=web-hf,Design Your Very Own Dream Home And We'll Accurately Guess Your Most-Used Emoji,,20200522-0330
https://www.buzzfeednews.com/article/davidmack/coronavirus-trump-test-positive-negative-answer-video?origin=shp,"Positive News! Trump Says He Tested Positively, Which Means Negative, For The Coronavirus.
“But that’s a way of saying it: positively toward the negative.”
9 hours ago",,20200522-0330
https://www.buzzfeednews.com/article/janelytvynenko/coronavirus-spin-doctors?origin=shp,These Are The Fake Experts Pushing Pseudoscience And Conspiracy Theories About The Coronavirus Pandemic,,20200522-0330
https://www.buzzfeednews.com/article/clarissajanlim/doctor-congressional-hearing-coronavirus-second-wave-ppe?origin=shp,"A Doctor Told Lawmakers The Country Is Not ""Prepared For A Second Wave"" Of The Coronavirus",,20200522-0330
https://www.buzzfeednews.com/article/meghara/qatar-coronavirus-tracking-app-mandatory?origin=shp,Qatar Has Made Its Coronavirus Contact Tracing App Mandatory,,20200522-0330
https://www.buzzfeednews.com/article/lamvo/coronavirus-update-charts-unemployment-claims-laid-off-jobs?origin=shp,These Updating Charts Show The Record Number Of Americans Filing Unemployment Claims,,20200522-0330
https://bzfd.it/noc-show,The daily News O'Clock podcast is here.,,20200522-0330
https://www.buzzfeed.com/jenniferabidor/jokes-about-disney-villains?origin=web-hf,21 Times The Internet Roasted The Disney Villains,,20200522-0330
https://www.buzzfeed.com/tatianatenreyrowhitlock/lana-del-rey-responds-to-backlash-over-instagram-post?origin=web-hf,"Lana Del Rey Responded To The Backlash Toward Her Instagram Post, Saying She's Sad People Made It A ""WOC Issue""",,20200522-0330
https://www.buzzfeed.com/farrahpenn/finals-week-zoom-university-fails?origin=web-hf,18 Times The Students Of Zoom University Really Struggled Through Finals Week,,20200522-0330
https://www.buzzfeednews.com/article/laurenstrapagiel/influencers-say-instagram-is-more-likely-to-remove-photos?origin=web-hf,"Influencers Say Instagram Is Biased Against Plus-Size Bodies, And They May Be Right",,20200522-0330
https://www.buzzfeed.com/mjs538/early-2000s-pictures-for-millennials?origin=web-hf,33 Pictures That Millennials Will Have To Explain To Generation Alpha Someday,,20200522-0330
https://www.buzzfeed.com/victoriavouloumanos/stars-who-are-mixed-asian-pacific-islander?origin=shp,"34 Multiracial Celebs Who Are Actually Asian Or Pacific Islander
Relatable and inspirational icons, all of ‘em.",,20200522-0330
https://www.buzzfeed.com/nusrat21/a-guide-for-people-new-to-bollywood?origin=shp,30 Bollywood Films That Everyone Absolutely Must See,,20200522-0330
https://www.buzzfeed.com/michellemkim/asian-male-celebs-thirst?origin=shp,21 Asian Male Celebs That Have Us Feeling Oh So Very Thirsty,,20200522-0330
https://www.buzzfeed.com/michellemkim/which-anime-best-boy-are-you?origin=shp,Quiz: Which Anime Best Boy Are You?,,20200522-0330
https://www.buzzfeed.com/badge/apahm2020,See all of our APAHM coverage here,,20200522-0330
/watch/video/99501,"Boricua From The Island vs The Mainland 
Love one another, Puerto Ricans from around the world!",,20200522-0330
https://www.buzzfeed.com/briangalindo/21-tbt-photos-celebs-posted-on-instagram-may-21?origin=web-hf,Here's What Chrissy Teigen And 20 Other Celebrities Shared This Week For #TBT,,20200522-0330
https://www.buzzfeed.com/buzzfeedpromotions/get-the-best-summer-recipes-with-the-tasty-newsletter,Get The Best Spring Recipes With The Tasty Newsletter!,,20200522-0330
https://www.buzzfeednews.com/article/skbaer/ahmaud-arbery-death-william-bryan-arrest?origin=web-hf,The Man Who Recorded Video Of Ahmaud Arbery Being Shot Has Been Arrested On A Murder Charge,,20200522-0330
https://www.buzzfeed.com/morganmurrell/drake-called-kylie-jenner-side-piece-apology?origin=web-hf,"Drake Name-Dropped Kylie Jenner, Kendall Jenner, And Gigi Hadid In A Song, Then Issued An Apology Statement",,20200522-0330
https://www.buzzfeed.com/tatianatenreyrowhitlock/michael-cera-aubrey-plaza-chuck-e-cheese-pic?origin=web-hf,Michael Cera And Aubrey Plaza's Chuck E. Cheese Photo Is Legendary And Now We Have The Whole Story,,20200522-0330
https://www.buzzfeed.com/christopherhudspeth/oh-come-on-facepalm-that-sucks-things?origin=web-hf,15 Facepalm-Worthy Things Humans Recently Did During This Pandemic That Make Me Hope Aliens Aren't Watching,,20200522-0330
https://www.buzzfeed.com/sydrobinson1/before-and-after-pets-being-adopted-quarantine?origin=web-hf,21 Before-And-After Pictures Of Pets Who Were Adopted During Quarantine,,20200522-0330
https://www.buzzfeed.com/kaylayandoli/whats-your-favorite-behind-the-scenes-feud-in-tvmovie,What's The Most Iconic Behind The Scenes Feud From A TV Show Or Movie?,,20200522-0330
/watch/video/105540,"Camp Counselor Horror Stories
In honor of summer former camp counselors share their craziest, weirdest and funniest experiences from camp.",,20200522-0330
https://www.buzzfeed.com/briangalindo/chris-pratt-accidentally-deleted-over-35000-unread-emails?origin=web-hf,"Chris Pratt Accidentally Deleted More Than 35,000 Unread Emails After His Son Gasped At His Full Inbox",,20200522-0330
https://www.buzzfeed.com/isabellalouise/can-you-sort-these-hogwarts-students-in-their-righ-klzvv4gs4?origin=web-hf,Only A Hogwarts Genius Can Match The Student To The House They Were Sorted Into,,20200522-0330
https://www.buzzfeed.com/daves4/everyone-hates-but-does?origin=web-hf,27 Things Everyone On Earth Hates That They Do But Does Anyway,,20200522-0330
https://www.buzzfeed.com/hannahmarder/teen-drama-characters-that-did-not-need-to-die?origin=web-hf,20 Of The Most Tragically Unnecessary Deaths From Teen Dramas,,20200522-0330
https://www.buzzfeed.com/tessafahey/identify-avatar-the-last-airbender-characters-quiz?origin=web-hf,"If You Can Identify 30/36 Of These ""Avatar: The Last Airbender"" Characters, You're A Master Bender",,20200522-0330
https://www.buzzfeed.com/fallon2/what-hunger-games-characters-belong-in-these-hogwa-ckb6eid9yq?origin=web-hf,"Which Hogwarts Houses Do These Character From ""The Hunger Games"" Belong In?",,20200522-0330
https://www.buzzfeed.com/rosethecorgi/choose-some-food-and-revile-your-soulmates-name-7gjir6fim?origin=web-hf,"If You Really Wanna Know The First Letter Of Your Soulmate's Name, Eat Some Food And We'll Tell You",,20200522-0330
https://www.buzzfeed.com/clareaston/my-bibliotherapy-prescription?origin=web-hf,"These Six Books Were My ""Prescription"" After Attending A Bibliotherapy Session — Here's How They Helped",,20200522-0330
/watch/video/105310,"Loren Gray Reads Her Instagram DMs
Loren Gray bravely sits down to do a deep dive into her Instagram DM requests, which include supportive fans, the obligatory haters, and even some marriage proposals from complete strangers. Check out Loren’s new single “Cake” now: https://www.youtube.com/watch?v=klwWrurkjgc",,20200522-0330
https://www.buzzfeed.com/mjs538/rose-on-90-day-fiance-and-big-ed?origin=web-hf,We Need To Stop Talking About Big Ed And Start Talking About Rose,,20200522-0330
https://www.buzzfeed.com/ehisosifo1/harry-potter-letter-p-trivia-quiz?origin=web-hf,"This ""Harry Potter"" Quiz Will Separate The Wizards From The Muggles And It All Depends On The Letter P",,20200522-0330
https://www.buzzfeed.com/alliehayes/books-so-good-you-cannot-put-them-down-flipped?origin=web-hf,"21 Books That Are So Good, People Literally Could Not Put Them Down",,20200522-0330
https://www.buzzfeed.com/ehisosifo1/drastic-americas-next-top-model-makeovers?origin=web-hf,"23 ""ANTM"" Makeovers That Tyra Banks Actually Assigned To Contestants",,20200522-0330
https://www.buzzfeed.com/avaerickson04/which-disney-prince-do-you-belong-with-1mtuff45b1?origin=web-hf,Which Disney Prince Is Your Soulmate?,,20200522-0330
https://www.buzzfeed.com/christopherhudspeth/people-believed-there-was-evidence-of-a-parallel-universe?origin=web-hf,"17 Of The Funniest Tweets About The Discovery Of ""Evidence"" That A Parallel Universe Exists",,20200522-0330
https://www.buzzfeed.com/stephenlaconte/lana-del-rey-controversy-beyonce-ariana-grande-cardi-b?origin=web-hf,"Lana Del Rey Seemed To Drag Artists Like Beyoncé, Cardi B, And Ariana Grande In A Statement On Instagram, And People Are Pissed",,20200522-0330
https://www.buzzfeed.com/anoushkagadhwal/the-ultimate-harry-potter-and-the-sorcereras-sto-cn37ve6nwu?origin=web-hf,"I Bet You Can't Score 10/13 On This ""Harry Potter And The Sorcerer’s Stone"" Book Quiz",,20200522-0330
/watch/video/105538,Can These Exes Be Friends?,,20200522-0330
https://www.buzzfeednews.com/article/michaelblackmon/lana-del-rey-instagram-post-race?origin=web-hf,This Is Why People Are Mad At Lana Del Rey,,20200522-0330
https://www.buzzfeed.com/juliawilling/for-everyone-in-love-with-boxer?origin=web-hf,"Just 23 Tweets Which Capture My Filthy Desire For Boxer From ""White Lines""",,20200522-0330
https://www.buzzfeed.com/marielasummerhays01/therapy-is-for-men?origin=web-hf,"If You're A Man Who Relies On Therapy For Your Wellbeing, You're Not Alone",,20200522-0330
https://www.buzzfeed.com/daniellaemanuel/water-popsicles-tiktok?origin=web-hf,"A Mom On TikTok Makes ""Water Popsicles"" For Her Kids And I'm Cracking Up",,20200522-0330
https://www.buzzfeed.com/katdo0907/the-office-and-friends-polls-1v8n4ssmtp?origin=web-hf,"These Polls Are For Fans Of ""Friends"" And ""The Office"" Only",,20200522-0330
https://www.buzzfeed.com/stephenlaconte/oprah-winfrey-big-cabbage-instagram?origin=web-hf,"Oprah Grew A Cabbage So Big She Could Barely Carry It, And You Really Need To See It To Believe It's Real",,20200522-0330
https://www.buzzfeed.com/farrahpenn/new-ya-books-spring-2020?origin=web-hf,Here Are The 15 Young Adult Books We're Loving This Spring,,20200522-0330
https://www.buzzfeed.com/kristatorres/little-bugs-live-in-strawberries-so-you-should-al?origin=web-hf,"If You Wash Berries In Salt Water, Little Bugs Will Start To Crawl Out",,20200522-0330
/watch/video/102332,"I Followed Bretman Rock's Oldest And Newest Makeup Tutorial
""This could either be a revelation or a giant mistake.""",,20200522-0330
https://www.buzzfeed.com/hannahryan/refugees-phones-australia-whatsapp-interview?origin=web-hf,Australia Wants To Make It Easier To Take Phones Away From Refugees. I Made A Group Chat To Find Out What They Think.,,20200522-0330
https://www.buzzfeed.com/victoriagasparowicz/dark-moments-from-kids-movies-that-are-probably-still?origin=web-hf,22 Unexpectedly Dark Kids Movie Moments That People Wish They Could Forget,,20200522-0330
https://www.buzzfeed.com/chilifritos1234/plan-a-wedding-a-well-tell-which-the-office-char-cvj3ackoya?origin=web-hf,"Design Your Dream Wedding And We'll Tell You Which Character From ""The Office"" You Belong With",,20200522-0330
https://www.buzzfeed.com/lyapalater/the-bar-is-so-low-that-im-emotion-because-adam-sa?origin=web-hf,The Bar Is So Low That I'm Emo Over Adam Sandler Buying Tampons For The Women In His Life,,20200522-0330
https://www.buzzfeed.com/mjs538/a-news-clip-from-go-topless-jeep-weekend-is-going-viral?origin=web-hf,"A Video From ""Go Topless Jeep Weekend"" Is Going Viral Because ""Not Even SNL Could Write Something This Ridiculous""",,20200522-0330
https://www.buzzfeed.com/jasminsuknanan/useful-beauty-products-on-sale?origin=web-hf,23 Useful Beauty Products You'll Probably Be Very Glad You Got On Sale,,20200522-0330
https://www.buzzfeed.com/hbraga/sephora-memorial-day-sale?origin=web-hf,Sephora Has Tons Of Products On Sale For Up To 50% Off Right Now,,20200522-0330
https://www.buzzfeed.com/buzzfeedoznews/bye-buzzfeed-oz-news?origin=web-hf,This Is BuzzFeed News Australia’s Last Day. Here Are 37 Of Our Favourite Stories.,,20200522-0330
/watch/video/105809,"The ""Outer Banks"" Cast Answers Your Burning Questions
Your favorite Pogues return as the cast of the hit Netflix series “Outer Banks” (Chase Stokes, Madelyn Cline, Madison Bailey, Rudy Pankow, and Jonathan Daviss) all sit down to answer your burning questions, from how their lives have changed since the show’s debut, to what they think will happen in season two, all the way to which major roles they’ve auditioned for in the past but didn’t get…which leads to one cast member revealing that he very nearly spent some time in a galaxy far, far away.",,20200522-0330
https://www.buzzfeednews.com/article/tanyachen/a-man-is-being-trolled-for-making-a-leather-face-mask?origin=web-hf,This Guy Is Being Trolled After He Shared His Design For A Cool-Looking Leather Face Mask,,20200522-0330
https://www.buzzfeed.com/jmihaly/fathers-day-gifts-dads-wont-pretend?origin=web-hf,31 Father’s Day Gifts That Dads Won’t Have To Pretend To Like,,20200522-0330
https://www.buzzfeednews.com/article/rubycramer/joe-biden-tara-reade-allegations-senate-2020?origin=web-hf,Tara Reade Stood Apart In Joe Biden's 1990s Senate Staff,,20200522-0330
https://www.buzzfeed.com/lakenbrooks222/we-know-your-soulmates-initials-based-on-the-shak-3thj8kp21b?origin=web-hf,We Know Your Soulmate's Initials Based On The Shakespearean Insults You Use To Describe Your Ex,,20200522-0330
https://www.buzzfeed.com/yiyang/target-memorial-day-sale?origin=web-hf,All The Best Memorial Day Deals At Target,,20200522-0330
https://www.buzzfeed.com/kristatorres/jason-derulos-tried-to-eat-corn-off-a-power-drill?origin=web-hf,Jason Derulo Tried To Eat Corn Off A Power Drill And Things Did Not Go Well,,20200522-0330
https://www.buzzfeed.com/eleanorbate/gigi-hadid-pregnant-during-fashion-week?origin=web-hf,"Gigi Hadid Opened Up About Being ""A Few Months"" Pregnant During Fashion Week And How Her Body Has Changed",,20200522-0330
https://www.buzzfeed.com/samanthawieder/overstocks-memorial-day-blowout-sale-2020?origin=web-hf,All The Best Deals At Overstock's Memorial Day Sale,,20200522-0330
/watch/video/103610,Gadiel Gets Financial Tips For Surviving This Pandemic,,20200522-0330
https://www.buzzfeed.com/lilianastephens21/make-a-friends-episode-and-ill-tell-you-which-fri-a59ionup2o?origin=web-hf,"Make A ""Friends"" Episode And I'll Tell You Which Character You Are",,20200522-0330
https://www.buzzfeed.com/whitneyjefferson/joaquin-phoenix-and-rooney-mara-baby-tweets?origin=web-hf,18 Perfect Tweets About Joaquin Phoenix And Rooney Mara Having A Baby,,20200522-0330
https://www.buzzfeed.com/swiftienerd/do-you-agree-with-these-unpopular-book-opinions-e47xhgqlig?origin=web-hf,Do You Actually Agree With These Controversial Book Opinions?,,20200522-0330
https://www.buzzfeed.com/isabellalouise/this-visual-quiz-will-reveal-which-elemental-bendi-687v2it35g?origin=web-hf,"This Visual Quiz Will Reveal Which ""Avatar: The Last Airbender"" Element You'd Master",,20200522-0330
https://www.buzzfeed.com/racheldunkel/sur-la-table-summer-sale?origin=web-hf,In Need Of Some New Kitchen Tools? Sur La Table's Summer Sale Is Here To Help,,20200522-0330
https://www.buzzfeednews.com/article/salvadorhernandez/coronavirus-victim-white-house-butler-wilson-jerman?origin=web-hf,A White House Butler Who Worked For 11 US Presidents Died Of The Coronavirus,,20200522-0330
https://www.buzzfeed.com/kirbybeaton/books-recommendations-traveling?origin=web-hf,19 Books To Read During Quarantine To Make You Feel Like You're Traveling,,20200522-0330
https://www.buzzfeed.com/kaylaboyd/fathers-day-gifts?origin=web-hf,34 Of The Best Father's Day Gifts To Give This Year,,20200522-0330
/watch/video/103666,"Black Family Tries Each Others' Chocolate Chip Cookies
""I'm lactose intolerant, I don't need this!""",,20200522-0330
https://www.buzzfeed.com/shelbyheinrich/tiktok-music-festival-viral-heartwarming?origin=web-hf,"These Siblings On TikTok Threw Their Brother His Very Own Music Festival In Quarantine, And It's Officially Gone Viral",,20200522-0330
https://www.buzzfeed.com/malloryannp/fathers-day-gifts-over-35?origin=web-hf,50 Splurge-Worthy Gifts To Surprise Your Dad With This Father's Day,,20200522-0330
https://www.buzzfeed.com/angelicaamartinez/tiktok-vintage-makeup?origin=web-hf,TikTok Taught Me How Wild Vintage Makeup Compacts Were And I Desperately Need Them To Make A Comeback,,20200522-0330
https://www.buzzfeed.com/christopherhudspeth/photos-of-the-pandemic-world-different?origin=web-hf,19 Photos of Life Today That Would've Blown Your Mind A Year Ago,,20200522-0330
https://www.buzzfeed.com/lyapalater/heres-everything-new-coming-to-netflix-this-week-5-21?origin=web-hf,"Here's Everything New Coming To Netflix This Week, Starting May 21",,20200522-0330
https://www.buzzfeed.com/audreyworboys/disney-movie-region-would-you-rather?origin=web-hf,"You Can Only Save One Disney Movie From Each Of These Regions, The Rest Are Deleted Forever",,20200522-0330
https://www.buzzfeed.com/giannaudes/choose-celebrities-a-z-and-ill-tell-you-what-to-d-2r0na9k1lv?origin=web-hf,Choose A Celebrity For Every Letter Of The Alphabet And We'll Give You A New Activity To Try While You're At Home,,20200522-0330
https://www.buzzfeed.com/morganmurrell/serena-williams-daughter-instagram?origin=web-hf,Excuse Me While I Try To Contain My Baby Fever While Watching Serena Williams And Her Daughter,,20200522-0330
/watch/video/103443,Japanese And Mexican People Swap Board Games,,20200522-0330
https://www.buzzfeed.com/briangalindo/queer-eye-new-season-5-trailer-netflix?origin=web-hf,"The Trailer For Season 5 Of ""Queer Eye"" Just Dropped And I Already Cried Six Times Watching It",,20200522-0330
https://www.buzzfeed.com/genevievescarano/fitness-fathers-day-for-athletic-dads?origin=web-hf,30 Father's Day Gifts For The Dad Who Loves To Exercise,,20200522-0330
https://www.buzzfeed.com/nataliebrown/products-youll-probably-use-every-single-day-2020?origin=web-hf,30 Products So Effective You'll Probably Use Them Every Single Day,,20200522-0330
https://www.buzzfeednews.com/article/katebubacz/photos-michigan-flooding-dams?origin=web-hf,Dramatic Photos Show Massive Flooding After Two Dams Collapsed In Michigan,,20200522-0330
https://www.buzzfeed.com/shelbyheinrich/high-school-trivia-quiz?origin=web-hf,Half The Population Can't Pass This High School Simulation Without Cheating — Can You?,,20200522-0330
https://www.buzzfeed.com/benhenry/jojo-siwa-candy-themed-bedroom?origin=web-hf,JoJo Siwa Fans Came To Her Defence After A Video Of Her Candy Themed-Bedroom Sparked A Debate About Her Age,,20200522-0330
https://www.buzzfeed.com/sydrobinson1/commonly-misspelled-words-spelling-quiz?origin=web-hf,These Are 15 Of The Most Commonly Misspelled Words — Think You Can Spell Them Right?,,20200522-0330
https://www.buzzfeednews.com/article/salvadorhernandez/naval-air-station-terrorism-corpus-christi?origin=web-hf,"A Shooting At A Naval Air Station In Texas Was Terrorism-Related, The FBI Said",,20200522-0330
https://www.buzzfeednews.com,BuzzFeed NewsReporting on what you care about. We hold major institutions accountable and expose wrongdoing.,,20200522-0400
https://www.tasty.co,"BuzzFeed TastySearch, watch, and cook every single Tasty recipe and video ever - all in one place!",,20200522-0400
https://www.buzzfeed.com/goodful,"BuzzFeed GoodfulSelf care and ideas to help you live a healthier, happier life.",,20200522-0400
https://www.buzzfeed.com/bringme,"BuzzFeed Bring MeObsessed with travel? Discover unique things to do, places to eat, and sights to see in the best destinations around the world with Bring Me!",,20200522-0400
https://www.buzzfeed.com/asis,"BuzzFeed As IsSomething for everyone interested in hair, makeup, style, and body positivity.",,20200522-0400
https://www.buzzfeed.com/ryanschocket2/people-are-sharing-the-worst-coworker-theyve-worked-with?origin=spl&ref=hpsplash,"People Are Sharing The Worst Coworker They’ve Worked With And Wow, Just Wow",,20200522-0400
https://www.buzzfeed.com/yiyang/futuristic-products-thatll-probably-make-you-feel-like?origin=hpp,35 Futuristic Products That’ll Probably Make You Feel Like You’re Living In 3020,,20200522-0400
https://www.buzzfeed.com/newsletters?ref=hplego,"WTF Is Happening Today? BuzzFeed Newsletters Can Help!
We have newsletters to help you stay in the loop AND newsletters to help you forget! Try one today!",,20200522-0400
https://www.buzzfeed.com/zipporkella/what-percent-typical-nerd-are-you-c09ywjxe9m?origin=web-hf,"If You Check Off At Least 17/26 Things On This List, Then You're A Total Nerd",,20200522-0400
https://www.buzzfeed.com/mikespohr/mindblowing-facts?origin=web-hf,18 Random Facts That Absolutely Blew People's Minds On Twitter,,20200522-0400
https://www.buzzfeed.com/andrewziegler/quiz-party?origin=shp,"You Can Now Take BuzzFeed Quizzes In Real Time With Your Friends — You’re Welcome
Let’s get this party started.",,20200522-0400
https://www.buzzfeed.com/jenniferabidor/friends-a-to-z?origin=shp,"This ""Friends"" A–Z Quiz Will Reveal Which Main Character You Are",,20200522-0400
https://www.buzzfeed.com/sarahaspler/taste-in-disney-movies-age-quiz?origin=shp,Can We Accurately Guess Your Age Based On Your Taste In Disney Movies?,,20200522-0400
https://www.buzzfeed.com/andrewziegler/quiz-romantic-type?origin=shp,There Are Actually Only Four Romantic Types And We Can Accurately Guess Yours,,20200522-0400
https://www.buzzfeed.com/sarahaspler/everyone-has-a-fruit-that-matches-their-personalit?origin=shp,Everyone Has A Fruit That Matches Their Personality – Here’s Yours,,20200522-0400
https://www.buzzfeed.com/quizparty,Keep the quiz party going,,20200522-0400
https://www.buzzfeed.com/tessafahey/iconic-rom-com-checklist?origin=web-hf,How Many Iconic Rom-Coms Have You Actually Seen?,,20200522-0400
https://www.buzzfeed.com/tatianatenreyrowhitlock/funniest-tweets-lana-del-rey-instagram-post-drama?origin=web-hf,15 Funny Tweets About The Lana Del Rey Instagram Post Drama,,20200522-0400
https://www.buzzfeed.com/maitlandquitmeyer/best-memorial-day-sales-deals-2020?origin=hshp,"All The Best Memorial Day Weekend Deals
The savings start now.",,20200522-0400
https://www.buzzfeed.com/kaylasuazo/all-the-best-memorial-day-mattress-sales-2020?origin=hshp,All Of The Best Memorial Day Mattress Sales,,20200522-0400
https://www.buzzfeed.com/emmalord9/best-deals-wayfair-memorial-day-sale?origin=hshp,All The Best Deals At Wayfair's Memorial Day Sale,,20200522-0400
https://www.buzzfeed.com/abbykass/zappos-memorial-day-sale?origin=hshp,You Can Save On *So* Many Popular Shoes During The Zappos Memorial Day Sale,,20200522-0400
https://www.buzzfeed.com/elenamgarcia/dyson-is-having-a-pretty-major-memorial-day-sale-no-better?origin=hshp,Dyson Is Having A Pretty Major Memorial Day Sale — No Better Time Than Now To Get Yourself A New Vacuum,,20200522-0400
https://www.buzzfeed.com/shopping?origin=hshp,See more great product recommendations,,20200522-0400
https://www.buzzfeed.com/noradominick/celeb-iconic-characters-trivia-quiz?origin=web-hf,These Iconic TV And Movie Characters Were Played By The Same Actor — Can You Tell Them Apart?,,20200522-0400
/watch/video/102294,"We Didn't Use Toilet Paper For A Week 
Auri gets Steve to try reusable toilet paper, will he like it?",,20200522-0400
https://www.buzzfeed.com/huynht2510/can-we-guess-your-most-recent-emoji-by-this-quiz-eqcv8mgpxb?origin=web-hf,Design Your Very Own Dream Home And We'll Accurately Guess Your Most-Used Emoji,,20200522-0400
https://www.buzzfeednews.com/article/davidmack/coronavirus-trump-test-positive-negative-answer-video?origin=shp,"Positive News! Trump Says He Tested Positively, Which Means Negative, For The Coronavirus.
“But that’s a way of saying it: positively toward the negative.”
9 hours ago",,20200522-0400
https://www.buzzfeednews.com/article/janelytvynenko/coronavirus-spin-doctors?origin=shp,These Are The Fake Experts Pushing Pseudoscience And Conspiracy Theories About The Coronavirus Pandemic,,20200522-0400
https://www.buzzfeednews.com/article/clarissajanlim/doctor-congressional-hearing-coronavirus-second-wave-ppe?origin=shp,"A Doctor Told Lawmakers The Country Is Not ""Prepared For A Second Wave"" Of The Coronavirus",,20200522-0400
https://www.buzzfeednews.com/article/meghara/qatar-coronavirus-tracking-app-mandatory?origin=shp,Qatar Has Made Its Coronavirus Contact Tracing App Mandatory,,20200522-0400
https://www.buzzfeednews.com/article/lamvo/coronavirus-update-charts-unemployment-claims-laid-off-jobs?origin=shp,These Updating Charts Show The Record Number Of Americans Filing Unemployment Claims,,20200522-0400
https://bzfd.it/noc-show,The daily News O'Clock podcast is here.,,20200522-0400
https://www.buzzfeed.com/jenniferabidor/jokes-about-disney-villains?origin=web-hf,21 Times The Internet Roasted The Disney Villains,,20200522-0400
https://www.buzzfeed.com/tatianatenreyrowhitlock/lana-del-rey-responds-to-backlash-over-instagram-post?origin=web-hf,"Lana Del Rey Responded To The Backlash Toward Her Instagram Post, Saying She's Sad People Made It A ""WOC Issue""",,20200522-0400
https://www.buzzfeed.com/farrahpenn/finals-week-zoom-university-fails?origin=web-hf,18 Times The Students Of Zoom University Really Struggled Through Finals Week,,20200522-0400
https://www.buzzfeednews.com/article/laurenstrapagiel/influencers-say-instagram-is-more-likely-to-remove-photos?origin=web-hf,"Influencers Say Instagram Is Biased Against Plus-Size Bodies, And They May Be Right",,20200522-0400
https://www.buzzfeed.com/mjs538/early-2000s-pictures-for-millennials?origin=web-hf,33 Pictures That Millennials Will Have To Explain To Generation Alpha Someday,,20200522-0400
https://www.buzzfeed.com/victoriavouloumanos/stars-who-are-mixed-asian-pacific-islander?origin=shp,"34 Multiracial Celebs Who Are Actually Asian Or Pacific Islander
Relatable and inspirational icons, all of ‘em.",,20200522-0400
https://www.buzzfeed.com/nusrat21/a-guide-for-people-new-to-bollywood?origin=shp,30 Bollywood Films That Everyone Absolutely Must See,,20200522-0400
https://www.buzzfeed.com/michellemkim/asian-male-celebs-thirst?origin=shp,21 Asian Male Celebs That Have Us Feeling Oh So Very Thirsty,,20200522-0400
https://www.buzzfeed.com/michellemkim/which-anime-best-boy-are-you?origin=shp,Quiz: Which Anime Best Boy Are You?,,20200522-0400
https://www.buzzfeed.com/badge/apahm2020,See all of our APAHM coverage here,,20200522-0400
/watch/video/99501,"Boricua From The Island vs The Mainland 
Love one another, Puerto Ricans from around the world!",,20200522-0400
https://www.buzzfeed.com/briangalindo/21-tbt-photos-celebs-posted-on-instagram-may-21?origin=web-hf,Here's What Chrissy Teigen And 20 Other Celebrities Shared This Week For #TBT,,20200522-0400
https://www.buzzfeed.com/buzzfeedresearch/civicscience-main3-buzz,Let Your Voice Be Heard. Tell Us Your Opinions!,,20200522-0400
https://www.buzzfeednews.com/article/skbaer/ahmaud-arbery-death-william-bryan-arrest?origin=web-hf,The Man Who Recorded Video Of Ahmaud Arbery Being Shot Has Been Arrested On A Murder Charge,,20200522-0400
https://www.buzzfeed.com/morganmurrell/drake-called-kylie-jenner-side-piece-apology?origin=web-hf,"Drake Name-Dropped Kylie Jenner, Kendall Jenner, And Gigi Hadid In A Song, Then Issued An Apology Statement",,20200522-0400
https://www.buzzfeed.com/christopherhudspeth/oh-come-on-facepalm-that-sucks-things?origin=web-hf,15 Facepalm-Worthy Things Humans Recently Did During This Pandemic That Make Me Hope Aliens Aren't Watching,,20200522-0400
https://www.buzzfeed.com/tatianatenreyrowhitlock/michael-cera-aubrey-plaza-chuck-e-cheese-pic?origin=web-hf,Michael Cera And Aubrey Plaza's Chuck E. Cheese Photo Is Legendary And Now We Have The Whole Story,,20200522-0400
https://www.buzzfeed.com/sydrobinson1/before-and-after-pets-being-adopted-quarantine?origin=web-hf,21 Before-And-After Pictures Of Pets Who Were Adopted During Quarantine,,20200522-0400
https://www.buzzfeed.com/melanie_aman/what-is-the-best-place-to-buy-bras-if-you-have-small-boobs,What's The Best Place To Buy Bras If You Have Small Boobs?,,20200522-0400
/watch/video/105540,"Camp Counselor Horror Stories
In honor of summer former camp counselors share their craziest, weirdest and funniest experiences from camp.",,20200522-0400
https://www.buzzfeed.com/briangalindo/chris-pratt-accidentally-deleted-over-35000-unread-emails?origin=web-hf,"Chris Pratt Accidentally Deleted More Than 35,000 Unread Emails After His Son Gasped At His Full Inbox",,20200522-0400
https://www.buzzfeed.com/daves4/everyone-hates-but-does?origin=web-hf,27 Things Everyone On Earth Hates That They Do But Does Anyway,,20200522-0400
https://www.buzzfeed.com/hannahmarder/teen-drama-characters-that-did-not-need-to-die?origin=web-hf,20 Of The Most Tragically Unnecessary Deaths From Teen Dramas,,20200522-0400
https://www.buzzfeed.com/isabellalouise/can-you-sort-these-hogwarts-students-in-their-righ-klzvv4gs4?origin=web-hf,Only A Hogwarts Genius Can Match The Student To The House They Were Sorted Into,,20200522-0400
https://www.buzzfeed.com/tessafahey/identify-avatar-the-last-airbender-characters-quiz?origin=web-hf,"If You Can Identify 30/36 Of These ""Avatar: The Last Airbender"" Characters, You're A Master Bender",,20200522-0400
https://www.buzzfeed.com/fallon2/what-hunger-games-characters-belong-in-these-hogwa-ckb6eid9yq?origin=web-hf,"Would You Sort These Characters From ""The Hunger Games"" Into The Same Hogwarts Houses As Everyone Else?",,20200522-0400
https://www.buzzfeed.com/rosethecorgi/choose-some-food-and-revile-your-soulmates-name-7gjir6fim?origin=web-hf,"If You Really Wanna Know The First Letter Of Your Soulmate's Name, Eat Some Food And We'll Tell You",,20200522-0400
https://www.buzzfeed.com/clareaston/my-bibliotherapy-prescription?origin=web-hf,"You Can Now Be ""Prescribed"" Books For Your Mental Health And These Six Were Meant To Help Me",,20200522-0400
/watch/video/105310,"Loren Gray Reads Her Instagram DMs
Loren Gray bravely sits down to do a deep dive into her Instagram DM requests, which include supportive fans, the obligatory haters, and even some marriage proposals from complete strangers. Check out Loren’s new single “Cake” now: https://www.youtube.com/watch?v=klwWrurkjgc",,20200522-0400
https://www.buzzfeed.com/mjs538/rose-on-90-day-fiance-and-big-ed?origin=web-hf,We Need To Stop Talking About Big Ed And Start Talking About Rose,,20200522-0400
https://www.buzzfeed.com/ehisosifo1/harry-potter-letter-p-trivia-quiz?origin=web-hf,"This ""Harry Potter"" Quiz Will Separate The Wizards From The Muggles And It All Depends On The Letter P",,20200522-0400
https://www.buzzfeed.com/alliehayes/books-so-good-you-cannot-put-them-down-flipped?origin=web-hf,"21 Books That Are So Good, People Literally Could Not Put Them Down",,20200522-0400
https://www.buzzfeed.com/ehisosifo1/drastic-americas-next-top-model-makeovers?origin=web-hf,"23 ""ANTM"" Makeovers That Tyra Banks Actually Assigned To Contestants",,20200522-0400
https://www.buzzfeed.com/christopherhudspeth/people-believed-there-was-evidence-of-a-parallel-universe?origin=web-hf,"17 Of The Funniest Tweets About The Discovery Of ""Evidence"" That A Parallel Universe Exists",,20200522-0400
https://www.buzzfeed.com/avaerickson04/which-disney-prince-do-you-belong-with-1mtuff45b1?origin=web-hf,Which Disney Prince Is Your Soulmate?,,20200522-0400
https://www.buzzfeed.com/stephenlaconte/lana-del-rey-controversy-beyonce-ariana-grande-cardi-b?origin=web-hf,"Lana Del Rey Seemed To Drag Artists Like Beyoncé, Cardi B, And Ariana Grande In A Statement On Instagram, And People Are Pissed",,20200522-0400
https://www.buzzfeednews.com/article/michaelblackmon/lana-del-rey-instagram-post-race?origin=web-hf,This Is Why People Are Mad At Lana Del Rey,,20200522-0400
/watch/video/105538,Can These Exes Be Friends?,,20200522-0400
https://www.buzzfeed.com/anoushkagadhwal/the-ultimate-harry-potter-and-the-sorcereras-sto-cn37ve6nwu?origin=web-hf,"I Bet You Can't Score 10/13 On This ""Harry Potter And The Sorcerer’s Stone"" Book Quiz",,20200522-0400
https://www.buzzfeed.com/katdo0907/the-office-and-friends-polls-1v8n4ssmtp?origin=web-hf,"These Polls Are For Fans Of ""Friends"" And ""The Office"" Only",,20200522-0400
https://www.buzzfeed.com/daniellaemanuel/water-popsicles-tiktok?origin=web-hf,"A Mom On TikTok Makes ""Water Popsicles"" For Her Kids And I'm Cracking Up",,20200522-0400
https://www.buzzfeed.com/juliawilling/for-everyone-in-love-with-boxer?origin=web-hf,"23 Tweets For Everyone Who’s Aggressively Attracted To Boxer From ""White Lines""",,20200522-0400
https://www.buzzfeed.com/marielasummerhays01/therapy-is-for-men?origin=web-hf,"If You're A Man Who Relies On Therapy For Your Wellbeing, You're Not Alone",,20200522-0400
https://www.buzzfeed.com/stephenlaconte/oprah-winfrey-big-cabbage-instagram?origin=web-hf,"Oprah Grew A Cabbage So Big She Could Barely Carry It, And You Really Need To See It To Believe It's Real",,20200522-0400
https://www.buzzfeed.com/kristatorres/little-bugs-live-in-strawberries-so-you-should-al?origin=web-hf,"If You Wash Berries In Salt Water, Little Bugs Will Start To Crawl Out",,20200522-0400
https://www.buzzfeed.com/farrahpenn/new-ya-books-spring-2020?origin=web-hf,Here Are The 15 Young Adult Books We're Loving This Spring,,20200522-0400
/watch/video/102332,"I Followed Bretman Rock's Oldest And Newest Makeup Tutorial
""This could either be a revelation or a giant mistake.""",,20200522-0400
https://www.buzzfeed.com/victoriagasparowicz/dark-moments-from-kids-movies-that-are-probably-still?origin=web-hf,22 Unexpectedly Dark Kids Movie Moments That People Wish They Could Forget,,20200522-0400
https://www.buzzfeed.com/chilifritos1234/plan-a-wedding-a-well-tell-which-the-office-char-cvj3ackoya?origin=web-hf,"Design Your Dream Wedding And We'll Tell You Which Character From ""The Office"" You Belong With",,20200522-0400
https://www.buzzfeed.com/lyapalater/the-bar-is-so-low-that-im-emotion-because-adam-sa?origin=web-hf,The Bar Is So Low That I'm Emo Over Adam Sandler Buying Tampons For The Women In His Life,,20200522-0400
https://www.buzzfeed.com/hannahryan/refugees-phones-australia-whatsapp-interview?origin=web-hf,"In This Group Chat, Refugees Explained Why They Don’t Want Their Phones Taken Away",,20200522-0400
https://www.buzzfeed.com/mjs538/a-news-clip-from-go-topless-jeep-weekend-is-going-viral?origin=web-hf,"A Video From ""Go Topless Jeep Weekend"" Is Going Viral Because ""Not Even SNL Could Write Something This Ridiculous""",,20200522-0400
https://www.buzzfeed.com/buzzfeedoznews/bye-buzzfeed-oz-news?origin=web-hf,This Is BuzzFeed News Australia’s Last Day. Here Are 37 Of Our Favourite Stories.,,20200522-0400
https://www.buzzfeed.com/jasminsuknanan/useful-beauty-products-on-sale?origin=web-hf,23 Useful Beauty Products You'll Probably Be Very Glad You Got On Sale,,20200522-0400
https://www.buzzfeed.com/hbraga/sephora-memorial-day-sale?origin=web-hf,Sephora Has Tons Of Products On Sale For Up To 50% Off Right Now,,20200522-0400
/watch/video/105809,"The ""Outer Banks"" Cast Answers Your Burning Questions
Your favorite Pogues return as the cast of the hit Netflix series “Outer Banks” (Chase Stokes, Madelyn Cline, Madison Bailey, Rudy Pankow, and Jonathan Daviss) all sit down to answer your burning questions, from how their lives have changed since the show’s debut, to what they think will happen in season two, all the way to which major roles they’ve auditioned for in the past but didn’t get…which leads to one cast member revealing that he very nearly spent some time in a galaxy far, far away.",,20200522-0400
https://www.buzzfeednews.com/article/tanyachen/a-man-is-being-trolled-for-making-a-leather-face-mask?origin=web-hf,This Guy Is Being Trolled After He Shared His Design For A Cool-Looking Leather Face Mask,,20200522-0400
https://www.buzzfeed.com/jmihaly/fathers-day-gifts-dads-wont-pretend?origin=web-hf,31 Father’s Day Gifts That Dads Won’t Have To Pretend To Like,,20200522-0400
https://www.buzzfeednews.com/article/rubycramer/joe-biden-tara-reade-allegations-senate-2020?origin=web-hf,Tara Reade Stood Apart In Joe Biden's 1990s Senate Staff,,20200522-0400
https://www.buzzfeed.com/lakenbrooks222/we-know-your-soulmates-initials-based-on-the-shak-3thj8kp21b?origin=web-hf,We Know Your Soulmate's Initials Based On The Shakespearean Insults You Use To Describe Your Ex,,20200522-0400
https://www.buzzfeed.com/yiyang/target-memorial-day-sale?origin=web-hf,All The Best Memorial Day Deals At Target,,20200522-0400
https://www.buzzfeed.com/eleanorbate/gigi-hadid-pregnant-during-fashion-week?origin=web-hf,"Gigi Hadid Opened Up About Being ""A Few Months"" Pregnant During Fashion Week And How Her Body Has Changed",,20200522-0400
https://www.buzzfeed.com/kristatorres/jason-derulos-tried-to-eat-corn-off-a-power-drill?origin=web-hf,Jason Derulo Tried To Eat Corn Off A Power Drill And Things Did Not Go Well,,20200522-0400
https://www.buzzfeed.com/samanthawieder/overstocks-memorial-day-blowout-sale-2020?origin=web-hf,All The Best Deals At Overstock's Memorial Day Sale,,20200522-0400
/watch/video/103610,Gadiel Gets Financial Tips For Surviving This Pandemic,,20200522-0400
https://www.buzzfeed.com/whitneyjefferson/joaquin-phoenix-and-rooney-mara-baby-tweets?origin=web-hf,18 Perfect Tweets About Joaquin Phoenix And Rooney Mara Having A Baby,,20200522-0400
https://www.buzzfeed.com/lilianastephens21/make-a-friends-episode-and-ill-tell-you-which-fri-a59ionup2o?origin=web-hf,"Make A ""Friends"" Episode And I'll Tell You Which Character You Are",,20200522-0400
https://www.buzzfeed.com/swiftienerd/do-you-agree-with-these-unpopular-book-opinions-e47xhgqlig?origin=web-hf,Do You Actually Agree With These Controversial Book Opinions?,,20200522-0400
https://www.buzzfeed.com/isabellalouise/this-visual-quiz-will-reveal-which-elemental-bendi-687v2it35g?origin=web-hf,"This Visual Quiz Will Reveal Which ""Avatar: The Last Airbender"" Element You'd Master",,20200522-0400
https://www.buzzfeed.com/racheldunkel/sur-la-table-summer-sale?origin=web-hf,"Sur La Table's Having A Huge Summer Sale, So It's Time To Invest In Some Quality Kitchen Tools",,20200522-0400
https://www.buzzfeednews.com/article/salvadorhernandez/coronavirus-victim-white-house-butler-wilson-jerman?origin=web-hf,A White House Butler Who Worked For 11 US Presidents Died Of The Coronavirus,,20200522-0400
https://www.buzzfeed.com/kirbybeaton/books-recommendations-traveling?origin=web-hf,19 Books To Read During Quarantine To Make You Feel Like You're Traveling,,20200522-0400
https://www.buzzfeed.com/kaylaboyd/fathers-day-gifts?origin=web-hf,34 Of The Best Father's Day Gifts To Give This Year,,20200522-0400
/watch/video/103666,"Black Family Tries Each Others' Chocolate Chip Cookies
""I'm lactose intolerant, I don't need this!""",,20200522-0400
https://www.buzzfeed.com/shelbyheinrich/tiktok-music-festival-viral-heartwarming?origin=web-hf,"A Girl On TikTok Threw Her Brother His Very Own ""Music Festival"" For His Birthday, And TBH It Looks Better Than Coachella",,20200522-0400
https://www.buzzfeed.com/malloryannp/fathers-day-gifts-over-35?origin=web-hf,50 Splurge-Worthy Gifts To Surprise Your Dad With This Father's Day,,20200522-0400
https://www.buzzfeed.com/angelicaamartinez/tiktok-vintage-makeup?origin=web-hf,TikTok Taught Me How Wild Vintage Makeup Compacts Were And I Desperately Need Them To Make A Comeback,,20200522-0400
https://www.buzzfeed.com/christopherhudspeth/photos-of-the-pandemic-world-different?origin=web-hf,19 Photos of Life Today That Would've Blown Your Mind A Year Ago,,20200522-0400
https://www.buzzfeed.com/lyapalater/heres-everything-new-coming-to-netflix-this-week-5-21?origin=web-hf,"Here's Everything New Coming To Netflix This Week, Starting May 21",,20200522-0400
https://www.buzzfeed.com/audreyworboys/disney-movie-region-would-you-rather?origin=web-hf,"You Can Only Save One Disney Movie From Each Of These Regions, The Rest Are Deleted Forever",,20200522-0400
https://www.buzzfeed.com/giannaudes/choose-celebrities-a-z-and-ill-tell-you-what-to-d-2r0na9k1lv?origin=web-hf,Choose A Celebrity For Every Letter Of The Alphabet And We'll Give You A New Activity To Try While You're At Home,,20200522-0400
https://www.buzzfeed.com/morganmurrell/serena-williams-daughter-instagram?origin=web-hf,Excuse Me While I Try To Contain My Baby Fever While Watching Serena Williams And Her Daughter,,20200522-0400
/watch/video/103443,Japanese And Mexican People Swap Board Games,,20200522-0400
https://www.buzzfeed.com/briangalindo/queer-eye-new-season-5-trailer-netflix?origin=web-hf,"The Trailer For Season 5 Of ""Queer Eye"" Just Dropped And I Already Cried Six Times Watching It",,20200522-0400
https://www.buzzfeed.com/genevievescarano/fitness-fathers-day-for-athletic-dads?origin=web-hf,30 Father's Day Gifts For The Dad Who Loves To Exercise,,20200522-0400
https://www.buzzfeed.com/nataliebrown/products-youll-probably-use-every-single-day-2020?origin=web-hf,30 Products So Effective You'll Probably Use Them Every Single Day,,20200522-0400
https://www.buzzfeednews.com/article/katebubacz/photos-michigan-flooding-dams?origin=web-hf,Dramatic Photos Show Massive Flooding After Two Dams Collapsed In Michigan,,20200522-0400
https://www.buzzfeed.com/shelbyheinrich/high-school-trivia-quiz?origin=web-hf,Half The Population Can't Pass This High School Simulation Without Cheating — Can You?,,20200522-0400
https://www.buzzfeed.com/benhenry/jojo-siwa-candy-themed-bedroom?origin=web-hf,JoJo Siwa Fans Came To Her Defence After A Video Of Her Candy Themed-Bedroom Sparked A Debate About Her Age,,20200522-0400
https://www.buzzfeed.com/sydrobinson1/commonly-misspelled-words-spelling-quiz?origin=web-hf,These Are 15 Of The Most Commonly Misspelled Words — Think You Can Spell Them Right?,,20200522-0400
https://www.buzzfeednews.com/article/salvadorhernandez/naval-air-station-terrorism-corpus-christi?origin=web-hf,"A Shooting At A Naval Air Station In Texas Was Terrorism-Related, The FBI Said",,20200522-0400
https://www.buzzfeednews.com,BuzzFeed NewsReporting on what you care about. We hold major institutions accountable and expose wrongdoing.,,20200522-0430
https://www.tasty.co,"BuzzFeed TastySearch, watch, and cook every single Tasty recipe and video ever - all in one place!",,20200522-0430
https://www.buzzfeed.com/goodful,"BuzzFeed GoodfulSelf care and ideas to help you live a healthier, happier life.",,20200522-0430
https://www.buzzfeed.com/bringme,"BuzzFeed Bring MeObsessed with travel? Discover unique things to do, places to eat, and sights to see in the best destinations around the world with Bring Me!",,20200522-0430
https://www.buzzfeed.com/asis,"BuzzFeed As IsSomething for everyone interested in hair, makeup, style, and body positivity.",,20200522-0430
https://www.buzzfeed.com/mjs538/rose-on-90-day-fiance-and-big-ed?ref=hpsplash&origin=spl,"Big Ed’s Girlfriend Rose Was Actually The Best Part of “90 Day Fiancé”, And Here’s Why",,20200522-0430
https://www.buzzfeed.com/yiyang/futuristic-products-thatll-probably-make-you-feel-like?origin=hpp,35 Futuristic Products That’ll Probably Make You Feel Like You’re Living In 3020,,20200522-0430
https://www.buzzfeed.com/newsletters?ref=hplego,"WTF Is Happening Today? BuzzFeed Newsletters Can Help!
We have newsletters to help you stay in the loop AND newsletters to help you forget! Try one today!",,20200522-0430
https://www.buzzfeed.com/zipporkella/what-percent-typical-nerd-are-you-c09ywjxe9m?origin=web-hf,"If You Check Off At Least 17/26 Things On This List, Then You're A Total Nerd",,20200522-0430
https://www.buzzfeed.com/mikespohr/mindblowing-facts?origin=web-hf,18 Random Facts That Absolutely Blew People's Minds On Twitter,,20200522-0430
https://www.buzzfeed.com/andrewziegler/quiz-party?origin=shp,"You Can Now Take BuzzFeed Quizzes In Real Time With Your Friends — You’re Welcome
Let’s get this party started.",,20200522-0430
https://www.buzzfeed.com/jenniferabidor/friends-a-to-z?origin=shp,"This ""Friends"" A–Z Quiz Will Reveal Which Main Character You Are",,20200522-0430
https://www.buzzfeed.com/sarahaspler/taste-in-disney-movies-age-quiz?origin=shp,Can We Accurately Guess Your Age Based On Your Taste In Disney Movies?,,20200522-0430
https://www.buzzfeed.com/andrewziegler/quiz-romantic-type?origin=shp,There Are Actually Only Four Romantic Types And We Can Accurately Guess Yours,,20200522-0430
https://www.buzzfeed.com/sarahaspler/everyone-has-a-fruit-that-matches-their-personalit?origin=shp,Everyone Has A Fruit That Matches Their Personality – Here’s Yours,,20200522-0430
https://www.buzzfeed.com/quizparty,Keep the quiz party going,,20200522-0430
https://www.buzzfeed.com/tessafahey/iconic-rom-com-checklist?origin=web-hf,How Many Iconic Rom-Coms Have You Actually Seen?,,20200522-0430
https://www.buzzfeed.com/tatianatenreyrowhitlock/funniest-tweets-lana-del-rey-instagram-post-drama?origin=web-hf,15 Funny Tweets About The Lana Del Rey Instagram Post Drama,,20200522-0430
https://www.buzzfeed.com/maitlandquitmeyer/best-memorial-day-sales-deals-2020?origin=hshp,"All The Best Memorial Day Weekend Deals
The savings start now.",,20200522-0430
https://www.buzzfeed.com/kaylasuazo/all-the-best-memorial-day-mattress-sales-2020?origin=hshp,All Of The Best Memorial Day Mattress Sales,,20200522-0430
https://www.buzzfeed.com/emmalord9/best-deals-wayfair-memorial-day-sale?origin=hshp,All The Best Deals At Wayfair's Memorial Day Sale,,20200522-0430
https://www.buzzfeed.com/abbykass/zappos-memorial-day-sale?origin=hshp,You Can Save On *So* Many Popular Shoes During The Zappos Memorial Day Sale,,20200522-0430
https://www.buzzfeed.com/elenamgarcia/dyson-is-having-a-pretty-major-memorial-day-sale-no-better?origin=hshp,Dyson Is Having A Pretty Major Memorial Day Sale — No Better Time Than Now To Get Yourself A New Vacuum,,20200522-0430
https://www.buzzfeed.com/shopping?origin=hshp,See more great product recommendations,,20200522-0430
https://www.buzzfeed.com/noradominick/celeb-iconic-characters-trivia-quiz?origin=web-hf,These Iconic TV And Movie Characters Were Played By The Same Actor — Can You Tell Them Apart?,,20200522-0430
/watch/video/102294,"We Didn't Use Toilet Paper For A Week 
Auri gets Steve to try reusable toilet paper, will he like it?",,20200522-0430
https://www.buzzfeed.com/jenniferabidor/jokes-about-disney-villains?origin=web-hf,21 Times The Internet Roasted The Disney Villains,,20200522-0430
https://www.buzzfeednews.com/article/davidmack/coronavirus-trump-test-positive-negative-answer-video?origin=shp,"Positive News! Trump Says He Tested Positively, Which Means Negative, For The Coronavirus.
“But that’s a way of saying it: positively toward the negative.”
10 hours ago",,20200522-0430
https://www.buzzfeednews.com/article/janelytvynenko/coronavirus-spin-doctors?origin=shp,These Are The Fake Experts Pushing Pseudoscience And Conspiracy Theories About The Coronavirus Pandemic,,20200522-0430
https://www.buzzfeednews.com/article/clarissajanlim/doctor-congressional-hearing-coronavirus-second-wave-ppe?origin=shp,"A Doctor Told Lawmakers The Country Is Not ""Prepared For A Second Wave"" Of The Coronavirus",,20200522-0430
https://www.buzzfeednews.com/article/meghara/qatar-coronavirus-tracking-app-mandatory?origin=shp,Qatar Has Made Its Coronavirus Contact Tracing App Mandatory,,20200522-0430
https://www.buzzfeednews.com/article/lamvo/coronavirus-update-charts-unemployment-claims-laid-off-jobs?origin=shp,These Updating Charts Show The Record Number Of Americans Filing Unemployment Claims,,20200522-0430
https://bzfd.it/noc-show,The daily News O'Clock podcast is here.,,20200522-0430
https://www.buzzfeed.com/huynht2510/can-we-guess-your-most-recent-emoji-by-this-quiz-eqcv8mgpxb?origin=web-hf,We Can Guess Your Most Recently Used Emoji Based On The House You Build,,20200522-0430
https://www.buzzfeed.com/tatianatenreyrowhitlock/lana-del-rey-responds-to-backlash-over-instagram-post?origin=web-hf,"Lana Del Rey Responded To The Backlash Toward Her Instagram Post, Saying She's Sad People Made It A ""WOC Issue""",,20200522-0430
https://www.buzzfeed.com/farrahpenn/finals-week-zoom-university-fails?origin=web-hf,18 Times The Students Of Zoom University Really Struggled Through Finals Week,,20200522-0430
https://www.buzzfeednews.com/article/laurenstrapagiel/influencers-say-instagram-is-more-likely-to-remove-photos?origin=web-hf,"Influencers Say Instagram Is Biased Against Plus-Size Bodies, And They May Be Right",,20200522-0430
https://www.buzzfeed.com/mjs538/early-2000s-pictures-for-millennials?origin=web-hf,33 Pictures That Millennials Will Have To Explain To Generation Alpha Someday,,20200522-0430
https://www.buzzfeed.com/victoriavouloumanos/stars-who-are-mixed-asian-pacific-islander?origin=shp,"34 Multiracial Celebs Who Are Actually Asian Or Pacific Islander
Relatable and inspirational icons, all of ‘em.",,20200522-0430
https://www.buzzfeed.com/nusrat21/a-guide-for-people-new-to-bollywood?origin=shp,30 Bollywood Films That Everyone Absolutely Must See,,20200522-0430
https://www.buzzfeed.com/michellemkim/asian-male-celebs-thirst?origin=shp,21 Asian Male Celebs That Have Us Feeling Oh So Very Thirsty,,20200522-0430
https://www.buzzfeed.com/michellemkim/which-anime-best-boy-are-you?origin=shp,Quiz: Which Anime Best Boy Are You?,,20200522-0430
https://www.buzzfeed.com/badge/apahm2020,See all of our APAHM coverage here,,20200522-0430
/watch/video/99501,"Boricua From The Island vs The Mainland 
Love one another, Puerto Ricans from around the world!",,20200522-0430
https://www.buzzfeed.com/briangalindo/21-tbt-photos-celebs-posted-on-instagram-may-21?origin=web-hf,Here's What Chrissy Teigen And 20 Other Celebrities Shared This Week For #TBT,,20200522-0430
https://www.buzzfeed.com/buzzfeedpromotions/get-the-best-summer-recipes-with-the-tasty-newsletter,Get The Best Spring Recipes With The Tasty Newsletter!,,20200522-0430
https://www.buzzfeed.com/morganmurrell/drake-called-kylie-jenner-side-piece-apology?origin=web-hf,"Drake Name-Dropped Kylie Jenner, Kendall Jenner, And Gigi Hadid In A Song, Then Issued An Apology Statement",,20200522-0430
https://www.buzzfeednews.com/article/skbaer/ahmaud-arbery-death-william-bryan-arrest?origin=web-hf,The Man Who Recorded Video Of Ahmaud Arbery Being Shot Has Been Arrested On A Murder Charge,,20200522-0430
https://www.buzzfeed.com/christopherhudspeth/oh-come-on-facepalm-that-sucks-things?origin=web-hf,15 Facepalm-Worthy Things Humans Recently Did During This Pandemic That Make Me Hope Aliens Aren't Watching,,20200522-0430
https://www.buzzfeed.com/tatianatenreyrowhitlock/michael-cera-aubrey-plaza-chuck-e-cheese-pic?origin=web-hf,Michael Cera And Aubrey Plaza's Chuck E. Cheese Photo Is Legendary And Now We Have The Whole Story,,20200522-0430
https://www.buzzfeed.com/briangalindo/chris-pratt-accidentally-deleted-over-35000-unread-emails?origin=web-hf,"Chris Pratt Accidentally Deleted More Than 35,000 Unread Emails After His Son Gasped At His Full Inbox",,20200522-0430
https://www.buzzfeed.com/melanie_aman/what-is-the-best-place-to-buy-bras-if-you-have-small-boobs,What's The Best Place To Buy Bras If You Have Small Boobs?,,20200522-0430
/watch/video/105540,"Camp Counselor Horror Stories
In honor of summer former camp counselors share their craziest, weirdest and funniest experiences from camp.",,20200522-0430
https://www.buzzfeed.com/sydrobinson1/before-and-after-pets-being-adopted-quarantine?origin=web-hf,21 Before-And-After Pictures Of Pets Who Were Adopted During Quarantine,,20200522-0430
https://www.buzzfeed.com/daves4/everyone-hates-but-does?origin=web-hf,27 Things Everyone On Earth Hates That They Do But Does Anyway,,20200522-0430
https://www.buzzfeed.com/hannahmarder/teen-drama-characters-that-did-not-need-to-die?origin=web-hf,20 Of The Most Tragically Unnecessary Deaths From Teen Dramas,,20200522-0430
https://www.buzzfeed.com/isabellalouise/can-you-sort-these-hogwarts-students-in-their-righ-klzvv4gs4?origin=web-hf,Only A Hogwarts Genius Can Match The Student To The House They Were Sorted Into,,20200522-0430
https://www.buzzfeed.com/tessafahey/identify-avatar-the-last-airbender-characters-quiz?origin=web-hf,"If You Can Identify 30/36 Of These ""Avatar: The Last Airbender"" Characters, You're A Master Bender",,20200522-0430
https://www.buzzfeed.com/clareaston/my-bibliotherapy-prescription?origin=web-hf,"You Can Now Be ""Prescribed"" Books For Your Mental Health And These Six Were Meant To Help Me",,20200522-0430
https://www.buzzfeed.com/rosethecorgi/choose-some-food-and-revile-your-soulmates-name-7gjir6fim?origin=web-hf,"If You Really Wanna Know The First Letter Of Your Soulmate's Name, Eat Some Food And We'll Tell You",,20200522-0430
https://www.buzzfeed.com/fallon2/what-hunger-games-characters-belong-in-these-hogwa-ckb6eid9yq?origin=web-hf,"Would You Sort These Characters From ""The Hunger Games"" Into The Same Hogwarts Houses As Everyone Else?",,20200522-0430
/watch/video/105310,"Loren Gray Reads Her Instagram DMs
Loren Gray bravely sits down to do a deep dive into her Instagram DM requests, which include supportive fans, the obligatory haters, and even some marriage proposals from complete strangers. Check out Loren’s new single “Cake” now: https://www.youtube.com/watch?v=klwWrurkjgc",,20200522-0430
https://www.buzzfeed.com/ehisosifo1/harry-potter-letter-p-trivia-quiz?origin=web-hf,"This ""Harry Potter"" Quiz Will Separate The Wizards From The Muggles And It All Depends On The Letter P",,20200522-0430
https://www.buzzfeed.com/alliehayes/books-so-good-you-cannot-put-them-down-flipped?origin=web-hf,"21 Books That Are So Good, People Literally Could Not Put Them Down",,20200522-0430
https://www.buzzfeed.com/ehisosifo1/drastic-americas-next-top-model-makeovers?origin=web-hf,"23 ""ANTM"" Makeovers That Tyra Banks Actually Assigned To Contestants",,20200522-0430
https://www.buzzfeed.com/christopherhudspeth/people-believed-there-was-evidence-of-a-parallel-universe?origin=web-hf,"17 Of The Funniest Tweets About The Discovery Of ""Evidence"" That A Parallel Universe Exists",,20200522-0430
https://www.buzzfeed.com/avaerickson04/which-disney-prince-do-you-belong-with-1mtuff45b1?origin=web-hf,Which Disney Prince Is Your Soulmate?,,20200522-0430
https://www.buzzfeed.com/stephenlaconte/lana-del-rey-controversy-beyonce-ariana-grande-cardi-b?origin=web-hf,"Lana Del Rey Seemed To Drag Artists Like Beyoncé, Cardi B, And Ariana Grande In A Statement On Instagram, And People Are Pissed",,20200522-0430
https://www.buzzfeednews.com/article/michaelblackmon/lana-del-rey-instagram-post-race?origin=web-hf,This Is Why People Are Mad At Lana Del Rey,,20200522-0430
https://www.buzzfeed.com/katdo0907/the-office-and-friends-polls-1v8n4ssmtp?origin=web-hf,"These Polls Are For Fans Of ""Friends"" And ""The Office"" Only",,20200522-0430
/watch/video/105538,Can These Exes Be Friends?,,20200522-0430
https://www.buzzfeed.com/daniellaemanuel/water-popsicles-tiktok?origin=web-hf,"A Mom On TikTok Makes ""Water Popsicles"" For Her Kids And I'm Cracking Up",,20200522-0430
https://www.buzzfeed.com/anoushkagadhwal/the-ultimate-harry-potter-and-the-sorcereras-sto-cn37ve6nwu?origin=web-hf,"I Bet You Can't Score 10/13 On This ""Harry Potter And The Sorcerer’s Stone"" Book Quiz",,20200522-0430
https://www.buzzfeed.com/juliawilling/for-everyone-in-love-with-boxer?origin=web-hf,"If You Are Horny For Boxer From Netflix’s ""White Lines"", These 23 Tweets Are For You",,20200522-0430
https://www.buzzfeed.com/stephenlaconte/oprah-winfrey-big-cabbage-instagram?origin=web-hf,"Oprah Grew A Cabbage So Big She Could Barely Carry It, And You Really Need To See It To Believe It's Real",,20200522-0430
https://www.buzzfeed.com/kristatorres/little-bugs-live-in-strawberries-so-you-should-al?origin=web-hf,"If You Wash Berries In Salt Water, Little Bugs Will Start To Crawl Out",,20200522-0430
https://www.buzzfeed.com/marielasummerhays01/therapy-is-for-men?origin=web-hf,These 7 Men Will Convince You Therapy Is For Everyone,,20200522-0430
https://www.buzzfeed.com/ryanschocket2/people-are-sharing-the-worst-coworker-theyve-worked-with?origin=web-hf,"People Are Sharing The Worst Coworker They've Worked With And Wow, Just Wow",,20200522-0430
https://www.buzzfeed.com/farrahpenn/new-ya-books-spring-2020?origin=web-hf,Here Are The 15 Young Adult Books We're Loving This Spring,,20200522-0430
/watch/video/102332,"I Followed Bretman Rock's Oldest And Newest Makeup Tutorial
""This could either be a revelation or a giant mistake.""",,20200522-0430
https://www.buzzfeed.com/victoriagasparowicz/dark-moments-from-kids-movies-that-are-probably-still?origin=web-hf,22 Unexpectedly Dark Kids Movie Moments That People Wish They Could Forget,,20200522-0430
https://www.buzzfeed.com/chilifritos1234/plan-a-wedding-a-well-tell-which-the-office-char-cvj3ackoya?origin=web-hf,"Design Your Dream Wedding And We'll Tell You Which Character From ""The Office"" You Belong With",,20200522-0430
https://www.buzzfeed.com/lyapalater/the-bar-is-so-low-that-im-emotion-because-adam-sa?origin=web-hf,The Bar Is So Low That I'm Emo Over Adam Sandler Buying Tampons For The Women In His Life,,20200522-0430
https://www.buzzfeed.com/mjs538/a-news-clip-from-go-topless-jeep-weekend-is-going-viral?origin=web-hf,"A Video From ""Go Topless Jeep Weekend"" Is Going Viral Because ""Not Even SNL Could Write Something This Ridiculous""",,20200522-0430
https://www.buzzfeed.com/hannahryan/refugees-phones-australia-whatsapp-interview?origin=web-hf,"In This Group Chat, Refugees Explained Why They Don’t Want Their Phones Taken Away",,20200522-0430
https://www.buzzfeed.com/buzzfeedoznews/bye-buzzfeed-oz-news?origin=web-hf,This Is BuzzFeed News Australia’s Last Day. Here Are 37 Of Our Favourite Stories.,,20200522-0430
https://www.buzzfeed.com/jasminsuknanan/useful-beauty-products-on-sale?origin=web-hf,23 Useful Beauty Products You'll Probably Be Very Glad You Got On Sale,,20200522-0430
https://www.buzzfeed.com/hbraga/sephora-memorial-day-sale?origin=web-hf,Sephora Has Tons Of Products On Sale For Up To 50% Off Right Now,,20200522-0430
/watch/video/105809,"The ""Outer Banks"" Cast Answers Your Burning Questions
Your favorite Pogues return as the cast of the hit Netflix series “Outer Banks” (Chase Stokes, Madelyn Cline, Madison Bailey, Rudy Pankow, and Jonathan Daviss) all sit down to answer your burning questions, from how their lives have changed since the show’s debut, to what they think will happen in season two, all the way to which major roles they’ve auditioned for in the past but didn’t get…which leads to one cast member revealing that he very nearly spent some time in a galaxy far, far away.",,20200522-0430
https://www.buzzfeednews.com/article/tanyachen/a-man-is-being-trolled-for-making-a-leather-face-mask?origin=web-hf,This Guy Is Being Trolled After He Shared His Design For A Cool-Looking Leather Face Mask,,20200522-0430
https://www.buzzfeed.com/jmihaly/fathers-day-gifts-dads-wont-pretend?origin=web-hf,31 Father’s Day Gifts That Dads Won’t Have To Pretend To Like,,20200522-0430
https://www.buzzfeednews.com/article/rubycramer/joe-biden-tara-reade-allegations-senate-2020?origin=web-hf,Tara Reade Stood Apart In Joe Biden's 1990s Senate Staff,,20200522-0430
https://www.buzzfeed.com/lakenbrooks222/we-know-your-soulmates-initials-based-on-the-shak-3thj8kp21b?origin=web-hf,We Know Your Soulmate's Initials Based On The Shakespearean Insults You Use To Describe Your Ex,,20200522-0430
https://www.buzzfeed.com/yiyang/target-memorial-day-sale?origin=web-hf,All The Best Memorial Day Deals At Target,,20200522-0430
https://www.buzzfeed.com/eleanorbate/gigi-hadid-pregnant-during-fashion-week?origin=web-hf,"Gigi Hadid Opened Up About Being ""A Few Months"" Pregnant During Fashion Week And How Her Body Has Changed",,20200522-0430
https://www.buzzfeed.com/kristatorres/jason-derulos-tried-to-eat-corn-off-a-power-drill?origin=web-hf,Jason Derulo Tried To Eat Corn Off A Power Drill And Things Did Not Go Well,,20200522-0430
https://www.buzzfeed.com/whitneyjefferson/joaquin-phoenix-and-rooney-mara-baby-tweets?origin=web-hf,18 Perfect Tweets About Joaquin Phoenix And Rooney Mara Having A Baby,,20200522-0430
/watch/video/103610,Gadiel Gets Financial Tips For Surviving This Pandemic,,20200522-0430
https://www.buzzfeed.com/samanthawieder/overstocks-memorial-day-blowout-sale-2020?origin=web-hf,All The Best Deals At Overstock's Memorial Day Sale,,20200522-0430
https://www.buzzfeed.com/lilianastephens21/make-a-friends-episode-and-ill-tell-you-which-fri-a59ionup2o?origin=web-hf,"Make A ""Friends"" Episode And I'll Tell You Which Character You Are",,20200522-0430
https://www.buzzfeed.com/swiftienerd/do-you-agree-with-these-unpopular-book-opinions-e47xhgqlig?origin=web-hf,Do You Actually Agree With These Controversial Book Opinions?,,20200522-0430
https://www.buzzfeed.com/isabellalouise/this-visual-quiz-will-reveal-which-elemental-bendi-687v2it35g?origin=web-hf,"This Visual Quiz Will Reveal Which ""Avatar: The Last Airbender"" Element You'd Master",,20200522-0430
https://www.buzzfeed.com/racheldunkel/sur-la-table-summer-sale?origin=web-hf,"Sur La Table's Having A Huge Summer Sale, So It's Time To Invest In Some Quality Kitchen Tools",,20200522-0430
https://www.buzzfeednews.com/article/salvadorhernandez/coronavirus-victim-white-house-butler-wilson-jerman?origin=web-hf,A White House Butler Who Worked For 11 US Presidents Died Of The Coronavirus,,20200522-0430
https://www.buzzfeed.com/kaylaboyd/fathers-day-gifts?origin=web-hf,34 Of The Best Father's Day Gifts To Give This Year,,20200522-0430
https://www.buzzfeed.com/kirbybeaton/books-recommendations-traveling?origin=web-hf,19 Books To Read During Quarantine To Make You Feel Like You're Traveling,,20200522-0430
/watch/video/103666,"Black Family Tries Each Others' Chocolate Chip Cookies
""I'm lactose intolerant, I don't need this!""",,20200522-0430
https://www.buzzfeed.com/shelbyheinrich/tiktok-music-festival-viral-heartwarming?origin=web-hf,"These Siblings On TikTok Threw Their Brother A Music Festival In Their Backyard Based On Lollapalooza, And It's Actually Really Heartwarming",,20200522-0430
https://www.buzzfeed.com/malloryannp/fathers-day-gifts-over-35?origin=web-hf,50 Splurge-Worthy Gifts To Surprise Your Dad With This Father's Day,,20200522-0430
https://www.buzzfeed.com/angelicaamartinez/tiktok-vintage-makeup?origin=web-hf,TikTok Taught Me How Wild Vintage Makeup Compacts Were And I Desperately Need Them To Make A Comeback,,20200522-0430
https://www.buzzfeed.com/christopherhudspeth/photos-of-the-pandemic-world-different?origin=web-hf,19 Photos of Life Today That Would've Blown Your Mind A Year Ago,,20200522-0430
https://www.buzzfeed.com/audreyworboys/disney-movie-region-would-you-rather?origin=web-hf,"You Can Only Save One Disney Movie From Each Of These Regions, The Rest Are Deleted Forever",,20200522-0430
https://www.buzzfeed.com/lyapalater/heres-everything-new-coming-to-netflix-this-week-5-21?origin=web-hf,"Here's Everything New Coming To Netflix This Week, Starting May 21",,20200522-0430
https://www.buzzfeed.com/giannaudes/choose-celebrities-a-z-and-ill-tell-you-what-to-d-2r0na9k1lv?origin=web-hf,Choose A Celebrity For Every Letter Of The Alphabet And We'll Give You A New Activity To Try While You're At Home,,20200522-0430
https://www.buzzfeed.com/morganmurrell/serena-williams-daughter-instagram?origin=web-hf,Excuse Me While I Try To Contain My Baby Fever While Watching Serena Williams And Her Daughter,,20200522-0430
/watch/video/103443,Japanese And Mexican People Swap Board Games,,20200522-0430
https://www.buzzfeed.com/briangalindo/queer-eye-new-season-5-trailer-netflix?origin=web-hf,"The Trailer For Season 5 Of ""Queer Eye"" Just Dropped And I Already Cried Six Times Watching It",,20200522-0430
https://www.buzzfeed.com/genevievescarano/fitness-fathers-day-for-athletic-dads?origin=web-hf,30 Father's Day Gifts For The Dad Who Loves To Exercise,,20200522-0430
https://www.buzzfeed.com/nataliebrown/products-youll-probably-use-every-single-day-2020?origin=web-hf,30 Products So Effective You'll Probably Use Them Every Single Day,,20200522-0430
https://www.buzzfeednews.com/article/katebubacz/photos-michigan-flooding-dams?origin=web-hf,Dramatic Photos Show Massive Flooding After Two Dams Collapsed In Michigan,,20200522-0430
https://www.buzzfeed.com/shelbyheinrich/high-school-trivia-quiz?origin=web-hf,Half The Population Can't Pass This High School Simulation Without Cheating — Can You?,,20200522-0430
https://www.buzzfeed.com/benhenry/jojo-siwa-candy-themed-bedroom?origin=web-hf,JoJo Siwa Fans Came To Her Defence After A Video Of Her Candy Themed-Bedroom Sparked A Debate About Her Age,,20200522-0430
https://www.buzzfeed.com/sydrobinson1/commonly-misspelled-words-spelling-quiz?origin=web-hf,These Are 15 Of The Most Commonly Misspelled Words — Think You Can Spell Them Right?,,20200522-0430
https://www.buzzfeednews.com/article/salvadorhernandez/naval-air-station-terrorism-corpus-christi?origin=web-hf,"A Shooting At A Naval Air Station In Texas Was Terrorism-Related, The FBI Said",,20200522-0430
/watch/video/105671,Black Women Go To Vegas Without Their Hair Done,,20200522-0430
https://www.buzzfeednews.com,BuzzFeed NewsReporting on what you care about. We hold major institutions accountable and expose wrongdoing.,,20200522-0500
https://www.tasty.co,"BuzzFeed TastySearch, watch, and cook every single Tasty recipe and video ever - all in one place!",,20200522-0500
https://www.buzzfeed.com/goodful,"BuzzFeed GoodfulSelf care and ideas to help you live a healthier, happier life.",,20200522-0500
https://www.buzzfeed.com/bringme,"BuzzFeed Bring MeObsessed with travel? Discover unique things to do, places to eat, and sights to see in the best destinations around the world with Bring Me!",,20200522-0500
https://www.buzzfeed.com/asis,"BuzzFeed As IsSomething for everyone interested in hair, makeup, style, and body positivity.",,20200522-0500
https://www.buzzfeed.com/rachelstrolle/mental-health-awareness-month-books-ya-reading?ref=hpsplash&origin=spl,Here Are 21 YA Books To Read During Mental Health Awareness Month,,20200522-0500
https://www.buzzfeed.com/yiyang/futuristic-products-thatll-probably-make-you-feel-like?origin=hpp,35 Futuristic Products That’ll Probably Make You Feel Like You’re Living In 3020,,20200522-0500
https://www.buzzfeed.com/newsletters?ref=hplego,"WTF Is Happening Today? BuzzFeed Newsletters Can Help!
We have newsletters to help you stay in the loop AND newsletters to help you forget! Try one today!",,20200522-0500
https://www.buzzfeed.com/zipporkella/what-percent-typical-nerd-are-you-c09ywjxe9m?origin=web-hf,"If You Check Off At Least 17/26 Things On This List, Then You're A Total Nerd",,20200522-0500
https://www.buzzfeed.com/mikespohr/mindblowing-facts?origin=web-hf,18 Random Facts That Absolutely Blew People's Minds On Twitter,,20200522-0500
https://www.buzzfeed.com/andrewziegler/quiz-party?origin=shp,"You Can Now Take BuzzFeed Quizzes In Real Time With Your Friends — You’re Welcome
Let’s get this party started.",,20200522-0500
https://www.buzzfeed.com/jenniferabidor/friends-a-to-z?origin=shp,"This ""Friends"" A–Z Quiz Will Reveal Which Main Character You Are",,20200522-0500
https://www.buzzfeed.com/sarahaspler/taste-in-disney-movies-age-quiz?origin=shp,Can We Accurately Guess Your Age Based On Your Taste In Disney Movies?,,20200522-0500
https://www.buzzfeed.com/andrewziegler/quiz-romantic-type?origin=shp,There Are Actually Only Four Romantic Types And We Can Accurately Guess Yours,,20200522-0500
https://www.buzzfeed.com/sarahaspler/everyone-has-a-fruit-that-matches-their-personalit?origin=shp,Everyone Has A Fruit That Matches Their Personality – Here’s Yours,,20200522-0500
https://www.buzzfeed.com/quizparty,Keep the quiz party going,,20200522-0500
https://www.buzzfeed.com/tessafahey/iconic-rom-com-checklist?origin=web-hf,How Many Iconic Rom-Coms Have You Actually Seen?,,20200522-0500
https://www.buzzfeed.com/tatianatenreyrowhitlock/funniest-tweets-lana-del-rey-instagram-post-drama?origin=web-hf,15 Funny Tweets About The Lana Del Rey Instagram Post Drama,,20200522-0500
https://www.buzzfeed.com/maitlandquitmeyer/best-memorial-day-sales-deals-2020?origin=hshp,"All The Best Memorial Day Weekend Deals
The savings start now.",,20200522-0500
https://www.buzzfeed.com/kaylasuazo/all-the-best-memorial-day-mattress-sales-2020?origin=hshp,All Of The Best Memorial Day Mattress Sales,,20200522-0500
https://www.buzzfeed.com/emmalord9/best-deals-wayfair-memorial-day-sale?origin=hshp,All The Best Deals At Wayfair's Memorial Day Sale,,20200522-0500
https://www.buzzfeed.com/abbykass/zappos-memorial-day-sale?origin=hshp,You Can Save On *So* Many Popular Shoes During The Zappos Memorial Day Sale,,20200522-0500
https://www.buzzfeed.com/elenamgarcia/dyson-is-having-a-pretty-major-memorial-day-sale-no-better?origin=hshp,Dyson Is Having A Pretty Major Memorial Day Sale — No Better Time Than Now To Get Yourself A New Vacuum,,20200522-0500
https://www.buzzfeed.com/shopping?origin=hshp,See more great product recommendations,,20200522-0500
https://www.buzzfeed.com/noradominick/celeb-iconic-characters-trivia-quiz?origin=web-hf,These Iconic TV And Movie Characters Were Played By The Same Actor — Can You Tell Them Apart?,,20200522-0500
/watch/video/102294,"We Didn't Use Toilet Paper For A Week 
Auri gets Steve to try reusable toilet paper, will he like it?",,20200522-0500
https://www.buzzfeed.com/jenniferabidor/jokes-about-disney-villains?origin=web-hf,21 Times The Internet Roasted The Disney Villains,,20200522-0500
https://www.buzzfeednews.com/article/davidmack/coronavirus-trump-test-positive-negative-answer-video?origin=shp,"Positive News! Trump Says He Tested Positively, Which Means Negative, For The Coronavirus.
“But that’s a way of saying it: positively toward the negative.”
10 hours ago",,20200522-0500
https://www.buzzfeednews.com/article/janelytvynenko/coronavirus-spin-doctors?origin=shp,These Are The Fake Experts Pushing Pseudoscience And Conspiracy Theories About The Coronavirus Pandemic,,20200522-0500
https://www.buzzfeednews.com/article/clarissajanlim/doctor-congressional-hearing-coronavirus-second-wave-ppe?origin=shp,"A Doctor Told Lawmakers The Country Is Not ""Prepared For A Second Wave"" Of The Coronavirus",,20200522-0500
https://www.buzzfeednews.com/article/meghara/qatar-coronavirus-tracking-app-mandatory?origin=shp,Qatar Has Made Its Coronavirus Contact Tracing App Mandatory,,20200522-0500
https://www.buzzfeednews.com/article/lamvo/coronavirus-update-charts-unemployment-claims-laid-off-jobs?origin=shp,These Updating Charts Show The Record Number Of Americans Filing Unemployment Claims,,20200522-0500
https://bzfd.it/noc-show,The daily News O'Clock podcast is here.,,20200522-0500
https://www.buzzfeed.com/huynht2510/can-we-guess-your-most-recent-emoji-by-this-quiz-eqcv8mgpxb?origin=web-hf,Build A House And We'll Accurately Guess Your Most Recently Used Emoji,,20200522-0500
https://www.buzzfeed.com/tatianatenreyrowhitlock/lana-del-rey-responds-to-backlash-over-instagram-post?origin=web-hf,"Lana Del Rey Responded To The Backlash Toward Her Instagram Post, Saying She's Sad People Made It A ""WOC Issue""",,20200522-0500
https://www.buzzfeed.com/farrahpenn/finals-week-zoom-university-fails?origin=web-hf,18 Times The Students Of Zoom University Really Struggled Through Finals Week,,20200522-0500
https://www.buzzfeednews.com/article/laurenstrapagiel/influencers-say-instagram-is-more-likely-to-remove-photos?origin=web-hf,"Influencers Say Instagram Is Biased Against Plus-Size Bodies, And They May Be Right",,20200522-0500
https://www.buzzfeed.com/mjs538/early-2000s-pictures-for-millennials?origin=web-hf,33 Pictures That Millennials Will Have To Explain To Generation Alpha Someday,,20200522-0500
https://www.buzzfeed.com/victoriavouloumanos/stars-who-are-mixed-asian-pacific-islander?origin=shp,"34 Multiracial Celebs Who Are Actually Asian Or Pacific Islander
Relatable and inspirational icons, all of ‘em.",,20200522-0500
https://www.buzzfeed.com/nusrat21/a-guide-for-people-new-to-bollywood?origin=shp,30 Bollywood Films That Everyone Absolutely Must See,,20200522-0500
https://www.buzzfeed.com/michellemkim/asian-male-celebs-thirst?origin=shp,21 Asian Male Celebs That Have Us Feeling Oh So Very Thirsty,,20200522-0500
https://www.buzzfeed.com/michellemkim/which-anime-best-boy-are-you?origin=shp,Quiz: Which Anime Best Boy Are You?,,20200522-0500
https://www.buzzfeed.com/badge/apahm2020,See all of our APAHM coverage here,,20200522-0500
/watch/video/99501,"Boricua From The Island vs The Mainland 
Love one another, Puerto Ricans from around the world!",,20200522-0500
https://www.buzzfeed.com/morganmurrell/drake-called-kylie-jenner-side-piece-apology?origin=web-hf,"Drake Name-Dropped Kylie Jenner, Kendall Jenner, And Gigi Hadid In A Song, Then Issued An Apology Statement",,20200522-0500
https://www.buzzfeed.com/kebornholtz/dont-miss-any-of-our-oscars-coverage-with-our-oscars-guide,Find The Next Show To Binge On With Our TV & Movies Newsletter!,,20200522-0500
https://www.buzzfeed.com/briangalindo/21-tbt-photos-celebs-posted-on-instagram-may-21?origin=web-hf,Here's What Chrissy Teigen And 20 Other Celebrities Shared This Week For #TBT,,20200522-0500
https://www.buzzfeednews.com/article/skbaer/ahmaud-arbery-death-william-bryan-arrest?origin=web-hf,The Man Who Recorded Video Of Ahmaud Arbery Being Shot Has Been Arrested On A Murder Charge,,20200522-0500
https://www.buzzfeed.com/christopherhudspeth/oh-come-on-facepalm-that-sucks-things?origin=web-hf,15 Facepalm-Worthy Things Humans Recently Did During This Pandemic That Make Me Hope Aliens Aren't Watching,,20200522-0500
https://www.buzzfeed.com/tatianatenreyrowhitlock/michael-cera-aubrey-plaza-chuck-e-cheese-pic?origin=web-hf,Michael Cera And Aubrey Plaza's Chuck E. Cheese Photo Is Legendary And Now We Have The Whole Story,,20200522-0500
https://www.buzzfeed.com/briangalindo/chris-pratt-accidentally-deleted-over-35000-unread-emails?origin=web-hf,"Chris Pratt Accidentally Deleted More Than 35,000 Unread Emails After His Son Gasped At His Full Inbox",,20200522-0500
https://www.buzzfeed.com/hannahmarder/what-movies-about-mental-health-made-you-feel-seen,What Movies Got Mental Health Right?,,20200522-0500
/watch/video/105540,"Camp Counselor Horror Stories
In honor of summer former camp counselors share their craziest, weirdest and funniest experiences from camp.",,20200522-0500
https://www.buzzfeed.com/sydrobinson1/before-and-after-pets-being-adopted-quarantine?origin=web-hf,21 Before-And-After Pictures Of Pets Who Were Adopted During Quarantine,,20200522-0500
https://www.buzzfeed.com/daves4/everyone-hates-but-does?origin=web-hf,27 Things Everyone On Earth Hates That They Do But Does Anyway,,20200522-0500
https://www.buzzfeed.com/hannahmarder/teen-drama-characters-that-did-not-need-to-die?origin=web-hf,20 Of The Most Tragically Unnecessary Deaths From Teen Dramas,,20200522-0500
https://www.buzzfeed.com/tessafahey/identify-avatar-the-last-airbender-characters-quiz?origin=web-hf,"If You Can Identify 30/36 Of These ""Avatar: The Last Airbender"" Characters, You're A Master Bender",,20200522-0500
https://www.buzzfeed.com/isabellalouise/can-you-sort-these-hogwarts-students-in-their-righ-klzvv4gs4?origin=web-hf,Only A Hogwarts Genius Can Match The Student To The House They Were Sorted Into,,20200522-0500
https://www.buzzfeed.com/rosethecorgi/choose-some-food-and-revile-your-soulmates-name-7gjir6fim?origin=web-hf,"If You Really Wanna Know The First Letter Of Your Soulmate's Name, Eat Some Food And We'll Tell You",,20200522-0500
https://www.buzzfeed.com/clareaston/my-bibliotherapy-prescription?origin=web-hf,"You Can Now Be ""Prescribed"" Books For Your Mental Health And These Six Were Meant To Help Me",,20200522-0500
https://www.buzzfeed.com/mjs538/rose-on-90-day-fiance-and-big-ed?origin=web-hf,We Need To Stop Talking About Big Ed And Start Talking About Rose,,20200522-0500
/watch/video/105310,"Loren Gray Reads Her Instagram DMs
Loren Gray bravely sits down to do a deep dive into her Instagram DM requests, which include supportive fans, the obligatory haters, and even some marriage proposals from complete strangers. Check out Loren’s new single “Cake” now: https://www.youtube.com/watch?v=klwWrurkjgc",,20200522-0500
https://www.buzzfeed.com/fallon2/what-hunger-games-characters-belong-in-these-hogwa-ckb6eid9yq?origin=web-hf,"Would You Sort These Characters From ""The Hunger Games"" Into The Same Hogwarts Houses As Everyone Else?",,20200522-0500
https://www.buzzfeed.com/ehisosifo1/harry-potter-letter-p-trivia-quiz?origin=web-hf,"This ""Harry Potter"" Quiz Will Separate The Wizards From The Muggles And It All Depends On The Letter P",,20200522-0500
https://www.buzzfeed.com/alliehayes/books-so-good-you-cannot-put-them-down-flipped?origin=web-hf,"21 Books That Are So Good, People Literally Could Not Put Them Down",,20200522-0500
https://www.buzzfeed.com/ehisosifo1/drastic-americas-next-top-model-makeovers?origin=web-hf,"23 ""ANTM"" Makeovers That Tyra Banks Actually Assigned To Contestants",,20200522-0500
https://www.buzzfeed.com/christopherhudspeth/people-believed-there-was-evidence-of-a-parallel-universe?origin=web-hf,"17 Of The Funniest Tweets About The Discovery Of ""Evidence"" That A Parallel Universe Exists",,20200522-0500
https://www.buzzfeed.com/avaerickson04/which-disney-prince-do-you-belong-with-1mtuff45b1?origin=web-hf,Which Disney Prince Is Your Soulmate?,,20200522-0500
https://www.buzzfeed.com/stephenlaconte/lana-del-rey-controversy-beyonce-ariana-grande-cardi-b?origin=web-hf,"Lana Del Rey Seemed To Drag Artists Like Beyoncé, Cardi B, And Ariana Grande In A Statement On Instagram, And People Are Pissed",,20200522-0500
https://www.buzzfeednews.com/article/michaelblackmon/lana-del-rey-instagram-post-race?origin=web-hf,This Is Why People Are Mad At Lana Del Rey,,20200522-0500
/watch/video/105538,Can These Exes Be Friends?,,20200522-0500
https://www.buzzfeed.com/katdo0907/the-office-and-friends-polls-1v8n4ssmtp?origin=web-hf,"These Polls Are For Fans Of ""Friends"" And ""The Office"" Only",,20200522-0500
https://www.buzzfeed.com/daniellaemanuel/water-popsicles-tiktok?origin=web-hf,"A Mom On TikTok Makes ""Water Popsicles"" For Her Kids And I'm Cracking Up",,20200522-0500
https://www.buzzfeed.com/anoushkagadhwal/the-ultimate-harry-potter-and-the-sorcereras-sto-cn37ve6nwu?origin=web-hf,"I Bet You Can't Score 10/13 On This ""Harry Potter And The Sorcerer’s Stone"" Book Quiz",,20200522-0500
https://www.buzzfeed.com/stephenlaconte/oprah-winfrey-big-cabbage-instagram?origin=web-hf,"Oprah Grew A Cabbage So Big She Could Barely Carry It, And You Really Need To See It To Believe It's Real",,20200522-0500
https://www.buzzfeed.com/juliawilling/for-everyone-in-love-with-boxer?origin=web-hf,"23 Tweets For Everyone Who’s Aggressively Attracted To Boxer From ""White Lines""",,20200522-0500
https://www.buzzfeed.com/kristatorres/little-bugs-live-in-strawberries-so-you-should-al?origin=web-hf,"If You Wash Berries In Salt Water, Little Bugs Will Start To Crawl Out",,20200522-0500
https://www.buzzfeed.com/marielasummerhays01/therapy-is-for-men?origin=web-hf,"If You're A Man Who Relies On Therapy For Your Wellbeing, You're Not Alone",,20200522-0500
https://www.buzzfeed.com/ryanschocket2/people-are-sharing-the-worst-coworker-theyve-worked-with?origin=web-hf,"People Are Sharing The Worst Coworker They've Worked With And Wow, Just Wow",,20200522-0500
/watch/video/102332,"I Followed Bretman Rock's Oldest And Newest Makeup Tutorial
""This could either be a revelation or a giant mistake.""",,20200522-0500
https://www.buzzfeed.com/victoriagasparowicz/dark-moments-from-kids-movies-that-are-probably-still?origin=web-hf,22 Unexpectedly Dark Kids Movie Moments That People Wish They Could Forget,,20200522-0500
https://www.buzzfeed.com/farrahpenn/new-ya-books-spring-2020?origin=web-hf,Here Are The 15 Young Adult Books We're Loving This Spring,,20200522-0500
https://www.buzzfeed.com/chilifritos1234/plan-a-wedding-a-well-tell-which-the-office-char-cvj3ackoya?origin=web-hf,"Design Your Dream Wedding And We'll Tell You Which Character From ""The Office"" You Belong With",,20200522-0500
https://www.buzzfeed.com/lyapalater/the-bar-is-so-low-that-im-emotion-because-adam-sa?origin=web-hf,The Bar Is So Low That I'm Emo Over Adam Sandler Buying Tampons For The Women In His Life,,20200522-0500
https://www.buzzfeed.com/mjs538/a-news-clip-from-go-topless-jeep-weekend-is-going-viral?origin=web-hf,"A Video From ""Go Topless Jeep Weekend"" Is Going Viral Because ""Not Even SNL Could Write Something This Ridiculous""",,20200522-0500
https://www.buzzfeed.com/buzzfeedoznews/bye-buzzfeed-oz-news?origin=web-hf,This Is BuzzFeed News Australia’s Last Day. Here Are 37 Of Our Favourite Stories.,,20200522-0500
https://www.buzzfeed.com/hannahryan/refugees-phones-australia-whatsapp-interview?origin=web-hf,I Made A Group Chat With Refugees To Ask Them About Australia Wanting To Take Their Phones,,20200522-0500
https://www.buzzfeed.com/jasminsuknanan/useful-beauty-products-on-sale?origin=web-hf,23 Useful Beauty Products You'll Probably Be Very Glad You Got On Sale,,20200522-0500
/watch/video/105809,"The ""Outer Banks"" Cast Answers Your Burning Questions
Your favorite Pogues return as the cast of the hit Netflix series “Outer Banks” (Chase Stokes, Madelyn Cline, Madison Bailey, Rudy Pankow, and Jonathan Daviss) all sit down to answer your burning questions, from how their lives have changed since the show’s debut, to what they think will happen in season two, all the way to which major roles they’ve auditioned for in the past but didn’t get…which leads to one cast member revealing that he very nearly spent some time in a galaxy far, far away.",,20200522-0500
https://www.buzzfeed.com/hbraga/sephora-memorial-day-sale?origin=web-hf,Sephora Has Tons Of Products On Sale For Up To 50% Off Right Now,,20200522-0500
https://www.buzzfeednews.com/article/tanyachen/a-man-is-being-trolled-for-making-a-leather-face-mask?origin=web-hf,This Guy Is Being Trolled After He Shared His Design For A Cool-Looking Leather Face Mask,,20200522-0500
https://www.buzzfeed.com/jmihaly/fathers-day-gifts-dads-wont-pretend?origin=web-hf,31 Father’s Day Gifts That Dads Won’t Have To Pretend To Like,,20200522-0500
https://www.buzzfeednews.com/article/rubycramer/joe-biden-tara-reade-allegations-senate-2020?origin=web-hf,Tara Reade Stood Apart In Joe Biden's 1990s Senate Staff,,20200522-0500
https://www.buzzfeed.com/lakenbrooks222/we-know-your-soulmates-initials-based-on-the-shak-3thj8kp21b?origin=web-hf,We Know Your Soulmate's Initials Based On The Shakespearean Insults You Use To Describe Your Ex,,20200522-0500
https://www.buzzfeed.com/eleanorbate/gigi-hadid-pregnant-during-fashion-week?origin=web-hf,"Gigi Hadid Opened Up About Being ""A Few Months"" Pregnant During Fashion Week And How Her Body Has Changed",,20200522-0500
https://www.buzzfeed.com/yiyang/target-memorial-day-sale?origin=web-hf,All The Best Memorial Day Deals At Target,,20200522-0500
https://www.buzzfeed.com/kristatorres/jason-derulos-tried-to-eat-corn-off-a-power-drill?origin=web-hf,Jason Derulo Tried To Eat Corn Off A Power Drill And Things Did Not Go Well,,20200522-0500
/watch/video/103610,Gadiel Gets Financial Tips For Surviving This Pandemic,,20200522-0500
https://www.buzzfeed.com/whitneyjefferson/joaquin-phoenix-and-rooney-mara-baby-tweets?origin=web-hf,18 Perfect Tweets About Joaquin Phoenix And Rooney Mara Having A Baby,,20200522-0500
https://www.buzzfeed.com/lilianastephens21/make-a-friends-episode-and-ill-tell-you-which-fri-a59ionup2o?origin=web-hf,"Make A ""Friends"" Episode And I'll Tell You Which Character You Are",,20200522-0500
https://www.buzzfeed.com/samanthawieder/overstocks-memorial-day-blowout-sale-2020?origin=web-hf,All The Best Deals At Overstock's Memorial Day Sale,,20200522-0500
https://www.buzzfeed.com/swiftienerd/do-you-agree-with-these-unpopular-book-opinions-e47xhgqlig?origin=web-hf,Do You Actually Agree With These Controversial Book Opinions?,,20200522-0500
https://www.buzzfeed.com/racheldunkel/sur-la-table-summer-sale?origin=web-hf,"Sur La Table's Having A Huge Summer Sale, So It's Time To Invest In Some Quality Kitchen Tools",,20200522-0500
https://www.buzzfeed.com/isabellalouise/this-visual-quiz-will-reveal-which-elemental-bendi-687v2it35g?origin=web-hf,"This Visual Quiz Will Reveal Which ""Avatar: The Last Airbender"" Element You'd Master",,20200522-0500
https://www.buzzfeednews.com/article/salvadorhernandez/coronavirus-victim-white-house-butler-wilson-jerman?origin=web-hf,A White House Butler Who Worked For 11 US Presidents Died Of The Coronavirus,,20200522-0500
https://www.buzzfeed.com/kaylaboyd/fathers-day-gifts?origin=web-hf,34 Of The Best Father's Day Gifts To Give This Year,,20200522-0500
/watch/video/103666,"Black Family Tries Each Others' Chocolate Chip Cookies
""I'm lactose intolerant, I don't need this!""",,20200522-0500
https://www.buzzfeed.com/kirbybeaton/books-recommendations-traveling?origin=web-hf,19 Books To Read During Quarantine To Make You Feel Like You're Traveling,,20200522-0500
https://www.buzzfeed.com/malloryannp/fathers-day-gifts-over-35?origin=web-hf,50 Splurge-Worthy Gifts To Surprise Your Dad With This Father's Day,,20200522-0500
https://www.buzzfeed.com/shelbyheinrich/tiktok-music-festival-viral-heartwarming?origin=web-hf,"These Siblings Threw Their Brother A Surprise Music Festival In Their Backyard For His Birthday, And I Low-Key Wanna Attend",,20200522-0500
https://www.buzzfeed.com/angelicaamartinez/tiktok-vintage-makeup?origin=web-hf,TikTok Taught Me How Wild Vintage Makeup Compacts Were And I Desperately Need Them To Make A Comeback,,20200522-0500
https://www.buzzfeed.com/christopherhudspeth/photos-of-the-pandemic-world-different?origin=web-hf,19 Photos of Life Today That Would've Blown Your Mind A Year Ago,,20200522-0500
https://www.buzzfeed.com/audreyworboys/disney-movie-region-would-you-rather?origin=web-hf,"You Can Only Save One Disney Movie From Each Of These Regions, The Rest Are Deleted Forever",,20200522-0500
https://www.buzzfeed.com/lyapalater/heres-everything-new-coming-to-netflix-this-week-5-21?origin=web-hf,"Here's Everything New Coming To Netflix This Week, Starting May 21",,20200522-0500
https://www.buzzfeed.com/giannaudes/choose-celebrities-a-z-and-ill-tell-you-what-to-d-2r0na9k1lv?origin=web-hf,Choose A Celebrity For Every Letter Of The Alphabet And We'll Give You A New Activity To Try While You're At Home,,20200522-0500
/watch/video/103443,Japanese And Mexican People Swap Board Games,,20200522-0500
https://www.buzzfeed.com/briangalindo/queer-eye-new-season-5-trailer-netflix?origin=web-hf,"The Trailer For Season 5 Of ""Queer Eye"" Just Dropped And I Already Cried Six Times Watching It",,20200522-0500
https://www.buzzfeed.com/morganmurrell/serena-williams-daughter-instagram?origin=web-hf,Excuse Me While I Try To Contain My Baby Fever While Watching Serena Williams And Her Daughter,,20200522-0500
https://www.buzzfeed.com/genevievescarano/fitness-fathers-day-for-athletic-dads?origin=web-hf,30 Father's Day Gifts For The Dad Who Loves To Exercise,,20200522-0500
https://www.buzzfeed.com/nataliebrown/products-youll-probably-use-every-single-day-2020?origin=web-hf,30 Products So Effective You'll Probably Use Them Every Single Day,,20200522-0500
https://www.buzzfeednews.com/article/katebubacz/photos-michigan-flooding-dams?origin=web-hf,Dramatic Photos Show Massive Flooding After Two Dams Collapsed In Michigan,,20200522-0500
https://www.buzzfeed.com/shelbyheinrich/high-school-trivia-quiz?origin=web-hf,Half The Population Can't Pass This High School Simulation Without Cheating — Can You?,,20200522-0500
https://www.buzzfeed.com/benhenry/jojo-siwa-candy-themed-bedroom?origin=web-hf,JoJo Siwa Fans Came To Her Defence After A Video Of Her Candy Themed-Bedroom Sparked A Debate About Her Age,,20200522-0500
https://www.buzzfeed.com/sydrobinson1/commonly-misspelled-words-spelling-quiz?origin=web-hf,These Are 15 Of The Most Commonly Misspelled Words — Think You Can Spell Them Right?,,20200522-0500
/watch/video/105671,Black Women Go To Vegas Without Their Hair Done,,20200522-0500
https://www.buzzfeednews.com,BuzzFeed NewsReporting on what you care about. We hold major institutions accountable and expose wrongdoing.,,20200522-0530
https://www.tasty.co,"BuzzFeed TastySearch, watch, and cook every single Tasty recipe and video ever - all in one place!",,20200522-0530
https://www.buzzfeed.com/goodful,"BuzzFeed GoodfulSelf care and ideas to help you live a healthier, happier life.",,20200522-0530
https://www.buzzfeed.com/bringme,"BuzzFeed Bring MeObsessed with travel? Discover unique things to do, places to eat, and sights to see in the best destinations around the world with Bring Me!",,20200522-0530
https://www.buzzfeed.com/asis,"BuzzFeed As IsSomething for everyone interested in hair, makeup, style, and body positivity.",,20200522-0530
https://www.buzzfeed.com/ehisosifo1/drastic-americas-next-top-model-makeovers?origin=spl&ref=hpsplash,23 “ANTM” Makeovers That Tyra Banks Actually Assigned To Contestants,,20200522-0530
https://www.buzzfeed.com/yiyang/futuristic-products-thatll-probably-make-you-feel-like?origin=hpp,35 Futuristic Products That’ll Probably Make You Feel Like You’re Living In 3020,,20200522-0530
https://www.buzzfeed.com/newsletters?ref=hplego,"WTF Is Happening Today? BuzzFeed Newsletters Can Help!
We have newsletters to help you stay in the loop AND newsletters to help you forget! Try one today!",,20200522-0530
https://www.buzzfeed.com/zipporkella/what-percent-typical-nerd-are-you-c09ywjxe9m?origin=web-hf,"If You Check Off At Least 17/26 Things On This List, Then You're A Total Nerd",,20200522-0530
https://www.buzzfeed.com/mikespohr/mindblowing-facts?origin=web-hf,18 Random Facts That Absolutely Blew People's Minds On Twitter,,20200522-0530
https://www.buzzfeed.com/andrewziegler/quiz-party?origin=shp,"You Can Now Take BuzzFeed Quizzes In Real Time With Your Friends — You’re Welcome
Let’s get this party started.",,20200522-0530
https://www.buzzfeed.com/jenniferabidor/friends-a-to-z?origin=shp,"This ""Friends"" A–Z Quiz Will Reveal Which Main Character You Are",,20200522-0530
https://www.buzzfeed.com/sarahaspler/taste-in-disney-movies-age-quiz?origin=shp,Can We Accurately Guess Your Age Based On Your Taste In Disney Movies?,,20200522-0530
https://www.buzzfeed.com/andrewziegler/quiz-romantic-type?origin=shp,There Are Actually Only Four Romantic Types And We Can Accurately Guess Yours,,20200522-0530
https://www.buzzfeed.com/sarahaspler/everyone-has-a-fruit-that-matches-their-personalit?origin=shp,Everyone Has A Fruit That Matches Their Personality – Here’s Yours,,20200522-0530
https://www.buzzfeed.com/quizparty,Keep the quiz party going,,20200522-0530
https://www.buzzfeed.com/tessafahey/iconic-rom-com-checklist?origin=web-hf,How Many Iconic Rom-Coms Have You Actually Seen?,,20200522-0530
https://www.buzzfeed.com/noradominick/celeb-iconic-characters-trivia-quiz?origin=web-hf,These Iconic TV And Movie Characters Were Played By The Same Actor — Can You Tell Them Apart?,,20200522-0530
https://www.buzzfeed.com/maitlandquitmeyer/best-memorial-day-sales-deals-2020?origin=hshp,"All The Best Memorial Day Weekend Deals
The savings start now.",,20200522-0530
https://www.buzzfeed.com/kaylasuazo/all-the-best-memorial-day-mattress-sales-2020?origin=hshp,All Of The Best Memorial Day Mattress Sales,,20200522-0530
https://www.buzzfeed.com/emmalord9/best-deals-wayfair-memorial-day-sale?origin=hshp,All The Best Deals At Wayfair's Memorial Day Sale,,20200522-0530
https://www.buzzfeed.com/abbykass/zappos-memorial-day-sale?origin=hshp,You Can Save On *So* Many Popular Shoes During The Zappos Memorial Day Sale,,20200522-0530
https://www.buzzfeed.com/elenamgarcia/dyson-is-having-a-pretty-major-memorial-day-sale-no-better?origin=hshp,Dyson Is Having A Pretty Major Memorial Day Sale — No Better Time Than Now To Get Yourself A New Vacuum,,20200522-0530
https://www.buzzfeed.com/shopping?origin=hshp,See more great product recommendations,,20200522-0530
https://www.buzzfeed.com/tatianatenreyrowhitlock/funniest-tweets-lana-del-rey-instagram-post-drama?origin=web-hf,15 Funny Tweets About The Lana Del Rey Instagram Post Drama,,20200522-0530
/watch/video/102294,"We Didn't Use Toilet Paper For A Week 
Auri gets Steve to try reusable toilet paper, will he like it?",,20200522-0530
https://www.buzzfeed.com/jenniferabidor/jokes-about-disney-villains?origin=web-hf,21 Times The Internet Roasted The Disney Villains,,20200522-0530
https://www.buzzfeednews.com/article/davidmack/coronavirus-trump-test-positive-negative-answer-video?origin=shp,"Positive News! Trump Says He Tested Positively, Which Means Negative, For The Coronavirus.
“But that’s a way of saying it: positively toward the negative.”
11 hours ago",,20200522-0530
https://www.buzzfeednews.com/article/janelytvynenko/coronavirus-spin-doctors?origin=shp,These Are The Fake Experts Pushing Pseudoscience And Conspiracy Theories About The Coronavirus Pandemic,,20200522-0530
https://www.buzzfeednews.com/article/clarissajanlim/doctor-congressional-hearing-coronavirus-second-wave-ppe?origin=shp,"A Doctor Told Lawmakers The Country Is Not ""Prepared For A Second Wave"" Of The Coronavirus",,20200522-0530
https://www.buzzfeednews.com/article/meghara/qatar-coronavirus-tracking-app-mandatory?origin=shp,Qatar Has Made Its Coronavirus Contact Tracing App Mandatory,,20200522-0530
https://www.buzzfeednews.com/article/lamvo/coronavirus-update-charts-unemployment-claims-laid-off-jobs?origin=shp,These Updating Charts Show The Record Number Of Americans Filing Unemployment Claims,,20200522-0530
https://bzfd.it/noc-show,The daily News O'Clock podcast is here.,,20200522-0530
https://www.buzzfeed.com/tatianatenreyrowhitlock/lana-del-rey-responds-to-backlash-over-instagram-post?origin=web-hf,"Lana Del Rey Responded To The Backlash Toward Her Instagram Post, Saying She's Sad People Made It A ""WOC Issue""",,20200522-0530
https://www.buzzfeed.com/huynht2510/can-we-guess-your-most-recent-emoji-by-this-quiz-eqcv8mgpxb?origin=web-hf,Build A House And We'll Accurately Guess Your Most Recently Used Emoji,,20200522-0530
https://www.buzzfeed.com/farrahpenn/finals-week-zoom-university-fails?origin=web-hf,18 Times The Students Of Zoom University Really Struggled Through Finals Week,,20200522-0530
https://www.buzzfeednews.com/article/laurenstrapagiel/influencers-say-instagram-is-more-likely-to-remove-photos?origin=web-hf,"Influencers Say Instagram Is Biased Against Plus-Size Bodies, And They May Be Right",,20200522-0530
https://www.buzzfeed.com/mjs538/early-2000s-pictures-for-millennials?origin=web-hf,33 Pictures That Millennials Will Have To Explain To Generation Alpha Someday,,20200522-0530
https://www.buzzfeed.com/victoriavouloumanos/stars-who-are-mixed-asian-pacific-islander?origin=shp,"34 Multiracial Celebs Who Are Actually Asian Or Pacific Islander
Relatable and inspirational icons, all of ‘em.",,20200522-0530
https://www.buzzfeed.com/nusrat21/a-guide-for-people-new-to-bollywood?origin=shp,30 Bollywood Films That Everyone Absolutely Must See,,20200522-0530
https://www.buzzfeed.com/michellemkim/asian-male-celebs-thirst?origin=shp,21 Asian Male Celebs That Have Us Feeling Oh So Very Thirsty,,20200522-0530
https://www.buzzfeed.com/michellemkim/which-anime-best-boy-are-you?origin=shp,Quiz: Which Anime Best Boy Are You?,,20200522-0530
https://www.buzzfeed.com/badge/apahm2020,See all of our APAHM coverage here,,20200522-0530
/watch/video/99501,"Boricua From The Island vs The Mainland 
Love one another, Puerto Ricans from around the world!",,20200522-0530
https://www.buzzfeed.com/morganmurrell/drake-called-kylie-jenner-side-piece-apology?origin=web-hf,"Drake Name-Dropped Kylie Jenner, Kendall Jenner, And Gigi Hadid In A Song, Then Issued An Apology Statement",,20200522-0530
https://www.buzzfeed.com/kirbybeaton/virtual-vacation-newsletter-bring-me,"If You're Missing Travel, Sign Up For Our ""Virtual Vacation"" Newsletter",,20200522-0530
https://www.buzzfeed.com/briangalindo/21-tbt-photos-celebs-posted-on-instagram-may-21?origin=web-hf,Here's What Chrissy Teigen And 20 Other Celebrities Shared This Week For #TBT,,20200522-0530
https://www.buzzfeednews.com/article/skbaer/ahmaud-arbery-death-william-bryan-arrest?origin=web-hf,The Man Who Recorded Video Of Ahmaud Arbery Being Shot Has Been Arrested On A Murder Charge,,20200522-0530
https://www.buzzfeed.com/christopherhudspeth/oh-come-on-facepalm-that-sucks-things?origin=web-hf,15 Facepalm-Worthy Things Humans Recently Did During This Pandemic That Make Me Hope Aliens Aren't Watching,,20200522-0530
https://www.buzzfeed.com/tatianatenreyrowhitlock/michael-cera-aubrey-plaza-chuck-e-cheese-pic?origin=web-hf,Michael Cera And Aubrey Plaza's Chuck E. Cheese Photo Is Legendary And Now We Have The Whole Story,,20200522-0530
https://www.buzzfeed.com/briangalindo/chris-pratt-accidentally-deleted-over-35000-unread-emails?origin=web-hf,"Chris Pratt Accidentally Deleted More Than 35,000 Unread Emails After His Son Gasped At His Full Inbox",,20200522-0530
https://www.buzzfeed.com/kaylayandoli/whats-your-favorite-behind-the-scenes-feud-in-tvmovie,What's The Most Iconic Behind The Scenes Feud From A TV Show Or Movie?,,20200522-0530
/watch/video/105540,"Camp Counselor Horror Stories
In honor of summer former camp counselors share their craziest, weirdest and funniest experiences from camp.",,20200522-0530
https://www.buzzfeed.com/sydrobinson1/before-and-after-pets-being-adopted-quarantine?origin=web-hf,21 Before-And-After Pictures Of Pets Who Were Adopted During Quarantine,,20200522-0530
https://www.buzzfeed.com/daves4/everyone-hates-but-does?origin=web-hf,27 Things Everyone On Earth Hates That They Do But Does Anyway,,20200522-0530
https://www.buzzfeed.com/hannahmarder/teen-drama-characters-that-did-not-need-to-die?origin=web-hf,20 Of The Most Tragically Unnecessary Deaths From Teen Dramas,,20200522-0530
https://www.buzzfeed.com/tessafahey/identify-avatar-the-last-airbender-characters-quiz?origin=web-hf,"If You Can Identify 30/36 Of These ""Avatar: The Last Airbender"" Characters, You're A Master Bender",,20200522-0530
https://www.buzzfeed.com/isabellalouise/can-you-sort-these-hogwarts-students-in-their-righ-klzvv4gs4?origin=web-hf,Only A Hogwarts Genius Can Match The Student To The House They Were Sorted Into,,20200522-0530
https://www.buzzfeed.com/clareaston/my-bibliotherapy-prescription?origin=web-hf,"You Can Now Be ""Prescribed"" Books For Your Mental Health And These Six Were Meant To Help Me",,20200522-0530
https://www.buzzfeed.com/rosethecorgi/choose-some-food-and-revile-your-soulmates-name-7gjir6fim?origin=web-hf,"If You Really Wanna Know The First Letter Of Your Soulmate's Name, Eat Some Food And We'll Tell You",,20200522-0530
https://www.buzzfeed.com/mjs538/rose-on-90-day-fiance-and-big-ed?origin=web-hf,We Need To Stop Talking About Big Ed And Start Talking About Rose,,20200522-0530
/watch/video/105310,"Loren Gray Reads Her Instagram DMs
Loren Gray bravely sits down to do a deep dive into her Instagram DM requests, which include supportive fans, the obligatory haters, and even some marriage proposals from complete strangers. Check out Loren’s new single “Cake” now: https://www.youtube.com/watch?v=klwWrurkjgc",,20200522-0530
https://www.buzzfeed.com/ehisosifo1/harry-potter-letter-p-trivia-quiz?origin=web-hf,"This ""Harry Potter"" Quiz Will Separate The Wizards From The Muggles And It All Depends On The Letter P",,20200522-0530
https://www.buzzfeed.com/fallon2/what-hunger-games-characters-belong-in-these-hogwa-ckb6eid9yq?origin=web-hf,"Would You Sort These Characters From ""The Hunger Games"" Into The Same Hogwarts Houses As Everyone Else?",,20200522-0530
https://www.buzzfeed.com/alliehayes/books-so-good-you-cannot-put-them-down-flipped?origin=web-hf,"21 Books That Are So Good, People Literally Could Not Put Them Down",,20200522-0530
https://www.buzzfeed.com/christopherhudspeth/people-believed-there-was-evidence-of-a-parallel-universe?origin=web-hf,"17 Of The Funniest Tweets About The Discovery Of ""Evidence"" That A Parallel Universe Exists",,20200522-0530
https://www.buzzfeed.com/avaerickson04/which-disney-prince-do-you-belong-with-1mtuff45b1?origin=web-hf,Which Disney Prince Is Your Soulmate?,,20200522-0530
https://www.buzzfeed.com/stephenlaconte/lana-del-rey-controversy-beyonce-ariana-grande-cardi-b?origin=web-hf,"Lana Del Rey Seemed To Drag Artists Like Beyoncé, Cardi B, And Ariana Grande In A Statement On Instagram, And People Are Pissed",,20200522-0530
https://www.buzzfeednews.com/article/michaelblackmon/lana-del-rey-instagram-post-race?origin=web-hf,This Is Why People Are Mad At Lana Del Rey,,20200522-0530
https://www.buzzfeed.com/katdo0907/the-office-and-friends-polls-1v8n4ssmtp?origin=web-hf,"These Polls Are For Fans Of ""Friends"" And ""The Office"" Only",,20200522-0530
/watch/video/105538,Can These Exes Be Friends?,,20200522-0530
https://www.buzzfeed.com/daniellaemanuel/water-popsicles-tiktok?origin=web-hf,"A Mom On TikTok Makes ""Water Popsicles"" For Her Kids And I'm Cracking Up",,20200522-0530
https://www.buzzfeed.com/stephenlaconte/oprah-winfrey-big-cabbage-instagram?origin=web-hf,"Oprah Grew A Cabbage So Big She Could Barely Carry It, And You Really Need To See It To Believe It's Real",,20200522-0530
https://www.buzzfeed.com/anoushkagadhwal/the-ultimate-harry-potter-and-the-sorcereras-sto-cn37ve6nwu?origin=web-hf,"I Bet You Can't Score 10/13 On This ""Harry Potter And The Sorcerer’s Stone"" Book Quiz",,20200522-0530
https://www.buzzfeed.com/juliawilling/for-everyone-in-love-with-boxer?origin=web-hf,"If You Are Horny For Boxer From Netflix’s ""White Lines"", These 23 Tweets Are For You",,20200522-0530
https://www.buzzfeed.com/kristatorres/little-bugs-live-in-strawberries-so-you-should-al?origin=web-hf,"If You Wash Berries In Salt Water, Little Bugs Will Start To Crawl Out",,20200522-0530
https://www.buzzfeed.com/marielasummerhays01/therapy-is-for-men?origin=web-hf,"If You're A Man Who Relies On Therapy For Your Wellbeing, You're Not Alone",,20200522-0530
https://www.buzzfeed.com/ryanschocket2/people-are-sharing-the-worst-coworker-theyve-worked-with?origin=web-hf,"People Are Sharing The Worst Coworker They've Worked With And Wow, Just Wow",,20200522-0530
https://www.buzzfeed.com/victoriagasparowicz/dark-moments-from-kids-movies-that-are-probably-still?origin=web-hf,22 Unexpectedly Dark Kids Movie Moments That People Wish They Could Forget,,20200522-0530
/watch/video/102332,"I Followed Bretman Rock's Oldest And Newest Makeup Tutorial
""This could either be a revelation or a giant mistake.""",,20200522-0530
https://www.buzzfeed.com/farrahpenn/new-ya-books-spring-2020?origin=web-hf,Here Are The 15 Young Adult Books We're Loving This Spring,,20200522-0530
https://www.buzzfeed.com/chilifritos1234/plan-a-wedding-a-well-tell-which-the-office-char-cvj3ackoya?origin=web-hf,"Design Your Dream Wedding And We'll Tell You Which Character From ""The Office"" You Belong With",,20200522-0530
https://www.buzzfeed.com/lyapalater/the-bar-is-so-low-that-im-emotion-because-adam-sa?origin=web-hf,The Bar Is So Low That I'm Emo Over Adam Sandler Buying Tampons For The Women In His Life,,20200522-0530
https://www.buzzfeed.com/mjs538/a-news-clip-from-go-topless-jeep-weekend-is-going-viral?origin=web-hf,"A Video From ""Go Topless Jeep Weekend"" Is Going Viral Because ""Not Even SNL Could Write Something This Ridiculous""",,20200522-0530
https://www.buzzfeed.com/buzzfeedoznews/bye-buzzfeed-oz-news?origin=web-hf,This Is BuzzFeed News Australia’s Last Day. Here Are 37 Of Our Favourite Stories.,,20200522-0530
https://www.buzzfeed.com/jasminsuknanan/useful-beauty-products-on-sale?origin=web-hf,23 Useful Beauty Products You'll Probably Be Very Glad You Got On Sale,,20200522-0530
https://www.buzzfeed.com/hannahryan/refugees-phones-australia-whatsapp-interview?origin=web-hf,Australia Wants To Make It Easier To Take Phones Away From Refugees. I Made A Group Chat To Find Out What They Think.,,20200522-0530
https://www.buzzfeed.com/hbraga/sephora-memorial-day-sale?origin=web-hf,Sephora Has Tons Of Products On Sale For Up To 50% Off Right Now,,20200522-0530
/watch/video/105809,"The ""Outer Banks"" Cast Answers Your Burning Questions
Your favorite Pogues return as the cast of the hit Netflix series “Outer Banks” (Chase Stokes, Madelyn Cline, Madison Bailey, Rudy Pankow, and Jonathan Daviss) all sit down to answer your burning questions, from how their lives have changed since the show’s debut, to what they think will happen in season two, all the way to which major roles they’ve auditioned for in the past but didn’t get…which leads to one cast member revealing that he very nearly spent some time in a galaxy far, far away.",,20200522-0530
https://www.buzzfeednews.com/article/tanyachen/a-man-is-being-trolled-for-making-a-leather-face-mask?origin=web-hf,This Guy Is Being Trolled After He Shared His Design For A Cool-Looking Leather Face Mask,,20200522-0530
https://www.buzzfeed.com/jmihaly/fathers-day-gifts-dads-wont-pretend?origin=web-hf,31 Father’s Day Gifts That Dads Won’t Have To Pretend To Like,,20200522-0530
https://www.buzzfeednews.com/article/rubycramer/joe-biden-tara-reade-allegations-senate-2020?origin=web-hf,Tara Reade Stood Apart In Joe Biden's 1990s Senate Staff,,20200522-0530
https://www.buzzfeed.com/lakenbrooks222/we-know-your-soulmates-initials-based-on-the-shak-3thj8kp21b?origin=web-hf,We Know Your Soulmate's Initials Based On The Shakespearean Insults You Use To Describe Your Ex,,20200522-0530
https://www.buzzfeed.com/yiyang/target-memorial-day-sale?origin=web-hf,All The Best Memorial Day Deals At Target,,20200522-0530
https://www.buzzfeed.com/eleanorbate/gigi-hadid-pregnant-during-fashion-week?origin=web-hf,"Gigi Hadid Opened Up About Being ""A Few Months"" Pregnant During Fashion Week And How Her Body Has Changed",,20200522-0530
https://www.buzzfeed.com/kristatorres/jason-derulos-tried-to-eat-corn-off-a-power-drill?origin=web-hf,Jason Derulo Tried To Eat Corn Off A Power Drill And Things Did Not Go Well,,20200522-0530
https://www.buzzfeed.com/whitneyjefferson/joaquin-phoenix-and-rooney-mara-baby-tweets?origin=web-hf,18 Perfect Tweets About Joaquin Phoenix And Rooney Mara Having A Baby,,20200522-0530
/watch/video/103610,Gadiel Gets Financial Tips For Surviving This Pandemic,,20200522-0530
https://www.buzzfeed.com/swiftienerd/do-you-agree-with-these-unpopular-book-opinions-e47xhgqlig?origin=web-hf,Do You Actually Agree With These Controversial Book Opinions?,,20200522-0530
https://www.buzzfeed.com/racheldunkel/sur-la-table-summer-sale?origin=web-hf,"Sur La Table's Having A Huge Summer Sale, So It's Time To Invest In Some Quality Kitchen Tools",,20200522-0530
https://www.buzzfeed.com/lilianastephens21/make-a-friends-episode-and-ill-tell-you-which-fri-a59ionup2o?origin=web-hf,"Make A ""Friends"" Episode And I'll Tell You Which Character You Are",,20200522-0530
https://www.buzzfeed.com/samanthawieder/overstocks-memorial-day-blowout-sale-2020?origin=web-hf,All The Best Deals At Overstock's Memorial Day Sale,,20200522-0530
https://www.buzzfeed.com/isabellalouise/this-visual-quiz-will-reveal-which-elemental-bendi-687v2it35g?origin=web-hf,"This Visual Quiz Will Reveal Which ""Avatar: The Last Airbender"" Element You'd Master",,20200522-0530
https://www.buzzfeednews.com/article/salvadorhernandez/coronavirus-victim-white-house-butler-wilson-jerman?origin=web-hf,A White House Butler Who Worked For 11 US Presidents Died Of The Coronavirus,,20200522-0530
https://www.buzzfeed.com/kaylaboyd/fathers-day-gifts?origin=web-hf,34 Of The Best Father's Day Gifts To Give This Year,,20200522-0530
https://www.buzzfeed.com/kirbybeaton/books-recommendations-traveling?origin=web-hf,19 Books To Read During Quarantine To Make You Feel Like You're Traveling,,20200522-0530
/watch/video/103666,"Black Family Tries Each Others' Chocolate Chip Cookies
""I'm lactose intolerant, I don't need this!""",,20200522-0530
https://www.buzzfeed.com/shelbyheinrich/tiktok-music-festival-viral-heartwarming?origin=web-hf,"These Siblings Threw Their Brother A Surprise Music Festival In Their Backyard For His Birthday, And I Low-Key Wanna Attend",,20200522-0530
https://www.buzzfeed.com/malloryannp/fathers-day-gifts-over-35?origin=web-hf,50 Splurge-Worthy Gifts To Surprise Your Dad With This Father's Day,,20200522-0530
https://www.buzzfeed.com/angelicaamartinez/tiktok-vintage-makeup?origin=web-hf,TikTok Taught Me How Wild Vintage Makeup Compacts Were And I Desperately Need Them To Make A Comeback,,20200522-0530
https://www.buzzfeed.com/christopherhudspeth/photos-of-the-pandemic-world-different?origin=web-hf,19 Photos of Life Today That Would've Blown Your Mind A Year Ago,,20200522-0530
https://www.buzzfeed.com/audreyworboys/disney-movie-region-would-you-rather?origin=web-hf,"You Can Only Save One Disney Movie From Each Of These Regions, The Rest Are Deleted Forever",,20200522-0530
https://www.buzzfeed.com/lyapalater/heres-everything-new-coming-to-netflix-this-week-5-21?origin=web-hf,"Here's Everything New Coming To Netflix This Week, Starting May 21",,20200522-0530
https://www.buzzfeed.com/giannaudes/choose-celebrities-a-z-and-ill-tell-you-what-to-d-2r0na9k1lv?origin=web-hf,Choose A Celebrity For Every Letter Of The Alphabet And We'll Give You A New Activity To Try While You're At Home,,20200522-0530
https://www.buzzfeed.com/briangalindo/queer-eye-new-season-5-trailer-netflix?origin=web-hf,"The Trailer For Season 5 Of ""Queer Eye"" Just Dropped And I Already Cried Six Times Watching It",,20200522-0530
/watch/video/103443,Japanese And Mexican People Swap Board Games,,20200522-0530
https://www.buzzfeed.com/morganmurrell/serena-williams-daughter-instagram?origin=web-hf,Excuse Me While I Try To Contain My Baby Fever While Watching Serena Williams And Her Daughter,,20200522-0530
https://www.buzzfeed.com/genevievescarano/fitness-fathers-day-for-athletic-dads?origin=web-hf,30 Father's Day Gifts For The Dad Who Loves To Exercise,,20200522-0530
https://www.buzzfeed.com/nataliebrown/products-youll-probably-use-every-single-day-2020?origin=web-hf,30 Products So Effective You'll Probably Use Them Every Single Day,,20200522-0530
https://www.buzzfeednews.com/article/katebubacz/photos-michigan-flooding-dams?origin=web-hf,Dramatic Photos Show Massive Flooding After Two Dams Collapsed In Michigan,,20200522-0530
https://www.buzzfeed.com/shelbyheinrich/high-school-trivia-quiz?origin=web-hf,Half The Population Can't Pass This High School Simulation Without Cheating — Can You?,,20200522-0530
https://www.buzzfeed.com/benhenry/jojo-siwa-candy-themed-bedroom?origin=web-hf,JoJo Siwa Fans Came To Her Defence After A Video Of Her Candy Themed-Bedroom Sparked A Debate About Her Age,,20200522-0530
https://www.buzzfeed.com/sydrobinson1/commonly-misspelled-words-spelling-quiz?origin=web-hf,These Are 15 Of The Most Commonly Misspelled Words — Think You Can Spell Them Right?,,20200522-0530
https://www.buzzfeednews.com/article/salvadorhernandez/naval-air-station-terrorism-corpus-christi?origin=web-hf,"A Shooting At A Naval Air Station In Texas Was Terrorism-Related, The FBI Said",,20200522-0530
/watch/video/105671,Black Women Go To Vegas Without Their Hair Done,,20200522-0530
https://www.buzzfeednews.com,BuzzFeed NewsReporting on what you care about. We hold major institutions accountable and expose wrongdoing.,,20200522-0600
https://www.tasty.co,"BuzzFeed TastySearch, watch, and cook every single Tasty recipe and video ever - all in one place!",,20200522-0600
https://www.buzzfeed.com/goodful,"BuzzFeed GoodfulSelf care and ideas to help you live a healthier, happier life.",,20200522-0600
https://www.buzzfeed.com/bringme,"BuzzFeed Bring MeObsessed with travel? Discover unique things to do, places to eat, and sights to see in the best destinations around the world with Bring Me!",,20200522-0600
https://www.buzzfeed.com/asis,"BuzzFeed As IsSomething for everyone interested in hair, makeup, style, and body positivity.",,20200522-0600
https://www.buzzfeed.com/tatianatenreyrowhitlock/lady-gaga-and-ariana-grande-song?ref=hpsplash&origin=spl,Lady Gaga And Ariana Grande Just Made The Weekend More Exciting By Dropping Their Song “Rain On Me”,,20200522-0600
https://www.buzzfeed.com/yiyang/futuristic-products-thatll-probably-make-you-feel-like?origin=hpp,35 Futuristic Products That’ll Probably Make You Feel Like You’re Living In 3020,,20200522-0600
https://www.buzzfeed.com/newsletters?ref=hplego,"WTF Is Happening Today? BuzzFeed Newsletters Can Help!
We have newsletters to help you stay in the loop AND newsletters to help you forget! Try one today!",,20200522-0600
https://www.buzzfeed.com/zipporkella/what-percent-typical-nerd-are-you-c09ywjxe9m?origin=web-hf,"If You Check Off At Least 17/26 Things On This List, Then You're A Total Nerd",,20200522-0600
https://www.buzzfeed.com/mikespohr/mindblowing-facts?origin=web-hf,18 Random Facts That Absolutely Blew People's Minds On Twitter,,20200522-0600
https://www.buzzfeed.com/andrewziegler/quiz-party?origin=shp,"You Can Now Take BuzzFeed Quizzes In Real Time With Your Friends — You’re Welcome
Let’s get this party started.",,20200522-0600
https://www.buzzfeed.com/jenniferabidor/friends-a-to-z?origin=shp,"This ""Friends"" A–Z Quiz Will Reveal Which Main Character You Are",,20200522-0600
https://www.buzzfeed.com/sarahaspler/taste-in-disney-movies-age-quiz?origin=shp,Can We Accurately Guess Your Age Based On Your Taste In Disney Movies?,,20200522-0600
https://www.buzzfeed.com/andrewziegler/quiz-romantic-type?origin=shp,There Are Actually Only Four Romantic Types And We Can Accurately Guess Yours,,20200522-0600
https://www.buzzfeed.com/sarahaspler/everyone-has-a-fruit-that-matches-their-personalit?origin=shp,Everyone Has A Fruit That Matches Their Personality – Here’s Yours,,20200522-0600
https://www.buzzfeed.com/quizparty,Keep the quiz party going,,20200522-0600
https://www.buzzfeed.com/tessafahey/iconic-rom-com-checklist?origin=web-hf,How Many Iconic Rom-Coms Have You Actually Seen?,,20200522-0600
https://www.buzzfeed.com/noradominick/celeb-iconic-characters-trivia-quiz?origin=web-hf,These Iconic TV And Movie Characters Were Played By The Same Actor — Can You Tell Them Apart?,,20200522-0600
https://www.buzzfeed.com/maitlandquitmeyer/best-memorial-day-sales-deals-2020?origin=hshp,"All The Best Memorial Day Weekend Deals
The savings start now.",,20200522-0600
https://www.buzzfeed.com/kaylasuazo/all-the-best-memorial-day-mattress-sales-2020?origin=hshp,All Of The Best Memorial Day Mattress Sales,,20200522-0600
https://www.buzzfeed.com/emmalord9/best-deals-wayfair-memorial-day-sale?origin=hshp,All The Best Deals At Wayfair's Memorial Day Sale,,20200522-0600
https://www.buzzfeed.com/abbykass/zappos-memorial-day-sale?origin=hshp,You Can Save On *So* Many Popular Shoes During The Zappos Memorial Day Sale,,20200522-0600
https://www.buzzfeed.com/elenamgarcia/dyson-is-having-a-pretty-major-memorial-day-sale-no-better?origin=hshp,Dyson Is Having A Pretty Major Memorial Day Sale — No Better Time Than Now To Get Yourself A New Vacuum,,20200522-0600
https://www.buzzfeed.com/shopping?origin=hshp,See more great product recommendations,,20200522-0600
https://www.buzzfeed.com/tatianatenreyrowhitlock/funniest-tweets-lana-del-rey-instagram-post-drama?origin=web-hf,15 Funny Tweets About The Lana Del Rey Instagram Post Drama,,20200522-0600
/watch/video/102294,"We Didn't Use Toilet Paper For A Week 
Auri gets Steve to try reusable toilet paper, will he like it?",,20200522-0600
https://www.buzzfeed.com/jenniferabidor/jokes-about-disney-villains?origin=web-hf,21 Times The Internet Roasted The Disney Villains,,20200522-0600
https://www.buzzfeednews.com/article/davidmack/coronavirus-trump-test-positive-negative-answer-video?origin=shp,"Positive News! Trump Says He Tested Positively, Which Means Negative, For The Coronavirus.
“But that’s a way of saying it: positively toward the negative.”
11 hours ago",,20200522-0600
https://www.buzzfeednews.com/article/janelytvynenko/coronavirus-spin-doctors?origin=shp,These Are The Fake Experts Pushing Pseudoscience And Conspiracy Theories About The Coronavirus Pandemic,,20200522-0600
https://www.buzzfeednews.com/article/clarissajanlim/doctor-congressional-hearing-coronavirus-second-wave-ppe?origin=shp,"A Doctor Told Lawmakers The Country Is Not ""Prepared For A Second Wave"" Of The Coronavirus",,20200522-0600
https://www.buzzfeednews.com/article/meghara/qatar-coronavirus-tracking-app-mandatory?origin=shp,Qatar Has Made Its Coronavirus Contact Tracing App Mandatory,,20200522-0600
https://www.buzzfeednews.com/article/lamvo/coronavirus-update-charts-unemployment-claims-laid-off-jobs?origin=shp,These Updating Charts Show The Record Number Of Americans Filing Unemployment Claims,,20200522-0600
https://bzfd.it/noc-show,The daily News O'Clock podcast is here.,,20200522-0600
https://www.buzzfeed.com/huynht2510/can-we-guess-your-most-recent-emoji-by-this-quiz-eqcv8mgpxb?origin=web-hf,Build A House And We'll Accurately Guess Your Most Recently Used Emoji,,20200522-0600
https://www.buzzfeed.com/tatianatenreyrowhitlock/lana-del-rey-responds-to-backlash-over-instagram-post?origin=web-hf,"Lana Del Rey Responded To The Backlash Toward Her Instagram Post, Saying She's Sad People Made It A ""WOC Issue""",,20200522-0600
https://www.buzzfeed.com/farrahpenn/finals-week-zoom-university-fails?origin=web-hf,18 Times The Students Of Zoom University Really Struggled Through Finals Week,,20200522-0600
https://www.buzzfeednews.com/article/laurenstrapagiel/influencers-say-instagram-is-more-likely-to-remove-photos?origin=web-hf,"Influencers Say Instagram Is Biased Against Plus-Size Bodies, And They May Be Right",,20200522-0600
https://www.buzzfeed.com/mjs538/early-2000s-pictures-for-millennials?origin=web-hf,33 Pictures That Millennials Will Have To Explain To Generation Alpha Someday,,20200522-0600
https://www.buzzfeed.com/victoriavouloumanos/stars-who-are-mixed-asian-pacific-islander?origin=shp,"34 Multiracial Celebs Who Are Actually Asian Or Pacific Islander
Relatable and inspirational icons, all of ‘em.",,20200522-0600
https://www.buzzfeed.com/nusrat21/a-guide-for-people-new-to-bollywood?origin=shp,30 Bollywood Films That Everyone Absolutely Must See,,20200522-0600
https://www.buzzfeed.com/michellemkim/asian-male-celebs-thirst?origin=shp,21 Asian Male Celebs That Have Us Feeling Oh So Very Thirsty,,20200522-0600
https://www.buzzfeed.com/michellemkim/which-anime-best-boy-are-you?origin=shp,Quiz: Which Anime Best Boy Are You?,,20200522-0600
https://www.buzzfeed.com/badge/apahm2020,See all of our APAHM coverage here,,20200522-0600
/watch/video/99501,"Boricua From The Island vs The Mainland 
Love one another, Puerto Ricans from around the world!",,20200522-0600
https://www.buzzfeed.com/morganmurrell/drake-called-kylie-jenner-side-piece-apology?origin=web-hf,"Drake Name-Dropped Kylie Jenner, Kendall Jenner, And Gigi Hadid In A Song, Then Issued An Apology Statement",,20200522-0600
https://www.buzzfeed.com/kebornholtz/dont-miss-any-of-our-oscars-coverage-with-our-oscars-guide,Find The Next Show To Binge On With Our TV & Movies Newsletter!,,20200522-0600
https://www.buzzfeed.com/briangalindo/21-tbt-photos-celebs-posted-on-instagram-may-21?origin=web-hf,Here's What Chrissy Teigen And 20 Other Celebrities Shared This Week For #TBT,,20200522-0600
https://www.buzzfeednews.com/article/skbaer/ahmaud-arbery-death-william-bryan-arrest?origin=web-hf,The Man Who Recorded Video Of Ahmaud Arbery Being Shot Has Been Arrested On A Murder Charge,,20200522-0600
https://www.buzzfeed.com/christopherhudspeth/oh-come-on-facepalm-that-sucks-things?origin=web-hf,15 Facepalm-Worthy Things Humans Recently Did During This Pandemic That Make Me Hope Aliens Aren't Watching,,20200522-0600
https://www.buzzfeed.com/tatianatenreyrowhitlock/michael-cera-aubrey-plaza-chuck-e-cheese-pic?origin=web-hf,Michael Cera And Aubrey Plaza's Chuck E. Cheese Photo Is Legendary And Now We Have The Whole Story,,20200522-0600
https://www.buzzfeed.com/briangalindo/chris-pratt-accidentally-deleted-over-35000-unread-emails?origin=web-hf,"Chris Pratt Accidentally Deleted More Than 35,000 Unread Emails After His Son Gasped At His Full Inbox",,20200522-0600
https://www.buzzfeed.com/melanie_aman/what-is-the-best-place-to-buy-bras-if-you-have-small-boobs,What's The Best Place To Buy Bras If You Have Small Boobs?,,20200522-0600
/watch/video/105540,"Camp Counselor Horror Stories
In honor of summer former camp counselors share their craziest, weirdest and funniest experiences from camp.",,20200522-0600
https://www.buzzfeed.com/sydrobinson1/before-and-after-pets-being-adopted-quarantine?origin=web-hf,21 Before-And-After Pictures Of Pets Who Were Adopted During Quarantine,,20200522-0600
https://www.buzzfeed.com/daves4/everyone-hates-but-does?origin=web-hf,27 Things Everyone On Earth Hates That They Do But Does Anyway,,20200522-0600
https://www.buzzfeed.com/hannahmarder/teen-drama-characters-that-did-not-need-to-die?origin=web-hf,20 Of The Most Tragically Unnecessary Deaths From Teen Dramas,,20200522-0600
https://www.buzzfeed.com/tessafahey/identify-avatar-the-last-airbender-characters-quiz?origin=web-hf,"If You Can Identify 30/36 Of These ""Avatar: The Last Airbender"" Characters, You're A Master Bender",,20200522-0600
https://www.buzzfeed.com/isabellalouise/can-you-sort-these-hogwarts-students-in-their-righ-klzvv4gs4?origin=web-hf,Only A Hogwarts Genius Can Match The Student To The House They Were Sorted Into,,20200522-0600
https://www.buzzfeed.com/clareaston/my-bibliotherapy-prescription?origin=web-hf,"You Can Now Be ""Prescribed"" Books For Your Mental Health And These Six Were Meant To Help Me",,20200522-0600
https://www.buzzfeed.com/rosethecorgi/choose-some-food-and-revile-your-soulmates-name-7gjir6fim?origin=web-hf,"If You Really Wanna Know The First Letter Of Your Soulmate's Name, Eat Some Food And We'll Tell You",,20200522-0600
https://www.buzzfeed.com/mjs538/rose-on-90-day-fiance-and-big-ed?origin=web-hf,We Need To Stop Talking About Big Ed And Start Talking About Rose,,20200522-0600
/watch/video/105310,"Loren Gray Reads Her Instagram DMs
Loren Gray bravely sits down to do a deep dive into her Instagram DM requests, which include supportive fans, the obligatory haters, and even some marriage proposals from complete strangers. Check out Loren’s new single “Cake” now: https://www.youtube.com/watch?v=klwWrurkjgc",,20200522-0600
https://www.buzzfeed.com/ehisosifo1/harry-potter-letter-p-trivia-quiz?origin=web-hf,"This ""Harry Potter"" Quiz Will Separate The Wizards From The Muggles And It All Depends On The Letter P",,20200522-0600
https://www.buzzfeed.com/fallon2/what-hunger-games-characters-belong-in-these-hogwa-ckb6eid9yq?origin=web-hf,"Would You Sort These Characters From ""The Hunger Games"" Into The Same Hogwarts Houses As Everyone Else?",,20200522-0600
https://www.buzzfeed.com/ehisosifo1/drastic-americas-next-top-model-makeovers?origin=web-hf,"23 ""ANTM"" Makeovers That Tyra Banks Actually Assigned To Contestants",,20200522-0600
https://www.buzzfeed.com/alliehayes/books-so-good-you-cannot-put-them-down-flipped?origin=web-hf,"21 Books That Are So Good, People Literally Could Not Put Them Down",,20200522-0600
https://www.buzzfeed.com/christopherhudspeth/people-believed-there-was-evidence-of-a-parallel-universe?origin=web-hf,"17 Of The Funniest Tweets About The Discovery Of ""Evidence"" That A Parallel Universe Exists",,20200522-0600
https://www.buzzfeed.com/avaerickson04/which-disney-prince-do-you-belong-with-1mtuff45b1?origin=web-hf,Which Disney Prince Is Your Soulmate?,,20200522-0600
https://www.buzzfeed.com/stephenlaconte/lana-del-rey-controversy-beyonce-ariana-grande-cardi-b?origin=web-hf,"Lana Del Rey Seemed To Drag Artists Like Beyoncé, Cardi B, And Ariana Grande In A Statement On Instagram, And People Are Pissed",,20200522-0600
https://www.buzzfeednews.com/article/michaelblackmon/lana-del-rey-instagram-post-race?origin=web-hf,This Is Why People Are Mad At Lana Del Rey,,20200522-0600
/watch/video/105538,Can These Exes Be Friends?,,20200522-0600
https://www.buzzfeed.com/stephenlaconte/oprah-winfrey-big-cabbage-instagram?origin=web-hf,"Oprah Grew A Cabbage So Big She Could Barely Carry It, And You Really Need To See It To Believe It's Real",,20200522-0600
https://www.buzzfeed.com/katdo0907/the-office-and-friends-polls-1v8n4ssmtp?origin=web-hf,"These Polls Are For Fans Of ""Friends"" And ""The Office"" Only",,20200522-0600
https://www.buzzfeed.com/daniellaemanuel/water-popsicles-tiktok?origin=web-hf,"A Mom On TikTok Makes ""Water Popsicles"" For Her Kids And I'm Cracking Up",,20200522-0600
https://www.buzzfeed.com/anoushkagadhwal/the-ultimate-harry-potter-and-the-sorcereras-sto-cn37ve6nwu?origin=web-hf,"I Bet You Can't Score 10/13 On This ""Harry Potter And The Sorcerer’s Stone"" Book Quiz",,20200522-0600
https://www.buzzfeed.com/kristatorres/little-bugs-live-in-strawberries-so-you-should-al?origin=web-hf,"If You Wash Berries In Salt Water, Little Bugs Will Start To Crawl Out",,20200522-0600
https://www.buzzfeed.com/juliawilling/for-everyone-in-love-with-boxer?origin=web-hf,"23 Tweets For Everyone Who’s Aggressively Attracted To Boxer From ""White Lines""",,20200522-0600
https://www.buzzfeed.com/marielasummerhays01/therapy-is-for-men?origin=web-hf,"If You're A Man Who Relies On Therapy For Your Wellbeing, You're Not Alone",,20200522-0600
https://www.buzzfeed.com/ryanschocket2/people-are-sharing-the-worst-coworker-theyve-worked-with?origin=web-hf,"People Are Sharing The Worst Coworker They've Worked With And Wow, Just Wow",,20200522-0600
/watch/video/102332,"I Followed Bretman Rock's Oldest And Newest Makeup Tutorial
""This could either be a revelation or a giant mistake.""",,20200522-0600
https://www.buzzfeed.com/victoriagasparowicz/dark-moments-from-kids-movies-that-are-probably-still?origin=web-hf,22 Unexpectedly Dark Kids Movie Moments That People Wish They Could Forget,,20200522-0600
https://www.buzzfeed.com/chilifritos1234/plan-a-wedding-a-well-tell-which-the-office-char-cvj3ackoya?origin=web-hf,"Design Your Dream Wedding And We'll Tell You Which Character From ""The Office"" You Belong With",,20200522-0600
https://www.buzzfeed.com/farrahpenn/new-ya-books-spring-2020?origin=web-hf,Here Are The 15 Young Adult Books We're Loving This Spring,,20200522-0600
https://www.buzzfeed.com/lyapalater/the-bar-is-so-low-that-im-emotion-because-adam-sa?origin=web-hf,The Bar Is So Low That I'm Emo Over Adam Sandler Buying Tampons For The Women In His Life,,20200522-0600
https://www.buzzfeed.com/mjs538/a-news-clip-from-go-topless-jeep-weekend-is-going-viral?origin=web-hf,"A Video From ""Go Topless Jeep Weekend"" Is Going Viral Because ""Not Even SNL Could Write Something This Ridiculous""",,20200522-0600
https://www.buzzfeed.com/buzzfeedoznews/bye-buzzfeed-oz-news?origin=web-hf,This Is BuzzFeed News Australia’s Last Day. Here Are 37 Of Our Favourite Stories.,,20200522-0600
https://www.buzzfeed.com/jasminsuknanan/useful-beauty-products-on-sale?origin=web-hf,23 Useful Beauty Products You'll Probably Be Very Glad You Got On Sale,,20200522-0600
https://www.buzzfeed.com/hbraga/sephora-memorial-day-sale?origin=web-hf,Sephora Has Tons Of Products On Sale For Up To 50% Off Right Now,,20200522-0600
/watch/video/105809,"The ""Outer Banks"" Cast Answers Your Burning Questions
Your favorite Pogues return as the cast of the hit Netflix series “Outer Banks” (Chase Stokes, Madelyn Cline, Madison Bailey, Rudy Pankow, and Jonathan Daviss) all sit down to answer your burning questions, from how their lives have changed since the show’s debut, to what they think will happen in season two, all the way to which major roles they’ve auditioned for in the past but didn’t get…which leads to one cast member revealing that he very nearly spent some time in a galaxy far, far away.",,20200522-0600
https://www.buzzfeed.com/hannahryan/refugees-phones-australia-whatsapp-interview?origin=web-hf,Australia Wants To Make It Easier To Take Phones Away From Refugees. I Made A Group Chat To Find Out What They Think.,,20200522-0600
https://www.buzzfeednews.com/article/tanyachen/a-man-is-being-trolled-for-making-a-leather-face-mask?origin=web-hf,This Guy Is Being Trolled After He Shared His Design For A Cool-Looking Leather Face Mask,,20200522-0600
https://www.buzzfeed.com/jmihaly/fathers-day-gifts-dads-wont-pretend?origin=web-hf,31 Father’s Day Gifts That Dads Won’t Have To Pretend To Like,,20200522-0600
https://www.buzzfeednews.com/article/rubycramer/joe-biden-tara-reade-allegations-senate-2020?origin=web-hf,Tara Reade Stood Apart In Joe Biden's 1990s Senate Staff,,20200522-0600
https://www.buzzfeed.com/lakenbrooks222/we-know-your-soulmates-initials-based-on-the-shak-3thj8kp21b?origin=web-hf,We Know Your Soulmate's Initials Based On The Shakespearean Insults You Use To Describe Your Ex,,20200522-0600
https://www.buzzfeed.com/eleanorbate/gigi-hadid-pregnant-during-fashion-week?origin=web-hf,"Gigi Hadid Opened Up About Being ""A Few Months"" Pregnant During Fashion Week And How Her Body Has Changed",,20200522-0600
https://www.buzzfeed.com/yiyang/target-memorial-day-sale?origin=web-hf,All The Best Memorial Day Deals At Target,,20200522-0600
https://www.buzzfeed.com/kristatorres/jason-derulos-tried-to-eat-corn-off-a-power-drill?origin=web-hf,Jason Derulo Tried To Eat Corn Off A Power Drill And Things Did Not Go Well,,20200522-0600
/watch/video/103610,Gadiel Gets Financial Tips For Surviving This Pandemic,,20200522-0600
https://www.buzzfeed.com/whitneyjefferson/joaquin-phoenix-and-rooney-mara-baby-tweets?origin=web-hf,18 Perfect Tweets About Joaquin Phoenix And Rooney Mara Having A Baby,,20200522-0600
https://www.buzzfeed.com/swiftienerd/do-you-agree-with-these-unpopular-book-opinions-e47xhgqlig?origin=web-hf,Do You Actually Agree With These Controversial Book Opinions?,,20200522-0600
https://www.buzzfeed.com/racheldunkel/sur-la-table-summer-sale?origin=web-hf,"Sur La Table's Having A Huge Summer Sale, So It's Time To Invest In Some Quality Kitchen Tools",,20200522-0600
https://www.buzzfeed.com/lilianastephens21/make-a-friends-episode-and-ill-tell-you-which-fri-a59ionup2o?origin=web-hf,"Make A ""Friends"" Episode And I'll Tell You Which Character You Are",,20200522-0600
https://www.buzzfeed.com/isabellalouise/this-visual-quiz-will-reveal-which-elemental-bendi-687v2it35g?origin=web-hf,"This Visual Quiz Will Reveal Which ""Avatar: The Last Airbender"" Element You'd Master",,20200522-0600
https://www.buzzfeed.com/samanthawieder/overstocks-memorial-day-blowout-sale-2020?origin=web-hf,All The Best Deals At Overstock's Memorial Day Sale,,20200522-0600
https://www.buzzfeednews.com/article/salvadorhernandez/coronavirus-victim-white-house-butler-wilson-jerman?origin=web-hf,A White House Butler Who Worked For 11 US Presidents Died Of The Coronavirus,,20200522-0600
https://www.buzzfeed.com/kaylaboyd/fathers-day-gifts?origin=web-hf,34 Of The Best Father's Day Gifts To Give This Year,,20200522-0600
/watch/video/103666,"Black Family Tries Each Others' Chocolate Chip Cookies
""I'm lactose intolerant, I don't need this!""",,20200522-0600
https://www.buzzfeed.com/malloryannp/fathers-day-gifts-over-35?origin=web-hf,50 Splurge-Worthy Gifts To Surprise Your Dad With This Father's Day,,20200522-0600
https://www.buzzfeed.com/shelbyheinrich/tiktok-music-festival-viral-heartwarming?origin=web-hf,"These Siblings On TikTok Threw Their Brother His Very Own Music Festival In Quarantine, And It's Officially Gone Viral",,20200522-0600
https://www.buzzfeed.com/angelicaamartinez/tiktok-vintage-makeup?origin=web-hf,TikTok Taught Me How Wild Vintage Makeup Compacts Were And I Desperately Need Them To Make A Comeback,,20200522-0600
https://www.buzzfeed.com/kirbybeaton/books-recommendations-traveling?origin=web-hf,19 Books To Read During Quarantine To Make You Feel Like You're Traveling,,20200522-0600
https://www.buzzfeed.com/christopherhudspeth/photos-of-the-pandemic-world-different?origin=web-hf,19 Photos of Life Today That Would've Blown Your Mind A Year Ago,,20200522-0600
https://www.buzzfeed.com/audreyworboys/disney-movie-region-would-you-rather?origin=web-hf,"You Can Only Save One Disney Movie From Each Of These Regions, The Rest Are Deleted Forever",,20200522-0600
https://www.buzzfeed.com/lyapalater/heres-everything-new-coming-to-netflix-this-week-5-21?origin=web-hf,"Here's Everything New Coming To Netflix This Week, Starting May 21",,20200522-0600
https://www.buzzfeed.com/giannaudes/choose-celebrities-a-z-and-ill-tell-you-what-to-d-2r0na9k1lv?origin=web-hf,Choose A Celebrity For Every Letter Of The Alphabet And We'll Give You A New Activity To Try While You're At Home,,20200522-0600
/watch/video/103443,Japanese And Mexican People Swap Board Games,,20200522-0600
https://www.buzzfeed.com/briangalindo/queer-eye-new-season-5-trailer-netflix?origin=web-hf,"The Trailer For Season 5 Of ""Queer Eye"" Just Dropped And I Already Cried Six Times Watching It",,20200522-0600
https://www.buzzfeed.com/morganmurrell/serena-williams-daughter-instagram?origin=web-hf,Excuse Me While I Try To Contain My Baby Fever While Watching Serena Williams And Her Daughter,,20200522-0600
https://www.buzzfeed.com/genevievescarano/fitness-fathers-day-for-athletic-dads?origin=web-hf,30 Father's Day Gifts For The Dad Who Loves To Exercise,,20200522-0600
https://www.buzzfeed.com/nataliebrown/products-youll-probably-use-every-single-day-2020?origin=web-hf,30 Products So Effective You'll Probably Use Them Every Single Day,,20200522-0600
https://www.buzzfeednews.com/article/katebubacz/photos-michigan-flooding-dams?origin=web-hf,Dramatic Photos Show Massive Flooding After Two Dams Collapsed In Michigan,,20200522-0600
https://www.buzzfeed.com/shelbyheinrich/high-school-trivia-quiz?origin=web-hf,Half The Population Can't Pass This High School Simulation Without Cheating — Can You?,,20200522-0600
https://www.buzzfeed.com/benhenry/jojo-siwa-candy-themed-bedroom?origin=web-hf,JoJo Siwa Fans Came To Her Defence After A Video Of Her Candy Themed-Bedroom Sparked A Debate About Her Age,,20200522-0600
https://www.buzzfeed.com/sydrobinson1/commonly-misspelled-words-spelling-quiz?origin=web-hf,These Are 15 Of The Most Commonly Misspelled Words — Think You Can Spell Them Right?,,20200522-0600
/watch/video/105671,Black Women Go To Vegas Without Their Hair Done,,20200522-0600
https://www.buzzfeednews.com,BuzzFeed NewsReporting on what you care about. We hold major institutions accountable and expose wrongdoing.,,20200522-0630
https://www.tasty.co,"BuzzFeed TastySearch, watch, and cook every single Tasty recipe and video ever - all in one place!",,20200522-0630
https://www.buzzfeed.com/goodful,"BuzzFeed GoodfulSelf care and ideas to help you live a healthier, happier life.",,20200522-0630
https://www.buzzfeed.com/bringme,"BuzzFeed Bring MeObsessed with travel? Discover unique things to do, places to eat, and sights to see in the best destinations around the world with Bring Me!",,20200522-0630
https://www.buzzfeed.com/asis,"BuzzFeed As IsSomething for everyone interested in hair, makeup, style, and body positivity.",,20200522-0630
https://www.buzzfeed.com/hannahmarder/teen-drama-characters-that-did-not-need-to-die?ref=hpsplash&origin=spl,20 Teen Drama Characters That 100% Did Not Need To Die,,20200522-0630
https://www.buzzfeed.com/yiyang/futuristic-products-thatll-probably-make-you-feel-like?origin=hpp,35 Futuristic Products That’ll Probably Make You Feel Like You’re Living In 3020,,20200522-0630
https://www.buzzfeed.com/newsletters?ref=hplego,"WTF Is Happening Today? BuzzFeed Newsletters Can Help!
We have newsletters to help you stay in the loop AND newsletters to help you forget! Try one today!",,20200522-0630
https://www.buzzfeed.com/zipporkella/what-percent-typical-nerd-are-you-c09ywjxe9m?origin=web-hf,"If You Check Off At Least 17/26 Things On This List, Then You're A Total Nerd",,20200522-0630
https://www.buzzfeed.com/mikespohr/mindblowing-facts?origin=web-hf,18 Random Facts That Absolutely Blew People's Minds On Twitter,,20200522-0630
https://www.buzzfeed.com/andrewziegler/quiz-party?origin=shp,"You Can Now Take BuzzFeed Quizzes In Real Time With Your Friends — You’re Welcome
Let’s get this party started.",,20200522-0630
https://www.buzzfeed.com/jenniferabidor/friends-a-to-z?origin=shp,"This ""Friends"" A–Z Quiz Will Reveal Which Main Character You Are",,20200522-0630
https://www.buzzfeed.com/sarahaspler/taste-in-disney-movies-age-quiz?origin=shp,Can We Accurately Guess Your Age Based On Your Taste In Disney Movies?,,20200522-0630
https://www.buzzfeed.com/andrewziegler/quiz-romantic-type?origin=shp,There Are Actually Only Four Romantic Types And We Can Accurately Guess Yours,,20200522-0630
https://www.buzzfeed.com/sarahaspler/everyone-has-a-fruit-that-matches-their-personalit?origin=shp,Everyone Has A Fruit That Matches Their Personality – Here’s Yours,,20200522-0630
https://www.buzzfeed.com/quizparty,Keep the quiz party going,,20200522-0630
https://www.buzzfeed.com/tessafahey/iconic-rom-com-checklist?origin=web-hf,How Many Iconic Rom-Coms Have You Actually Seen?,,20200522-0630
https://www.buzzfeed.com/tatianatenreyrowhitlock/lady-gaga-and-ariana-grande-song?origin=web-hf,"Lady Gaga And Ariana Grande Just Dropped Their Song ""Rain On Me"" And Little Monsters Are So Happy",,20200522-0630
https://www.buzzfeed.com/maitlandquitmeyer/best-memorial-day-sales-deals-2020?origin=hshp,"All The Best Memorial Day Weekend Deals
The savings start now.",,20200522-0630
https://www.buzzfeed.com/kaylasuazo/all-the-best-memorial-day-mattress-sales-2020?origin=hshp,All Of The Best Memorial Day Mattress Sales,,20200522-0630
https://www.buzzfeed.com/emmalord9/best-deals-wayfair-memorial-day-sale?origin=hshp,All The Best Deals At Wayfair's Memorial Day Sale,,20200522-0630
https://www.buzzfeed.com/abbykass/zappos-memorial-day-sale?origin=hshp,You Can Save On *So* Many Popular Shoes During The Zappos Memorial Day Sale,,20200522-0630
https://www.buzzfeed.com/elenamgarcia/dyson-is-having-a-pretty-major-memorial-day-sale-no-better?origin=hshp,Dyson Is Having A Pretty Major Memorial Day Sale — No Better Time Than Now To Get Yourself A New Vacuum,,20200522-0630
https://www.buzzfeed.com/shopping?origin=hshp,See more great product recommendations,,20200522-0630
https://www.buzzfeed.com/noradominick/celeb-iconic-characters-trivia-quiz?origin=web-hf,These Iconic TV And Movie Characters Were Played By The Same Actor — Can You Tell Them Apart?,,20200522-0630
/watch/video/102294,"We Didn't Use Toilet Paper For A Week 
Auri gets Steve to try reusable toilet paper, will he like it?",,20200522-0630
https://www.buzzfeed.com/tatianatenreyrowhitlock/funniest-tweets-lana-del-rey-instagram-post-drama?origin=web-hf,15 Funny Tweets About The Lana Del Rey Instagram Post Drama,,20200522-0630
https://www.buzzfeednews.com/article/davidmack/coronavirus-trump-test-positive-negative-answer-video?origin=shp,"Positive News! Trump Says He Tested Positively, Which Means Negative, For The Coronavirus.
“But that’s a way of saying it: positively toward the negative.”
12 hours ago",,20200522-0630
https://www.buzzfeednews.com/article/janelytvynenko/coronavirus-spin-doctors?origin=shp,These Are The Fake Experts Pushing Pseudoscience And Conspiracy Theories About The Coronavirus Pandemic,,20200522-0630
https://www.buzzfeednews.com/article/clarissajanlim/doctor-congressional-hearing-coronavirus-second-wave-ppe?origin=shp,"A Doctor Told Lawmakers The Country Is Not ""Prepared For A Second Wave"" Of The Coronavirus",,20200522-0630
https://www.buzzfeednews.com/article/meghara/qatar-coronavirus-tracking-app-mandatory?origin=shp,Qatar Has Made Its Coronavirus Contact Tracing App Mandatory,,20200522-0630
https://www.buzzfeednews.com/article/lamvo/coronavirus-update-charts-unemployment-claims-laid-off-jobs?origin=shp,These Updating Charts Show The Record Number Of Americans Filing Unemployment Claims,,20200522-0630
https://bzfd.it/noc-show,The daily News O'Clock podcast is here.,,20200522-0630
https://www.buzzfeed.com/jenniferabidor/jokes-about-disney-villains?origin=web-hf,21 Times The Internet Roasted The Disney Villains,,20200522-0630
https://www.buzzfeed.com/huynht2510/can-we-guess-your-most-recent-emoji-by-this-quiz-eqcv8mgpxb?origin=web-hf,Build A House And We'll Accurately Guess Your Most Recently Used Emoji,,20200522-0630
https://www.buzzfeed.com/tatianatenreyrowhitlock/lana-del-rey-responds-to-backlash-over-instagram-post?origin=web-hf,"Lana Del Rey Responded To The Backlash Toward Her Instagram Post, Saying She's Sad People Made It A ""WOC Issue""",,20200522-0630
https://www.buzzfeed.com/farrahpenn/finals-week-zoom-university-fails?origin=web-hf,18 Times The Students Of Zoom University Really Struggled Through Finals Week,,20200522-0630
https://www.buzzfeednews.com/article/laurenstrapagiel/influencers-say-instagram-is-more-likely-to-remove-photos?origin=web-hf,"Influencers Say Instagram Is Biased Against Plus-Size Bodies, And They May Be Right",,20200522-0630
https://www.buzzfeed.com/victoriavouloumanos/stars-who-are-mixed-asian-pacific-islander?origin=shp,"34 Multiracial Celebs Who Are Actually Asian Or Pacific Islander
Relatable and inspirational icons, all of ‘em.",,20200522-0630
https://www.buzzfeed.com/nusrat21/a-guide-for-people-new-to-bollywood?origin=shp,30 Bollywood Films That Everyone Absolutely Must See,,20200522-0630
https://www.buzzfeed.com/michellemkim/asian-male-celebs-thirst?origin=shp,21 Asian Male Celebs That Have Us Feeling Oh So Very Thirsty,,20200522-0630
https://www.buzzfeed.com/michellemkim/which-anime-best-boy-are-you?origin=shp,Quiz: Which Anime Best Boy Are You?,,20200522-0630
https://www.buzzfeed.com/badge/apahm2020,See all of our APAHM coverage here,,20200522-0630
/watch/video/99501,"Boricua From The Island vs The Mainland 
Love one another, Puerto Ricans from around the world!",,20200522-0630
https://www.buzzfeed.com/mjs538/early-2000s-pictures-for-millennials?origin=web-hf,33 Pictures That Millennials Will Have To Explain To Generation Alpha Someday,,20200522-0630
https://www.buzzfeed.com/buzzfeedresearch/civicscience-main3-buzz,Let Your Voice Be Heard. Tell Us Your Opinions!,,20200522-0630
https://www.buzzfeed.com/morganmurrell/drake-called-kylie-jenner-side-piece-apology?origin=web-hf,"Drake Name-Dropped Kylie Jenner, Kendall Jenner, And Gigi Hadid In A Song, Then Issued An Apology Statement",,20200522-0630
https://www.buzzfeed.com/briangalindo/21-tbt-photos-celebs-posted-on-instagram-may-21?origin=web-hf,Here's What Chrissy Teigen And 20 Other Celebrities Shared This Week For #TBT,,20200522-0630
https://www.buzzfeednews.com/article/skbaer/ahmaud-arbery-death-william-bryan-arrest?origin=web-hf,The Man Who Recorded Video Of Ahmaud Arbery Being Shot Has Been Arrested On A Murder Charge,,20200522-0630
https://www.buzzfeed.com/christopherhudspeth/oh-come-on-facepalm-that-sucks-things?origin=web-hf,15 Facepalm-Worthy Things Humans Recently Did During This Pandemic That Make Me Hope Aliens Aren't Watching,,20200522-0630
https://www.buzzfeed.com/tatianatenreyrowhitlock/michael-cera-aubrey-plaza-chuck-e-cheese-pic?origin=web-hf,Michael Cera And Aubrey Plaza's Chuck E. Cheese Photo Is Legendary And Now We Have The Whole Story,,20200522-0630
https://www.buzzfeed.com/hannahmarder/what-movies-about-mental-health-made-you-feel-seen,What Movies Got Mental Health Right?,,20200522-0630
/watch/video/105540,"Camp Counselor Horror Stories
In honor of summer former camp counselors share their craziest, weirdest and funniest experiences from camp.",,20200522-0630
https://www.buzzfeed.com/briangalindo/chris-pratt-accidentally-deleted-over-35000-unread-emails?origin=web-hf,"Chris Pratt Accidentally Deleted More Than 35,000 Unread Emails After His Son Gasped At His Full Inbox",,20200522-0630
https://www.buzzfeed.com/sydrobinson1/before-and-after-pets-being-adopted-quarantine?origin=web-hf,21 Before-And-After Pictures Of Pets Who Were Adopted During Quarantine,,20200522-0630
https://www.buzzfeed.com/daves4/everyone-hates-but-does?origin=web-hf,27 Things Everyone On Earth Hates That They Do But Does Anyway,,20200522-0630
https://www.buzzfeed.com/tessafahey/identify-avatar-the-last-airbender-characters-quiz?origin=web-hf,"If You Can Identify 30/36 Of These ""Avatar: The Last Airbender"" Characters, You're A Master Bender",,20200522-0630
https://www.buzzfeed.com/clareaston/my-bibliotherapy-prescription?origin=web-hf,"You Can Now Be ""Prescribed"" Books For Your Mental Health And These Six Were Meant To Help Me",,20200522-0630
https://www.buzzfeed.com/rosethecorgi/choose-some-food-and-revile-your-soulmates-name-7gjir6fim?origin=web-hf,"If You Really Wanna Know The First Letter Of Your Soulmate's Name, Eat Some Food And We'll Tell You",,20200522-0630
https://www.buzzfeed.com/isabellalouise/can-you-sort-these-hogwarts-students-in-their-righ-klzvv4gs4?origin=web-hf,Only A Hogwarts Genius Can Match The Student To The House They Were Sorted Into,,20200522-0630
https://www.buzzfeed.com/mjs538/rose-on-90-day-fiance-and-big-ed?origin=web-hf,We Need To Stop Talking About Big Ed And Start Talking About Rose,,20200522-0630
/watch/video/105310,"Loren Gray Reads Her Instagram DMs
Loren Gray bravely sits down to do a deep dive into her Instagram DM requests, which include supportive fans, the obligatory haters, and even some marriage proposals from complete strangers. Check out Loren’s new single “Cake” now: https://www.youtube.com/watch?v=klwWrurkjgc",,20200522-0630
https://www.buzzfeed.com/ehisosifo1/harry-potter-letter-p-trivia-quiz?origin=web-hf,"This ""Harry Potter"" Quiz Will Separate The Wizards From The Muggles And It All Depends On The Letter P",,20200522-0630
https://www.buzzfeed.com/fallon2/what-hunger-games-characters-belong-in-these-hogwa-ckb6eid9yq?origin=web-hf,"Would You Sort These Characters From ""The Hunger Games"" Into The Same Hogwarts Houses As Everyone Else?",,20200522-0630
https://www.buzzfeed.com/ehisosifo1/drastic-americas-next-top-model-makeovers?origin=web-hf,"23 ""ANTM"" Makeovers That Tyra Banks Actually Assigned To Contestants",,20200522-0630
https://www.buzzfeed.com/alliehayes/books-so-good-you-cannot-put-them-down-flipped?origin=web-hf,"21 Books That Are So Good, People Literally Could Not Put Them Down",,20200522-0630
https://www.buzzfeed.com/christopherhudspeth/people-believed-there-was-evidence-of-a-parallel-universe?origin=web-hf,"17 Of The Funniest Tweets About The Discovery Of ""Evidence"" That A Parallel Universe Exists",,20200522-0630
https://www.buzzfeed.com/avaerickson04/which-disney-prince-do-you-belong-with-1mtuff45b1?origin=web-hf,Which Disney Prince Is Your Soulmate?,,20200522-0630
https://www.buzzfeed.com/stephenlaconte/lana-del-rey-controversy-beyonce-ariana-grande-cardi-b?origin=web-hf,"Lana Del Rey Seemed To Drag Artists Like Beyoncé, Cardi B, And Ariana Grande In A Statement On Instagram, And People Are Pissed",,20200522-0630
https://www.buzzfeednews.com/article/michaelblackmon/lana-del-rey-instagram-post-race?origin=web-hf,This Is Why People Are Mad At Lana Del Rey,,20200522-0630
/watch/video/105538,Can These Exes Be Friends?,,20200522-0630
https://www.buzzfeed.com/stephenlaconte/oprah-winfrey-big-cabbage-instagram?origin=web-hf,"Oprah Grew A Cabbage So Big She Could Barely Carry It, And You Really Need To See It To Believe It's Real",,20200522-0630
https://www.buzzfeed.com/katdo0907/the-office-and-friends-polls-1v8n4ssmtp?origin=web-hf,"These Polls Are For Fans Of ""Friends"" And ""The Office"" Only",,20200522-0630
https://www.buzzfeed.com/daniellaemanuel/water-popsicles-tiktok?origin=web-hf,"A Mom On TikTok Makes ""Water Popsicles"" For Her Kids And I'm Cracking Up",,20200522-0630
https://www.buzzfeed.com/kristatorres/little-bugs-live-in-strawberries-so-you-should-al?origin=web-hf,"If You Wash Berries In Salt Water, Little Bugs Will Start To Crawl Out",,20200522-0630
https://www.buzzfeed.com/anoushkagadhwal/the-ultimate-harry-potter-and-the-sorcereras-sto-cn37ve6nwu?origin=web-hf,"I Bet You Can't Score 10/13 On This ""Harry Potter And The Sorcerer’s Stone"" Book Quiz",,20200522-0630
https://www.buzzfeed.com/juliawilling/for-everyone-in-love-with-boxer?origin=web-hf,"Just 23 Tweets Which Capture My Filthy Desire For Boxer From ""White Lines""",,20200522-0630
https://www.buzzfeed.com/ryanschocket2/people-are-sharing-the-worst-coworker-theyve-worked-with?origin=web-hf,"People Are Sharing The Worst Coworker They've Worked With And Wow, Just Wow",,20200522-0630
https://www.buzzfeed.com/marielasummerhays01/therapy-is-for-men?origin=web-hf,"It's Time To End The Stigma — Here's Why Therapy Is For Men, Too",,20200522-0630
/watch/video/102332,"I Followed Bretman Rock's Oldest And Newest Makeup Tutorial
""This could either be a revelation or a giant mistake.""",,20200522-0630
https://www.buzzfeed.com/victoriagasparowicz/dark-moments-from-kids-movies-that-are-probably-still?origin=web-hf,22 Unexpectedly Dark Kids Movie Moments That People Wish They Could Forget,,20200522-0630
https://www.buzzfeed.com/chilifritos1234/plan-a-wedding-a-well-tell-which-the-office-char-cvj3ackoya?origin=web-hf,"Design Your Dream Wedding And We'll Tell You Which Character From ""The Office"" You Belong With",,20200522-0630
https://www.buzzfeed.com/farrahpenn/new-ya-books-spring-2020?origin=web-hf,Here Are The 15 Young Adult Books We're Loving This Spring,,20200522-0630
https://www.buzzfeed.com/lyapalater/the-bar-is-so-low-that-im-emotion-because-adam-sa?origin=web-hf,The Bar Is So Low That I'm Emo Over Adam Sandler Buying Tampons For The Women In His Life,,20200522-0630
https://www.buzzfeed.com/mjs538/a-news-clip-from-go-topless-jeep-weekend-is-going-viral?origin=web-hf,"A Video From ""Go Topless Jeep Weekend"" Is Going Viral Because ""Not Even SNL Could Write Something This Ridiculous""",,20200522-0630
https://www.buzzfeed.com/buzzfeedoznews/bye-buzzfeed-oz-news?origin=web-hf,This Is BuzzFeed News Australia’s Last Day. Here Are 37 Of Our Favourite Stories.,,20200522-0630
https://www.buzzfeed.com/jasminsuknanan/useful-beauty-products-on-sale?origin=web-hf,23 Useful Beauty Products You'll Probably Be Very Glad You Got On Sale,,20200522-0630
https://www.buzzfeed.com/hbraga/sephora-memorial-day-sale?origin=web-hf,Sephora Has Tons Of Products On Sale For Up To 50% Off Right Now,,20200522-0630
/watch/video/105809,"The ""Outer Banks"" Cast Answers Your Burning Questions
Your favorite Pogues return as the cast of the hit Netflix series “Outer Banks” (Chase Stokes, Madelyn Cline, Madison Bailey, Rudy Pankow, and Jonathan Daviss) all sit down to answer your burning questions, from how their lives have changed since the show’s debut, to what they think will happen in season two, all the way to which major roles they’ve auditioned for in the past but didn’t get…which leads to one cast member revealing that he very nearly spent some time in a galaxy far, far away.",,20200522-0630
https://www.buzzfeed.com/hannahryan/refugees-phones-australia-whatsapp-interview?origin=web-hf,"In This Group Chat, Refugees Explained Why They Don’t Want Their Phones Taken Away",,20200522-0630
https://www.buzzfeednews.com/article/tanyachen/a-man-is-being-trolled-for-making-a-leather-face-mask?origin=web-hf,This Guy Is Being Trolled After He Shared His Design For A Cool-Looking Leather Face Mask,,20200522-0630
https://www.buzzfeed.com/jmihaly/fathers-day-gifts-dads-wont-pretend?origin=web-hf,31 Father’s Day Gifts That Dads Won’t Have To Pretend To Like,,20200522-0630
https://www.buzzfeednews.com/article/rubycramer/joe-biden-tara-reade-allegations-senate-2020?origin=web-hf,Tara Reade Stood Apart In Joe Biden's 1990s Senate Staff,,20200522-0630
https://www.buzzfeed.com/lakenbrooks222/we-know-your-soulmates-initials-based-on-the-shak-3thj8kp21b?origin=web-hf,We Know Your Soulmate's Initials Based On The Shakespearean Insults You Use To Describe Your Ex,,20200522-0630
https://www.buzzfeed.com/eleanorbate/gigi-hadid-pregnant-during-fashion-week?origin=web-hf,"Gigi Hadid Opened Up About Being ""A Few Months"" Pregnant During Fashion Week And How Her Body Has Changed",,20200522-0630
https://www.buzzfeed.com/yiyang/target-memorial-day-sale?origin=web-hf,All The Best Memorial Day Deals At Target,,20200522-0630
https://www.buzzfeed.com/kristatorres/jason-derulos-tried-to-eat-corn-off-a-power-drill?origin=web-hf,Jason Derulo Tried To Eat Corn Off A Power Drill And Things Did Not Go Well,,20200522-0630
/watch/video/103610,Gadiel Gets Financial Tips For Surviving This Pandemic,,20200522-0630
https://www.buzzfeed.com/whitneyjefferson/joaquin-phoenix-and-rooney-mara-baby-tweets?origin=web-hf,18 Perfect Tweets About Joaquin Phoenix And Rooney Mara Having A Baby,,20200522-0630
https://www.buzzfeed.com/racheldunkel/sur-la-table-summer-sale?origin=web-hf,"Sur La Table's Having A Huge Summer Sale, So It's Time To Invest In Some Quality Kitchen Tools",,20200522-0630
https://www.buzzfeed.com/swiftienerd/do-you-agree-with-these-unpopular-book-opinions-e47xhgqlig?origin=web-hf,Do You Actually Agree With These Controversial Book Opinions?,,20200522-0630
https://www.buzzfeed.com/isabellalouise/this-visual-quiz-will-reveal-which-elemental-bendi-687v2it35g?origin=web-hf,"This Visual Quiz Will Reveal Which ""Avatar: The Last Airbender"" Element You'd Master",,20200522-0630
https://www.buzzfeed.com/lilianastephens21/make-a-friends-episode-and-ill-tell-you-which-fri-a59ionup2o?origin=web-hf,"Make A ""Friends"" Episode And I'll Tell You Which Character You Are",,20200522-0630
https://www.buzzfeed.com/samanthawieder/overstocks-memorial-day-blowout-sale-2020?origin=web-hf,All The Best Deals At Overstock's Memorial Day Sale,,20200522-0630
https://www.buzzfeednews.com/article/salvadorhernandez/coronavirus-victim-white-house-butler-wilson-jerman?origin=web-hf,A White House Butler Who Worked For 11 US Presidents Died Of The Coronavirus,,20200522-0630
https://www.buzzfeed.com/kaylaboyd/fathers-day-gifts?origin=web-hf,34 Of The Best Father's Day Gifts To Give This Year,,20200522-0630
/watch/video/103666,"Black Family Tries Each Others' Chocolate Chip Cookies
""I'm lactose intolerant, I don't need this!""",,20200522-0630
https://www.buzzfeed.com/malloryannp/fathers-day-gifts-over-35?origin=web-hf,50 Splurge-Worthy Gifts To Surprise Your Dad With This Father's Day,,20200522-0630
https://www.buzzfeed.com/shelbyheinrich/tiktok-music-festival-viral-heartwarming?origin=web-hf,"These Siblings On TikTok Threw Their Brother His Very Own Music Festival In Quarantine, And It's Officially Gone Viral",,20200522-0630
https://www.buzzfeed.com/angelicaamartinez/tiktok-vintage-makeup?origin=web-hf,TikTok Taught Me How Wild Vintage Makeup Compacts Were And I Desperately Need Them To Make A Comeback,,20200522-0630
https://www.buzzfeed.com/kirbybeaton/books-recommendations-traveling?origin=web-hf,19 Books To Read During Quarantine To Make You Feel Like You're Traveling,,20200522-0630
https://www.buzzfeed.com/christopherhudspeth/photos-of-the-pandemic-world-different?origin=web-hf,19 Photos of Life Today That Would've Blown Your Mind A Year Ago,,20200522-0630
https://www.buzzfeed.com/audreyworboys/disney-movie-region-would-you-rather?origin=web-hf,"You Can Only Save One Disney Movie From Each Of These Regions, The Rest Are Deleted Forever",,20200522-0630
https://www.buzzfeed.com/lyapalater/heres-everything-new-coming-to-netflix-this-week-5-21?origin=web-hf,"Here's Everything New Coming To Netflix This Week, Starting May 21",,20200522-0630
https://www.buzzfeed.com/giannaudes/choose-celebrities-a-z-and-ill-tell-you-what-to-d-2r0na9k1lv?origin=web-hf,Choose A Celebrity For Every Letter Of The Alphabet And We'll Give You A New Activity To Try While You're At Home,,20200522-0630
/watch/video/103443,Japanese And Mexican People Swap Board Games,,20200522-0630
https://www.buzzfeed.com/morganmurrell/serena-williams-daughter-instagram?origin=web-hf,Excuse Me While I Try To Contain My Baby Fever While Watching Serena Williams And Her Daughter,,20200522-0630
https://www.buzzfeed.com/briangalindo/queer-eye-new-season-5-trailer-netflix?origin=web-hf,"The Trailer For Season 5 Of ""Queer Eye"" Just Dropped And I Already Cried Six Times Watching It",,20200522-0630
https://www.buzzfeed.com/genevievescarano/fitness-fathers-day-for-athletic-dads?origin=web-hf,30 Father's Day Gifts For The Dad Who Loves To Exercise,,20200522-0630
https://www.buzzfeed.com/nataliebrown/products-youll-probably-use-every-single-day-2020?origin=web-hf,30 Products So Effective You'll Probably Use Them Every Single Day,,20200522-0630
https://www.buzzfeednews.com/article/katebubacz/photos-michigan-flooding-dams?origin=web-hf,Dramatic Photos Show Massive Flooding After Two Dams Collapsed In Michigan,,20200522-0630
https://www.buzzfeed.com/shelbyheinrich/high-school-trivia-quiz?origin=web-hf,Half The Population Can't Pass This High School Simulation Without Cheating — Can You?,,20200522-0630
https://www.buzzfeed.com/sydrobinson1/commonly-misspelled-words-spelling-quiz?origin=web-hf,These Are 15 Of The Most Commonly Misspelled Words — Think You Can Spell Them Right?,,20200522-0630
https://www.buzzfeed.com/benhenry/jojo-siwa-candy-themed-bedroom?origin=web-hf,JoJo Siwa Fans Came To Her Defence After A Video Of Her Candy Themed-Bedroom Sparked A Debate About Her Age,,20200522-0630
/watch/video/105671,Black Women Go To Vegas Without Their Hair Done,,20200522-0630
https://www.buzzfeednews.com,BuzzFeed NewsReporting on what you care about. We hold major institutions accountable and expose wrongdoing.,,20200522-0700
https://www.tasty.co,"BuzzFeed TastySearch, watch, and cook every single Tasty recipe and video ever - all in one place!",,20200522-0700
https://www.buzzfeed.com/goodful,"BuzzFeed GoodfulSelf care and ideas to help you live a healthier, happier life.",,20200522-0700
https://www.buzzfeed.com/bringme,"BuzzFeed Bring MeObsessed with travel? Discover unique things to do, places to eat, and sights to see in the best destinations around the world with Bring Me!",,20200522-0700
https://www.buzzfeed.com/asis,"BuzzFeed As IsSomething for everyone interested in hair, makeup, style, and body positivity.",,20200522-0700
https://www.buzzfeed.com/hannahmarder/teen-drama-characters-that-did-not-need-to-die?ref=hpsplash&origin=spl,20 Teen Drama Characters That 100% Did Not Need To Die,,20200522-0700
https://www.buzzfeed.com/yiyang/futuristic-products-thatll-probably-make-you-feel-like?origin=hpp,35 Futuristic Products That’ll Probably Make You Feel Like You’re Living In 3020,,20200522-0700
https://www.buzzfeed.com/newsletters?ref=hplego,"WTF Is Happening Today? BuzzFeed Newsletters Can Help!
We have newsletters to help you stay in the loop AND newsletters to help you forget! Try one today!",,20200522-0700
https://www.buzzfeed.com/zipporkella/what-percent-typical-nerd-are-you-c09ywjxe9m?origin=web-hf,"If You Check Off At Least 17/26 Things On This List, Then You're A Total Nerd",,20200522-0700
https://www.buzzfeed.com/mikespohr/mindblowing-facts?origin=web-hf,18 Random Facts That Absolutely Blew People's Minds On Twitter,,20200522-0700
https://www.buzzfeed.com/andrewziegler/quiz-party?origin=shp,"You Can Now Take BuzzFeed Quizzes In Real Time With Your Friends — You’re Welcome
Let’s get this party started.",,20200522-0700
https://www.buzzfeed.com/jenniferabidor/friends-a-to-z?origin=shp,"This ""Friends"" A–Z Quiz Will Reveal Which Main Character You Are",,20200522-0700
https://www.buzzfeed.com/sarahaspler/taste-in-disney-movies-age-quiz?origin=shp,Can We Accurately Guess Your Age Based On Your Taste In Disney Movies?,,20200522-0700
https://www.buzzfeed.com/andrewziegler/quiz-romantic-type?origin=shp,There Are Actually Only Four Romantic Types And We Can Accurately Guess Yours,,20200522-0700
https://www.buzzfeed.com/sarahaspler/everyone-has-a-fruit-that-matches-their-personalit?origin=shp,Everyone Has A Fruit That Matches Their Personality – Here’s Yours,,20200522-0700
https://www.buzzfeed.com/quizparty,Keep the quiz party going,,20200522-0700
https://www.buzzfeed.com/tessafahey/iconic-rom-com-checklist?origin=web-hf,How Many Iconic Rom-Coms Have You Actually Seen?,,20200522-0700
https://www.buzzfeed.com/tatianatenreyrowhitlock/lady-gaga-and-ariana-grande-song?origin=web-hf,"Lady Gaga And Ariana Grande Just Made The Weekend More Exciting By Dropping Their Song ""Rain On Me""",,20200522-0700
https://www.buzzfeed.com/maitlandquitmeyer/best-memorial-day-sales-deals-2020?origin=hshp,"All The Best Memorial Day Weekend Deals
The savings start now.",,20200522-0700
https://www.buzzfeed.com/kaylasuazo/all-the-best-memorial-day-mattress-sales-2020?origin=hshp,All Of The Best Memorial Day Mattress Sales,,20200522-0700
https://www.buzzfeed.com/emmalord9/best-deals-wayfair-memorial-day-sale?origin=hshp,All The Best Deals At Wayfair's Memorial Day Sale,,20200522-0700
https://www.buzzfeed.com/abbykass/zappos-memorial-day-sale?origin=hshp,You Can Save On *So* Many Popular Shoes During The Zappos Memorial Day Sale,,20200522-0700
https://www.buzzfeed.com/elenamgarcia/dyson-is-having-a-pretty-major-memorial-day-sale-no-better?origin=hshp,Dyson Is Having A Pretty Major Memorial Day Sale — No Better Time Than Now To Get Yourself A New Vacuum,,20200522-0700
https://www.buzzfeed.com/shopping?origin=hshp,See more great product recommendations,,20200522-0700
https://www.buzzfeed.com/noradominick/celeb-iconic-characters-trivia-quiz?origin=web-hf,These Iconic TV And Movie Characters Were Played By The Same Actor — Can You Tell Them Apart?,,20200522-0700
/watch/video/102294,"We Didn't Use Toilet Paper For A Week 
Auri gets Steve to try reusable toilet paper, will he like it?",,20200522-0700
https://www.buzzfeed.com/tatianatenreyrowhitlock/funniest-tweets-lana-del-rey-instagram-post-drama?origin=web-hf,15 Funny Tweets About The Lana Del Rey Instagram Post Drama,,20200522-0700
https://www.buzzfeednews.com/article/davidmack/coronavirus-trump-test-positive-negative-answer-video?origin=shp,"Positive News! Trump Says He Tested Positively, Which Means Negative, For The Coronavirus.
“But that’s a way of saying it: positively toward the negative.”
12 hours ago",,20200522-0700
https://www.buzzfeednews.com/article/janelytvynenko/coronavirus-spin-doctors?origin=shp,These Are The Fake Experts Pushing Pseudoscience And Conspiracy Theories About The Coronavirus Pandemic,,20200522-0700
https://www.buzzfeednews.com/article/clarissajanlim/doctor-congressional-hearing-coronavirus-second-wave-ppe?origin=shp,"A Doctor Told Lawmakers The Country Is Not ""Prepared For A Second Wave"" Of The Coronavirus",,20200522-0700
https://www.buzzfeednews.com/article/meghara/qatar-coronavirus-tracking-app-mandatory?origin=shp,Qatar Has Made Its Coronavirus Contact Tracing App Mandatory,,20200522-0700
https://www.buzzfeednews.com/article/lamvo/coronavirus-update-charts-unemployment-claims-laid-off-jobs?origin=shp,These Updating Charts Show The Record Number Of Americans Filing Unemployment Claims,,20200522-0700
https://bzfd.it/noc-show,The daily News O'Clock podcast is here.,,20200522-0700
https://www.buzzfeed.com/jenniferabidor/jokes-about-disney-villains?origin=web-hf,21 Times The Internet Roasted The Disney Villains,,20200522-0700
https://www.buzzfeed.com/huynht2510/can-we-guess-your-most-recent-emoji-by-this-quiz-eqcv8mgpxb?origin=web-hf,Build A House And We'll Accurately Guess Your Most Recently Used Emoji,,20200522-0700
https://www.buzzfeed.com/tatianatenreyrowhitlock/lana-del-rey-responds-to-backlash-over-instagram-post?origin=web-hf,"Lana Del Rey Responded To The Backlash Toward Her Instagram Post, Saying She's Sad People Made It A ""WOC Issue""",,20200522-0700
https://www.buzzfeed.com/farrahpenn/finals-week-zoom-university-fails?origin=web-hf,18 Times The Students Of Zoom University Really Struggled Through Finals Week,,20200522-0700
https://www.buzzfeednews.com/article/laurenstrapagiel/influencers-say-instagram-is-more-likely-to-remove-photos?origin=web-hf,"Influencers Say Instagram Is Biased Against Plus-Size Bodies, And They May Be Right",,20200522-0700
https://www.buzzfeed.com/victoriavouloumanos/stars-who-are-mixed-asian-pacific-islander?origin=shp,"34 Multiracial Celebs Who Are Actually Asian Or Pacific Islander
Relatable and inspirational icons, all of ‘em.",,20200522-0700
https://www.buzzfeed.com/nusrat21/a-guide-for-people-new-to-bollywood?origin=shp,30 Bollywood Films That Everyone Absolutely Must See,,20200522-0700
https://www.buzzfeed.com/michellemkim/asian-male-celebs-thirst?origin=shp,21 Asian Male Celebs That Have Us Feeling Oh So Very Thirsty,,20200522-0700
https://www.buzzfeed.com/michellemkim/which-anime-best-boy-are-you?origin=shp,Quiz: Which Anime Best Boy Are You?,,20200522-0700
https://www.buzzfeed.com/badge/apahm2020,See all of our APAHM coverage here,,20200522-0700
/watch/video/99501,"Boricua From The Island vs The Mainland 
Love one another, Puerto Ricans from around the world!",,20200522-0700
https://www.buzzfeed.com/mjs538/early-2000s-pictures-for-millennials?origin=web-hf,33 Pictures That Millennials Will Have To Explain To Generation Alpha Someday,,20200522-0700
https://www.buzzfeed.com/kebornholtz/lets-wfh-together-with-our-quarantine-today-new-5xqeak1tzg,"Let's WFH Together With Our ""Quarantine Today"" Newsletter",,20200522-0700
https://www.buzzfeed.com/morganmurrell/drake-called-kylie-jenner-side-piece-apology?origin=web-hf,"Drake Name-Dropped Kylie Jenner, Kendall Jenner, And Gigi Hadid In A Song, Then Issued An Apology Statement",,20200522-0700
https://www.buzzfeed.com/briangalindo/21-tbt-photos-celebs-posted-on-instagram-may-21?origin=web-hf,Here's What Chrissy Teigen And 20 Other Celebrities Shared This Week For #TBT,,20200522-0700
https://www.buzzfeednews.com/article/skbaer/ahmaud-arbery-death-william-bryan-arrest?origin=web-hf,The Man Who Recorded Video Of Ahmaud Arbery Being Shot Has Been Arrested On A Murder Charge,,20200522-0700
https://www.buzzfeed.com/christopherhudspeth/oh-come-on-facepalm-that-sucks-things?origin=web-hf,15 Facepalm-Worthy Things Humans Recently Did During This Pandemic That Make Me Hope Aliens Aren't Watching,,20200522-0700
https://www.buzzfeed.com/tatianatenreyrowhitlock/michael-cera-aubrey-plaza-chuck-e-cheese-pic?origin=web-hf,Michael Cera And Aubrey Plaza's Chuck E. Cheese Photo Is Legendary And Now We Have The Whole Story,,20200522-0700
https://www.buzzfeed.com/hannahmarder/what-movies-about-mental-health-made-you-feel-seen,What Movies Got Mental Health Right?,,20200522-0700
/watch/video/105540,"Camp Counselor Horror Stories
In honor of summer former camp counselors share their craziest, weirdest and funniest experiences from camp.",,20200522-0700
https://www.buzzfeed.com/briangalindo/chris-pratt-accidentally-deleted-over-35000-unread-emails?origin=web-hf,"Chris Pratt Accidentally Deleted More Than 35,000 Unread Emails After His Son Gasped At His Full Inbox",,20200522-0700
https://www.buzzfeed.com/sydrobinson1/before-and-after-pets-being-adopted-quarantine?origin=web-hf,21 Before-And-After Pictures Of Pets Who Were Adopted During Quarantine,,20200522-0700
https://www.buzzfeed.com/daves4/everyone-hates-but-does?origin=web-hf,27 Things Everyone On Earth Hates That They Do But Does Anyway,,20200522-0700
https://www.buzzfeed.com/tessafahey/identify-avatar-the-last-airbender-characters-quiz?origin=web-hf,"If You Can Identify 30/36 Of These ""Avatar: The Last Airbender"" Characters, You're A Master Bender",,20200522-0700
https://www.buzzfeed.com/clareaston/my-bibliotherapy-prescription?origin=web-hf,"You Can Now Be ""Prescribed"" Books For Your Mental Health And These Six Were Meant To Help Me",,20200522-0700
https://www.buzzfeed.com/rosethecorgi/choose-some-food-and-revile-your-soulmates-name-7gjir6fim?origin=web-hf,"If You Really Wanna Know The First Letter Of Your Soulmate's Name, Eat Some Food And We'll Tell You",,20200522-0700
https://www.buzzfeed.com/isabellalouise/can-you-sort-these-hogwarts-students-in-their-righ-klzvv4gs4?origin=web-hf,Only A Hogwarts Genius Can Match The Student To The House They Were Sorted Into,,20200522-0700
https://www.buzzfeed.com/mjs538/rose-on-90-day-fiance-and-big-ed?origin=web-hf,We Need To Stop Talking About Big Ed And Start Talking About Rose,,20200522-0700
/watch/video/105310,"Loren Gray Reads Her Instagram DMs
Loren Gray bravely sits down to do a deep dive into her Instagram DM requests, which include supportive fans, the obligatory haters, and even some marriage proposals from complete strangers. Check out Loren’s new single “Cake” now: https://www.youtube.com/watch?v=klwWrurkjgc",,20200522-0700
https://www.buzzfeed.com/ehisosifo1/harry-potter-letter-p-trivia-quiz?origin=web-hf,"This ""Harry Potter"" Quiz Will Separate The Wizards From The Muggles And It All Depends On The Letter P",,20200522-0700
https://www.buzzfeed.com/fallon2/what-hunger-games-characters-belong-in-these-hogwa-ckb6eid9yq?origin=web-hf,"Would You Sort These Characters From ""The Hunger Games"" Into The Same Hogwarts Houses As Everyone Else?",,20200522-0700
https://www.buzzfeed.com/ehisosifo1/drastic-americas-next-top-model-makeovers?origin=web-hf,"23 ""ANTM"" Makeovers That Tyra Banks Actually Assigned To Contestants",,20200522-0700
https://www.buzzfeed.com/alliehayes/books-so-good-you-cannot-put-them-down-flipped?origin=web-hf,"21 Books That Are So Good, People Literally Could Not Put Them Down",,20200522-0700
https://www.buzzfeed.com/christopherhudspeth/people-believed-there-was-evidence-of-a-parallel-universe?origin=web-hf,"17 Of The Funniest Tweets About The Discovery Of ""Evidence"" That A Parallel Universe Exists",,20200522-0700
https://www.buzzfeed.com/avaerickson04/which-disney-prince-do-you-belong-with-1mtuff45b1?origin=web-hf,Which Disney Prince Is Your Soulmate?,,20200522-0700
https://www.buzzfeed.com/stephenlaconte/lana-del-rey-controversy-beyonce-ariana-grande-cardi-b?origin=web-hf,"Lana Del Rey Seemed To Drag Artists Like Beyoncé, Cardi B, And Ariana Grande In A Statement On Instagram, And People Are Pissed",,20200522-0700
https://www.buzzfeednews.com/article/michaelblackmon/lana-del-rey-instagram-post-race?origin=web-hf,This Is Why People Are Mad At Lana Del Rey,,20200522-0700
/watch/video/105538,Can These Exes Be Friends?,,20200522-0700
https://www.buzzfeed.com/stephenlaconte/oprah-winfrey-big-cabbage-instagram?origin=web-hf,"Oprah Grew A Cabbage So Big She Could Barely Carry It, And You Really Need To See It To Believe It's Real",,20200522-0700
https://www.buzzfeed.com/katdo0907/the-office-and-friends-polls-1v8n4ssmtp?origin=web-hf,"These Polls Are For Fans Of ""Friends"" And ""The Office"" Only",,20200522-0700
https://www.buzzfeed.com/daniellaemanuel/water-popsicles-tiktok?origin=web-hf,"A Mom On TikTok Makes ""Water Popsicles"" For Her Kids And I'm Cracking Up",,20200522-0700
https://www.buzzfeed.com/kristatorres/little-bugs-live-in-strawberries-so-you-should-al?origin=web-hf,"If You Wash Berries In Salt Water, Little Bugs Will Start To Crawl Out",,20200522-0700
https://www.buzzfeed.com/juliawilling/for-everyone-in-love-with-boxer?origin=web-hf,"Just 23 Tweets Which Capture My Filthy Desire For Boxer From ""White Lines""",,20200522-0700
https://www.buzzfeed.com/anoushkagadhwal/the-ultimate-harry-potter-and-the-sorcereras-sto-cn37ve6nwu?origin=web-hf,"I Bet You Can't Score 10/13 On This ""Harry Potter And The Sorcerer’s Stone"" Book Quiz",,20200522-0700
https://www.buzzfeed.com/ryanschocket2/people-are-sharing-the-worst-coworker-theyve-worked-with?origin=web-hf,"People Are Sharing The Worst Coworker They've Worked With And Wow, Just Wow",,20200522-0700
https://www.buzzfeed.com/victoriagasparowicz/dark-moments-from-kids-movies-that-are-probably-still?origin=web-hf,22 Unexpectedly Dark Kids Movie Moments That People Wish They Could Forget,,20200522-0700
/watch/video/102332,"I Followed Bretman Rock's Oldest And Newest Makeup Tutorial
""This could either be a revelation or a giant mistake.""",,20200522-0700
https://www.buzzfeed.com/marielasummerhays01/therapy-is-for-men?origin=web-hf,"If You're A Man Who Relies On Therapy For Your Wellbeing, You're Not Alone",,20200522-0700
https://www.buzzfeed.com/chilifritos1234/plan-a-wedding-a-well-tell-which-the-office-char-cvj3ackoya?origin=web-hf,"Design Your Dream Wedding And We'll Tell You Which Character From ""The Office"" You Belong With",,20200522-0700
https://www.buzzfeed.com/farrahpenn/new-ya-books-spring-2020?origin=web-hf,Here Are The 15 Young Adult Books We're Loving This Spring,,20200522-0700
https://www.buzzfeed.com/lyapalater/the-bar-is-so-low-that-im-emotion-because-adam-sa?origin=web-hf,The Bar Is So Low That I'm Emo Over Adam Sandler Buying Tampons For The Women In His Life,,20200522-0700
https://www.buzzfeed.com/mjs538/a-news-clip-from-go-topless-jeep-weekend-is-going-viral?origin=web-hf,"A Video From ""Go Topless Jeep Weekend"" Is Going Viral Because ""Not Even SNL Could Write Something This Ridiculous""",,20200522-0700
https://www.buzzfeed.com/buzzfeedoznews/bye-buzzfeed-oz-news?origin=web-hf,This Is BuzzFeed News Australia’s Last Day. Here Are 37 Of Our Favourite Stories.,,20200522-0700
https://www.buzzfeed.com/jasminsuknanan/useful-beauty-products-on-sale?origin=web-hf,23 Useful Beauty Products You'll Probably Be Very Glad You Got On Sale,,20200522-0700
https://www.buzzfeed.com/hbraga/sephora-memorial-day-sale?origin=web-hf,Sephora Has Tons Of Products On Sale For Up To 50% Off Right Now,,20200522-0700
/watch/video/105809,"The ""Outer Banks"" Cast Answers Your Burning Questions
Your favorite Pogues return as the cast of the hit Netflix series “Outer Banks” (Chase Stokes, Madelyn Cline, Madison Bailey, Rudy Pankow, and Jonathan Daviss) all sit down to answer your burning questions, from how their lives have changed since the show’s debut, to what they think will happen in season two, all the way to which major roles they’ve auditioned for in the past but didn’t get…which leads to one cast member revealing that he very nearly spent some time in a galaxy far, far away.",,20200522-0700
https://www.buzzfeed.com/hannahryan/refugees-phones-australia-whatsapp-interview?origin=web-hf,"In This Group Chat, Refugees Explained Why They Don’t Want Their Phones Taken Away",,20200522-0700
https://www.buzzfeednews.com/article/tanyachen/a-man-is-being-trolled-for-making-a-leather-face-mask?origin=web-hf,This Guy Is Being Trolled After He Shared His Design For A Cool-Looking Leather Face Mask,,20200522-0700
https://www.buzzfeed.com/jmihaly/fathers-day-gifts-dads-wont-pretend?origin=web-hf,31 Father’s Day Gifts That Dads Won’t Have To Pretend To Like,,20200522-0700
https://www.buzzfeednews.com/article/rubycramer/joe-biden-tara-reade-allegations-senate-2020?origin=web-hf,Tara Reade Stood Apart In Joe Biden's 1990s Senate Staff,,20200522-0700
https://www.buzzfeed.com/lakenbrooks222/we-know-your-soulmates-initials-based-on-the-shak-3thj8kp21b?origin=web-hf,We Know Your Soulmate's Initials Based On The Shakespearean Insults You Use To Describe Your Ex,,20200522-0700
https://www.buzzfeed.com/eleanorbate/gigi-hadid-pregnant-during-fashion-week?origin=web-hf,"Gigi Hadid Opened Up About Being ""A Few Months"" Pregnant During Fashion Week And How Her Body Has Changed",,20200522-0700
https://www.buzzfeed.com/yiyang/target-memorial-day-sale?origin=web-hf,All The Best Memorial Day Deals At Target,,20200522-0700
https://www.buzzfeed.com/kristatorres/jason-derulos-tried-to-eat-corn-off-a-power-drill?origin=web-hf,Jason Derulo Tried To Eat Corn Off A Power Drill And Things Did Not Go Well,,20200522-0700
/watch/video/103610,Gadiel Gets Financial Tips For Surviving This Pandemic,,20200522-0700
https://www.buzzfeed.com/whitneyjefferson/joaquin-phoenix-and-rooney-mara-baby-tweets?origin=web-hf,18 Perfect Tweets About Joaquin Phoenix And Rooney Mara Having A Baby,,20200522-0700
https://www.buzzfeed.com/racheldunkel/sur-la-table-summer-sale?origin=web-hf,"Sur La Table's Having A Huge Summer Sale, So It's Time To Invest In Some Quality Kitchen Tools",,20200522-0700
https://www.buzzfeed.com/swiftienerd/do-you-agree-with-these-unpopular-book-opinions-e47xhgqlig?origin=web-hf,Do You Actually Agree With These Controversial Book Opinions?,,20200522-0700
https://www.buzzfeed.com/lilianastephens21/make-a-friends-episode-and-ill-tell-you-which-fri-a59ionup2o?origin=web-hf,"Make A ""Friends"" Episode And I'll Tell You Which Character You Are",,20200522-0700
https://www.buzzfeed.com/isabellalouise/this-visual-quiz-will-reveal-which-elemental-bendi-687v2it35g?origin=web-hf,"This Visual Quiz Will Reveal Which ""Avatar: The Last Airbender"" Element You'd Master",,20200522-0700
https://www.buzzfeed.com/samanthawieder/overstocks-memorial-day-blowout-sale-2020?origin=web-hf,All The Best Deals At Overstock's Memorial Day Sale,,20200522-0700
https://www.buzzfeednews.com/article/salvadorhernandez/coronavirus-victim-white-house-butler-wilson-jerman?origin=web-hf,A White House Butler Who Worked For 11 US Presidents Died Of The Coronavirus,,20200522-0700
https://www.buzzfeed.com/kaylaboyd/fathers-day-gifts?origin=web-hf,34 Of The Best Father's Day Gifts To Give This Year,,20200522-0700
/watch/video/103666,"Black Family Tries Each Others' Chocolate Chip Cookies
""I'm lactose intolerant, I don't need this!""",,20200522-0700
https://www.buzzfeed.com/malloryannp/fathers-day-gifts-over-35?origin=web-hf,50 Splurge-Worthy Gifts To Surprise Your Dad With This Father's Day,,20200522-0700
https://www.buzzfeed.com/angelicaamartinez/tiktok-vintage-makeup?origin=web-hf,TikTok Taught Me How Wild Vintage Makeup Compacts Were And I Desperately Need Them To Make A Comeback,,20200522-0700
https://www.buzzfeed.com/kirbybeaton/books-recommendations-traveling?origin=web-hf,19 Books To Read During Quarantine To Make You Feel Like You're Traveling,,20200522-0700
https://www.buzzfeed.com/shelbyheinrich/tiktok-music-festival-viral-heartwarming?origin=web-hf,"These Siblings On TikTok Threw Their Brother His Very Own Music Festival In Quarantine, And It's Officially Gone Viral",,20200522-0700
https://www.buzzfeed.com/christopherhudspeth/photos-of-the-pandemic-world-different?origin=web-hf,19 Photos of Life Today That Would've Blown Your Mind A Year Ago,,20200522-0700
https://www.buzzfeed.com/audreyworboys/disney-movie-region-would-you-rather?origin=web-hf,"You Can Only Save One Disney Movie From Each Of These Regions, The Rest Are Deleted Forever",,20200522-0700
https://www.buzzfeed.com/lyapalater/heres-everything-new-coming-to-netflix-this-week-5-21?origin=web-hf,"Here's Everything New Coming To Netflix This Week, Starting May 21",,20200522-0700
https://www.buzzfeed.com/giannaudes/choose-celebrities-a-z-and-ill-tell-you-what-to-d-2r0na9k1lv?origin=web-hf,Choose A Celebrity For Every Letter Of The Alphabet And We'll Give You A New Activity To Try While You're At Home,,20200522-0700
/watch/video/103443,Japanese And Mexican People Swap Board Games,,20200522-0700
https://www.buzzfeed.com/briangalindo/queer-eye-new-season-5-trailer-netflix?origin=web-hf,"The Trailer For Season 5 Of ""Queer Eye"" Just Dropped And I Already Cried Six Times Watching It",,20200522-0700
https://www.buzzfeed.com/morganmurrell/serena-williams-daughter-instagram?origin=web-hf,Excuse Me While I Try To Contain My Baby Fever While Watching Serena Williams And Her Daughter,,20200522-0700
https://www.buzzfeed.com/genevievescarano/fitness-fathers-day-for-athletic-dads?origin=web-hf,30 Father's Day Gifts For The Dad Who Loves To Exercise,,20200522-0700
https://www.buzzfeed.com/nataliebrown/products-youll-probably-use-every-single-day-2020?origin=web-hf,30 Products So Effective You'll Probably Use Them Every Single Day,,20200522-0700
https://www.buzzfeed.com/shelbyheinrich/high-school-trivia-quiz?origin=web-hf,Half The Population Can't Pass This High School Simulation Without Cheating — Can You?,,20200522-0700
https://www.buzzfeednews.com/article/katebubacz/photos-michigan-flooding-dams?origin=web-hf,Dramatic Photos Show Massive Flooding After Two Dams Collapsed In Michigan,,20200522-0700
https://www.buzzfeed.com/sydrobinson1/commonly-misspelled-words-spelling-quiz?origin=web-hf,These Are 15 Of The Most Commonly Misspelled Words — Think You Can Spell Them Right?,,20200522-0700
https://www.buzzfeed.com/benhenry/jojo-siwa-candy-themed-bedroom?origin=web-hf,JoJo Siwa Fans Came To Her Defence After A Video Of Her Candy Themed-Bedroom Sparked A Debate About Her Age,,20200522-0700
/watch/video/105671,Black Women Go To Vegas Without Their Hair Done,,20200522-0700
https://www.buzzfeednews.com,BuzzFeed NewsReporting on what you care about. We hold major institutions accountable and expose wrongdoing.,,20200522-0730
https://www.tasty.co,"BuzzFeed TastySearch, watch, and cook every single Tasty recipe and video ever - all in one place!",,20200522-0730
https://www.buzzfeed.com/goodful,"BuzzFeed GoodfulSelf care and ideas to help you live a healthier, happier life.",,20200522-0730
https://www.buzzfeed.com/bringme,"BuzzFeed Bring MeObsessed with travel? Discover unique things to do, places to eat, and sights to see in the best destinations around the world with Bring Me!",,20200522-0730
https://www.buzzfeed.com/asis,"BuzzFeed As IsSomething for everyone interested in hair, makeup, style, and body positivity.",,20200522-0730
https://www.buzzfeed.com/lyapalater/the-bar-is-so-low-that-im-emotion-because-adam-sa?ref=hpsplash&origin=spl,The Bar Is So Low That I’m Emo Over Adam Sandler Buying Tampons For The Women In His Life,,20200522-0730
https://www.buzzfeed.com/yiyang/futuristic-products-thatll-probably-make-you-feel-like?origin=hpp,35 Futuristic Products That’ll Probably Make You Feel Like You’re Living In 3020,,20200522-0730
https://www.buzzfeed.com/newsletters?ref=hplego,"WTF Is Happening Today? BuzzFeed Newsletters Can Help!
We have newsletters to help you stay in the loop AND newsletters to help you forget! Try one today!",,20200522-0730
https://www.buzzfeed.com/zipporkella/what-percent-typical-nerd-are-you-c09ywjxe9m?origin=web-hf,"If You Check Off At Least 17/26 Things On This List, Then You're A Total Nerd",,20200522-0730
https://www.buzzfeed.com/mikespohr/mindblowing-facts?origin=web-hf,18 Random Facts That Absolutely Blew People's Minds On Twitter,,20200522-0730
https://www.buzzfeed.com/andrewziegler/quiz-party?origin=shp,"You Can Now Take BuzzFeed Quizzes In Real Time With Your Friends — You’re Welcome
Let’s get this party started.",,20200522-0730
https://www.buzzfeed.com/jenniferabidor/friends-a-to-z?origin=shp,"This ""Friends"" A–Z Quiz Will Reveal Which Main Character You Are",,20200522-0730
https://www.buzzfeed.com/sarahaspler/taste-in-disney-movies-age-quiz?origin=shp,Can We Accurately Guess Your Age Based On Your Taste In Disney Movies?,,20200522-0730
https://www.buzzfeed.com/andrewziegler/quiz-romantic-type?origin=shp,There Are Actually Only Four Romantic Types And We Can Accurately Guess Yours,,20200522-0730
https://www.buzzfeed.com/sarahaspler/everyone-has-a-fruit-that-matches-their-personalit?origin=shp,Everyone Has A Fruit That Matches Their Personality – Here’s Yours,,20200522-0730
https://www.buzzfeed.com/quizparty,Keep the quiz party going,,20200522-0730
https://www.buzzfeed.com/tessafahey/iconic-rom-com-checklist?origin=web-hf,How Many Iconic Rom-Coms Have You Actually Seen?,,20200522-0730
https://www.buzzfeed.com/tatianatenreyrowhitlock/lady-gaga-and-ariana-grande-song?origin=web-hf,"Lady Gaga And Ariana Grande Just Made The Weekend More Exciting By Dropping Their Song ""Rain On Me""",,20200522-0730
https://www.buzzfeed.com/maitlandquitmeyer/best-memorial-day-sales-deals-2020?origin=hshp,"All The Best Memorial Day Weekend Deals
The savings start now.",,20200522-0730
https://www.buzzfeed.com/kaylasuazo/all-the-best-memorial-day-mattress-sales-2020?origin=hshp,All Of The Best Memorial Day Mattress Sales,,20200522-0730
https://www.buzzfeed.com/emmalord9/best-deals-wayfair-memorial-day-sale?origin=hshp,All The Best Deals At Wayfair's Memorial Day Sale,,20200522-0730
https://www.buzzfeed.com/abbykass/zappos-memorial-day-sale?origin=hshp,You Can Save On *So* Many Popular Shoes During The Zappos Memorial Day Sale,,20200522-0730
https://www.buzzfeed.com/elenamgarcia/dyson-is-having-a-pretty-major-memorial-day-sale-no-better?origin=hshp,Dyson Is Having A Pretty Major Memorial Day Sale — No Better Time Than Now To Get Yourself A New Vacuum,,20200522-0730
https://www.buzzfeed.com/shopping?origin=hshp,See more great product recommendations,,20200522-0730
https://www.buzzfeed.com/noradominick/celeb-iconic-characters-trivia-quiz?origin=web-hf,These Iconic TV And Movie Characters Were Played By The Same Actor — Can You Tell Them Apart?,,20200522-0730
/watch/video/102294,"We Didn't Use Toilet Paper For A Week 
Auri gets Steve to try reusable toilet paper, will he like it?",,20200522-0730
https://www.buzzfeed.com/tatianatenreyrowhitlock/funniest-tweets-lana-del-rey-instagram-post-drama?origin=web-hf,15 Funny Tweets About The Lana Del Rey Instagram Post Drama,,20200522-0730
https://www.buzzfeednews.com/article/davidmack/coronavirus-trump-test-positive-negative-answer-video?origin=shp,"Positive News! Trump Says He Tested Positively, Which Means Negative, For The Coronavirus.
“But that’s a way of saying it: positively toward the negative.”",,20200522-0730
https://www.buzzfeednews.com/article/janelytvynenko/coronavirus-spin-doctors?origin=shp,These Are The Fake Experts Pushing Pseudoscience And Conspiracy Theories About The Coronavirus Pandemic,,20200522-0730
https://www.buzzfeednews.com/article/clarissajanlim/doctor-congressional-hearing-coronavirus-second-wave-ppe?origin=shp,"A Doctor Told Lawmakers The Country Is Not ""Prepared For A Second Wave"" Of The Coronavirus",,20200522-0730
https://www.buzzfeednews.com/article/meghara/qatar-coronavirus-tracking-app-mandatory?origin=shp,Qatar Has Made Its Coronavirus Contact Tracing App Mandatory,,20200522-0730
https://www.buzzfeednews.com/article/lamvo/coronavirus-update-charts-unemployment-claims-laid-off-jobs?origin=shp,These Updating Charts Show The Record Number Of Americans Filing Unemployment Claims,,20200522-0730
https://bzfd.it/noc-show,The daily News O'Clock podcast is here.,,20200522-0730
https://www.buzzfeed.com/jenniferabidor/jokes-about-disney-villains?origin=web-hf,21 Times The Internet Roasted The Disney Villains,,20200522-0730
https://www.buzzfeed.com/huynht2510/can-we-guess-your-most-recent-emoji-by-this-quiz-eqcv8mgpxb?origin=web-hf,Build A House And We'll Accurately Guess Your Most Recently Used Emoji,,20200522-0730
https://www.buzzfeed.com/tatianatenreyrowhitlock/lana-del-rey-responds-to-backlash-over-instagram-post?origin=web-hf,"Lana Del Rey Responded To The Backlash Toward Her Instagram Post, Saying She's Sad People Made It A ""WOC Issue""",,20200522-0730
https://www.buzzfeed.com/farrahpenn/finals-week-zoom-university-fails?origin=web-hf,18 Times The Students Of Zoom University Really Struggled Through Finals Week,,20200522-0730
https://www.buzzfeednews.com/article/laurenstrapagiel/influencers-say-instagram-is-more-likely-to-remove-photos?origin=web-hf,"Influencers Say Instagram Is Biased Against Plus-Size Bodies, And They May Be Right",,20200522-0730
https://www.buzzfeed.com/victoriavouloumanos/stars-who-are-mixed-asian-pacific-islander?origin=shp,"34 Multiracial Celebs Who Are Actually Asian Or Pacific Islander
Relatable and inspirational icons, all of ‘em.",,20200522-0730
https://www.buzzfeed.com/nusrat21/a-guide-for-people-new-to-bollywood?origin=shp,30 Bollywood Films That Everyone Absolutely Must See,,20200522-0730
https://www.buzzfeed.com/michellemkim/asian-male-celebs-thirst?origin=shp,21 Asian Male Celebs That Have Us Feeling Oh So Very Thirsty,,20200522-0730
https://www.buzzfeed.com/michellemkim/which-anime-best-boy-are-you?origin=shp,Quiz: Which Anime Best Boy Are You?,,20200522-0730
https://www.buzzfeed.com/badge/apahm2020,See all of our APAHM coverage here,,20200522-0730
/watch/video/99501,"Boricua From The Island vs The Mainland 
Love one another, Puerto Ricans from around the world!",,20200522-0730
https://www.buzzfeed.com/mjs538/early-2000s-pictures-for-millennials?origin=web-hf,33 Pictures That Millennials Will Have To Explain To Generation Alpha Someday,,20200522-0730
https://www.buzzfeed.com/buzzfeedresearch/civicscience-main3-buzz,Let Your Voice Be Heard. Tell Us Your Opinions!,,20200522-0730
https://www.buzzfeed.com/morganmurrell/drake-called-kylie-jenner-side-piece-apology?origin=web-hf,"Drake Name-Dropped Kylie Jenner, Kendall Jenner, And Gigi Hadid In A Song, Then Issued An Apology Statement",,20200522-0730
https://www.buzzfeed.com/briangalindo/21-tbt-photos-celebs-posted-on-instagram-may-21?origin=web-hf,Here's What Chrissy Teigen And 20 Other Celebrities Shared This Week For #TBT,,20200522-0730
https://www.buzzfeed.com/christopherhudspeth/oh-come-on-facepalm-that-sucks-things?origin=web-hf,15 Facepalm-Worthy Things Humans Recently Did During This Pandemic That Make Me Hope Aliens Aren't Watching,,20200522-0730
https://www.buzzfeednews.com/article/skbaer/ahmaud-arbery-death-william-bryan-arrest?origin=web-hf,The Man Who Recorded Video Of Ahmaud Arbery Being Shot Has Been Arrested On A Murder Charge,,20200522-0730
https://www.buzzfeed.com/tatianatenreyrowhitlock/michael-cera-aubrey-plaza-chuck-e-cheese-pic?origin=web-hf,Michael Cera And Aubrey Plaza's Chuck E. Cheese Photo Is Legendary And Now We Have The Whole Story,,20200522-0730
https://www.buzzfeed.com/hannahmarder/what-movies-about-mental-health-made-you-feel-seen,What Movies Got Mental Health Right?,,20200522-0730
/watch/video/105540,"Camp Counselor Horror Stories
In honor of summer former camp counselors share their craziest, weirdest and funniest experiences from camp.",,20200522-0730
https://www.buzzfeed.com/briangalindo/chris-pratt-accidentally-deleted-over-35000-unread-emails?origin=web-hf,"Chris Pratt Accidentally Deleted More Than 35,000 Unread Emails After His Son Gasped At His Full Inbox",,20200522-0730
https://www.buzzfeed.com/sydrobinson1/before-and-after-pets-being-adopted-quarantine?origin=web-hf,21 Before-And-After Pictures Of Pets Who Were Adopted During Quarantine,,20200522-0730
https://www.buzzfeed.com/daves4/everyone-hates-but-does?origin=web-hf,27 Things Everyone On Earth Hates That They Do But Does Anyway,,20200522-0730
https://www.buzzfeed.com/hannahmarder/teen-drama-characters-that-did-not-need-to-die?origin=web-hf,20 Of The Most Tragically Unnecessary Deaths From Teen Dramas,,20200522-0730
https://www.buzzfeed.com/tessafahey/identify-avatar-the-last-airbender-characters-quiz?origin=web-hf,"If You Can Identify 30/36 Of These ""Avatar: The Last Airbender"" Characters, You're A Master Bender",,20200522-0730
https://www.buzzfeed.com/clareaston/my-bibliotherapy-prescription?origin=web-hf,"You Can Now Be ""Prescribed"" Books For Your Mental Health And These Six Were Meant To Help Me",,20200522-0730
https://www.buzzfeed.com/rosethecorgi/choose-some-food-and-revile-your-soulmates-name-7gjir6fim?origin=web-hf,"If You Really Wanna Know The First Letter Of Your Soulmate's Name, Eat Some Food And We'll Tell You",,20200522-0730
https://www.buzzfeed.com/isabellalouise/can-you-sort-these-hogwarts-students-in-their-righ-klzvv4gs4?origin=web-hf,Only A Hogwarts Genius Can Match The Student To The House They Were Sorted Into,,20200522-0730
/watch/video/105310,"Loren Gray Reads Her Instagram DMs
Loren Gray bravely sits down to do a deep dive into her Instagram DM requests, which include supportive fans, the obligatory haters, and even some marriage proposals from complete strangers. Check out Loren’s new single “Cake” now: https://www.youtube.com/watch?v=klwWrurkjgc",,20200522-0730
https://www.buzzfeed.com/mjs538/rose-on-90-day-fiance-and-big-ed?origin=web-hf,We Need To Stop Talking About Big Ed And Start Talking About Rose,,20200522-0730
https://www.buzzfeed.com/ehisosifo1/harry-potter-letter-p-trivia-quiz?origin=web-hf,"This ""Harry Potter"" Quiz Will Separate The Wizards From The Muggles And It All Depends On The Letter P",,20200522-0730
https://www.buzzfeed.com/fallon2/what-hunger-games-characters-belong-in-these-hogwa-ckb6eid9yq?origin=web-hf,"Would You Sort These Characters From ""The Hunger Games"" Into The Same Hogwarts Houses As Everyone Else?",,20200522-0730
https://www.buzzfeed.com/ehisosifo1/drastic-americas-next-top-model-makeovers?origin=web-hf,"23 ""ANTM"" Makeovers That Tyra Banks Actually Assigned To Contestants",,20200522-0730
https://www.buzzfeed.com/alliehayes/books-so-good-you-cannot-put-them-down-flipped?origin=web-hf,"21 Books That Are So Good, People Literally Could Not Put Them Down",,20200522-0730
https://www.buzzfeed.com/christopherhudspeth/people-believed-there-was-evidence-of-a-parallel-universe?origin=web-hf,"17 Of The Funniest Tweets About The Discovery Of ""Evidence"" That A Parallel Universe Exists",,20200522-0730
https://www.buzzfeed.com/avaerickson04/which-disney-prince-do-you-belong-with-1mtuff45b1?origin=web-hf,Which Disney Prince Is Your Soulmate?,,20200522-0730
https://www.buzzfeed.com/stephenlaconte/lana-del-rey-controversy-beyonce-ariana-grande-cardi-b?origin=web-hf,"Lana Del Rey Seemed To Drag Artists Like Beyoncé, Cardi B, And Ariana Grande In A Statement On Instagram, And People Are Pissed",,20200522-0730
/watch/video/105538,Can These Exes Be Friends?,,20200522-0730
https://www.buzzfeednews.com/article/michaelblackmon/lana-del-rey-instagram-post-race?origin=web-hf,This Is Why People Are Mad At Lana Del Rey,,20200522-0730
https://www.buzzfeed.com/stephenlaconte/oprah-winfrey-big-cabbage-instagram?origin=web-hf,"Oprah Grew A Cabbage So Big She Could Barely Carry It, And You Really Need To See It To Believe It's Real",,20200522-0730
https://www.buzzfeed.com/katdo0907/the-office-and-friends-polls-1v8n4ssmtp?origin=web-hf,"These Polls Are For Fans Of ""Friends"" And ""The Office"" Only",,20200522-0730
https://www.buzzfeed.com/daniellaemanuel/water-popsicles-tiktok?origin=web-hf,"A Mom On TikTok Makes ""Water Popsicles"" For Her Kids And I'm Cracking Up",,20200522-0730
https://www.buzzfeed.com/kristatorres/little-bugs-live-in-strawberries-so-you-should-al?origin=web-hf,"If You Wash Berries In Salt Water, Little Bugs Will Start To Crawl Out",,20200522-0730
https://www.buzzfeed.com/juliawilling/for-everyone-in-love-with-boxer?origin=web-hf,"If You Are Horny For Boxer From Netflix’s ""White Lines"", These 23 Tweets Are For You",,20200522-0730
https://www.buzzfeed.com/anoushkagadhwal/the-ultimate-harry-potter-and-the-sorcereras-sto-cn37ve6nwu?origin=web-hf,"I Bet You Can't Score 10/13 On This ""Harry Potter And The Sorcerer’s Stone"" Book Quiz",,20200522-0730
https://www.buzzfeed.com/ryanschocket2/people-are-sharing-the-worst-coworker-theyve-worked-with?origin=web-hf,"People Are Sharing The Worst Coworker They've Worked With And Wow, Just Wow",,20200522-0730
/watch/video/102332,"I Followed Bretman Rock's Oldest And Newest Makeup Tutorial
""This could either be a revelation or a giant mistake.""",,20200522-0730
https://www.buzzfeed.com/victoriagasparowicz/dark-moments-from-kids-movies-that-are-probably-still?origin=web-hf,22 Unexpectedly Dark Kids Movie Moments That People Wish They Could Forget,,20200522-0730
https://www.buzzfeed.com/marielasummerhays01/therapy-is-for-men?origin=web-hf,"If You're A Man Who Relies On Therapy For Your Wellbeing, You're Not Alone",,20200522-0730
https://www.buzzfeed.com/chilifritos1234/plan-a-wedding-a-well-tell-which-the-office-char-cvj3ackoya?origin=web-hf,"Design Your Dream Wedding And We'll Tell You Which Character From ""The Office"" You Belong With",,20200522-0730
https://www.buzzfeed.com/farrahpenn/new-ya-books-spring-2020?origin=web-hf,Here Are The 15 Young Adult Books We're Loving This Spring,,20200522-0730
https://www.buzzfeed.com/mjs538/a-news-clip-from-go-topless-jeep-weekend-is-going-viral?origin=web-hf,"A Video From ""Go Topless Jeep Weekend"" Is Going Viral Because ""Not Even SNL Could Write Something This Ridiculous""",,20200522-0730
https://www.buzzfeed.com/buzzfeedoznews/bye-buzzfeed-oz-news?origin=web-hf,This Is BuzzFeed News Australia’s Last Day. Here Are 37 Of Our Favourite Stories.,,20200522-0730
https://www.buzzfeed.com/jasminsuknanan/useful-beauty-products-on-sale?origin=web-hf,23 Useful Beauty Products You'll Probably Be Very Glad You Got On Sale,,20200522-0730
https://www.buzzfeed.com/hbraga/sephora-memorial-day-sale?origin=web-hf,Sephora Has Tons Of Products On Sale For Up To 50% Off Right Now,,20200522-0730
/watch/video/105809,"The ""Outer Banks"" Cast Answers Your Burning Questions
Your favorite Pogues return as the cast of the hit Netflix series “Outer Banks” (Chase Stokes, Madelyn Cline, Madison Bailey, Rudy Pankow, and Jonathan Daviss) all sit down to answer your burning questions, from how their lives have changed since the show’s debut, to what they think will happen in season two, all the way to which major roles they’ve auditioned for in the past but didn’t get…which leads to one cast member revealing that he very nearly spent some time in a galaxy far, far away.",,20200522-0730
https://www.buzzfeed.com/hannahryan/refugees-phones-australia-whatsapp-interview?origin=web-hf,I Made A Group Chat With Refugees To Ask Them About Australia Wanting To Take Their Phones,,20200522-0730
https://www.buzzfeednews.com/article/tanyachen/a-man-is-being-trolled-for-making-a-leather-face-mask?origin=web-hf,This Guy Is Being Trolled After He Shared His Design For A Cool-Looking Leather Face Mask,,20200522-0730
https://www.buzzfeed.com/jmihaly/fathers-day-gifts-dads-wont-pretend?origin=web-hf,31 Father’s Day Gifts That Dads Won’t Have To Pretend To Like,,20200522-0730
https://www.buzzfeednews.com/article/rubycramer/joe-biden-tara-reade-allegations-senate-2020?origin=web-hf,Tara Reade Stood Apart In Joe Biden's 1990s Senate Staff,,20200522-0730
https://www.buzzfeed.com/lakenbrooks222/we-know-your-soulmates-initials-based-on-the-shak-3thj8kp21b?origin=web-hf,We Know Your Soulmate's Initials Based On The Shakespearean Insults You Use To Describe Your Ex,,20200522-0730
https://www.buzzfeed.com/eleanorbate/gigi-hadid-pregnant-during-fashion-week?origin=web-hf,"Gigi Hadid Opened Up About Being ""A Few Months"" Pregnant During Fashion Week And How Her Body Has Changed",,20200522-0730
https://www.buzzfeed.com/yiyang/target-memorial-day-sale?origin=web-hf,All The Best Memorial Day Deals At Target,,20200522-0730
https://www.buzzfeed.com/kristatorres/jason-derulos-tried-to-eat-corn-off-a-power-drill?origin=web-hf,Jason Derulo Tried To Eat Corn Off A Power Drill And Things Did Not Go Well,,20200522-0730
/watch/video/103610,Gadiel Gets Financial Tips For Surviving This Pandemic,,20200522-0730
https://www.buzzfeed.com/whitneyjefferson/joaquin-phoenix-and-rooney-mara-baby-tweets?origin=web-hf,18 Perfect Tweets About Joaquin Phoenix And Rooney Mara Having A Baby,,20200522-0730
https://www.buzzfeed.com/racheldunkel/sur-la-table-summer-sale?origin=web-hf,"Sur La Table's Having A Huge Summer Sale, So It's Time To Invest In Some Quality Kitchen Tools",,20200522-0730
https://www.buzzfeed.com/swiftienerd/do-you-agree-with-these-unpopular-book-opinions-e47xhgqlig?origin=web-hf,Do You Actually Agree With These Controversial Book Opinions?,,20200522-0730
https://www.buzzfeed.com/lilianastephens21/make-a-friends-episode-and-ill-tell-you-which-fri-a59ionup2o?origin=web-hf,"Make A ""Friends"" Episode And I'll Tell You Which Character You Are",,20200522-0730
https://www.buzzfeed.com/isabellalouise/this-visual-quiz-will-reveal-which-elemental-bendi-687v2it35g?origin=web-hf,"This Visual Quiz Will Reveal Which ""Avatar: The Last Airbender"" Element You'd Master",,20200522-0730
https://www.buzzfeed.com/samanthawieder/overstocks-memorial-day-blowout-sale-2020?origin=web-hf,All The Best Deals At Overstock's Memorial Day Sale,,20200522-0730
https://www.buzzfeednews.com/article/salvadorhernandez/coronavirus-victim-white-house-butler-wilson-jerman?origin=web-hf,A White House Butler Who Worked For 11 US Presidents Died Of The Coronavirus,,20200522-0730
https://www.buzzfeed.com/kaylaboyd/fathers-day-gifts?origin=web-hf,34 Of The Best Father's Day Gifts To Give This Year,,20200522-0730
/watch/video/103666,"Black Family Tries Each Others' Chocolate Chip Cookies
""I'm lactose intolerant, I don't need this!""",,20200522-0730
https://www.buzzfeed.com/angelicaamartinez/tiktok-vintage-makeup?origin=web-hf,TikTok Taught Me How Wild Vintage Makeup Compacts Were And I Desperately Need Them To Make A Comeback,,20200522-0730
https://www.buzzfeed.com/malloryannp/fathers-day-gifts-over-35?origin=web-hf,50 Splurge-Worthy Gifts To Surprise Your Dad With This Father's Day,,20200522-0730
https://www.buzzfeed.com/shelbyheinrich/tiktok-music-festival-viral-heartwarming?origin=web-hf,"These Siblings On TikTok Threw Their Brother His Very Own Music Festival In Quarantine, And It's Officially Gone Viral",,20200522-0730
https://www.buzzfeed.com/kirbybeaton/books-recommendations-traveling?origin=web-hf,19 Books To Read During Quarantine To Make You Feel Like You're Traveling,,20200522-0730
https://www.buzzfeed.com/christopherhudspeth/photos-of-the-pandemic-world-different?origin=web-hf,19 Photos of Life Today That Would've Blown Your Mind A Year Ago,,20200522-0730
https://www.buzzfeed.com/audreyworboys/disney-movie-region-would-you-rather?origin=web-hf,"You Can Only Save One Disney Movie From Each Of These Regions, The Rest Are Deleted Forever",,20200522-0730
https://www.buzzfeed.com/lyapalater/heres-everything-new-coming-to-netflix-this-week-5-21?origin=web-hf,"Here's Everything New Coming To Netflix This Week, Starting May 21",,20200522-0730
https://www.buzzfeed.com/giannaudes/choose-celebrities-a-z-and-ill-tell-you-what-to-d-2r0na9k1lv?origin=web-hf,Choose A Celebrity For Every Letter Of The Alphabet And We'll Give You A New Activity To Try While You're At Home,,20200522-0730
/watch/video/103443,Japanese And Mexican People Swap Board Games,,20200522-0730
https://www.buzzfeed.com/briangalindo/queer-eye-new-season-5-trailer-netflix?origin=web-hf,"The Trailer For Season 5 Of ""Queer Eye"" Just Dropped And I Already Cried Six Times Watching It",,20200522-0730
https://www.buzzfeed.com/morganmurrell/serena-williams-daughter-instagram?origin=web-hf,Excuse Me While I Try To Contain My Baby Fever While Watching Serena Williams And Her Daughter,,20200522-0730
https://www.buzzfeed.com/nataliebrown/products-youll-probably-use-every-single-day-2020?origin=web-hf,30 Products So Effective You'll Probably Use Them Every Single Day,,20200522-0730
https://www.buzzfeed.com/genevievescarano/fitness-fathers-day-for-athletic-dads?origin=web-hf,30 Father's Day Gifts For The Dad Who Loves To Exercise,,20200522-0730
https://www.buzzfeed.com/shelbyheinrich/high-school-trivia-quiz?origin=web-hf,Half The Population Can't Pass This High School Simulation Without Cheating — Can You?,,20200522-0730
https://www.buzzfeed.com/sydrobinson1/commonly-misspelled-words-spelling-quiz?origin=web-hf,These Are 15 Of The Most Commonly Misspelled Words — Think You Can Spell Them Right?,,20200522-0730
https://www.buzzfeednews.com/article/katebubacz/photos-michigan-flooding-dams?origin=web-hf,Dramatic Photos Show Massive Flooding After Two Dams Collapsed In Michigan,,20200522-0730
https://www.buzzfeed.com/benhenry/jojo-siwa-candy-themed-bedroom?origin=web-hf,JoJo Siwa Fans Came To Her Defence After A Video Of Her Candy Themed-Bedroom Sparked A Debate About Her Age,,20200522-0730
/watch/video/105671,Black Women Go To Vegas Without Their Hair Done,,20200522-0730
https://www.buzzfeednews.com,BuzzFeed NewsReporting on what you care about. We hold major institutions accountable and expose wrongdoing.,,20200522-0800
https://www.tasty.co,"BuzzFeed TastySearch, watch, and cook every single Tasty recipe and video ever - all in one place!",,20200522-0800
https://www.buzzfeed.com/goodful,"BuzzFeed GoodfulSelf care and ideas to help you live a healthier, happier life.",,20200522-0800
https://www.buzzfeed.com/bringme,"BuzzFeed Bring MeObsessed with travel? Discover unique things to do, places to eat, and sights to see in the best destinations around the world with Bring Me!",,20200522-0800
https://www.buzzfeed.com/asis,"BuzzFeed As IsSomething for everyone interested in hair, makeup, style, and body positivity.",,20200522-0800
https://www.buzzfeed.com/victoriagasparowicz/dark-moments-from-kids-movies-that-are-probably-still?ref=hpsplash&origin=spl,22 Dark Moments From Kids Movies That Are Probably Still Seared Into Your Brain,,20200522-0800
https://www.buzzfeed.com/yiyang/futuristic-products-thatll-probably-make-you-feel-like?origin=hpp,35 Futuristic Products That’ll Probably Make You Feel Like You’re Living In 3020,,20200522-0800
https://www.buzzfeed.com/newsletters?ref=hplego,"WTF Is Happening Today? BuzzFeed Newsletters Can Help!
We have newsletters to help you stay in the loop AND newsletters to help you forget! Try one today!",,20200522-0800
https://www.buzzfeed.com/zipporkella/what-percent-typical-nerd-are-you-c09ywjxe9m?origin=web-hf,"If You Check Off At Least 17/26 Things On This List, Then You're A Total Nerd",,20200522-0800
https://www.buzzfeed.com/mikespohr/mindblowing-facts?origin=web-hf,18 Random Facts That Absolutely Blew People's Minds On Twitter,,20200522-0800
https://www.buzzfeed.com/andrewziegler/quiz-party?origin=shp,"You Can Now Take BuzzFeed Quizzes In Real Time With Your Friends — You’re Welcome
Let’s get this party started.",,20200522-0800
https://www.buzzfeed.com/jenniferabidor/friends-a-to-z?origin=shp,"This ""Friends"" A–Z Quiz Will Reveal Which Main Character You Are",,20200522-0800
https://www.buzzfeed.com/sarahaspler/taste-in-disney-movies-age-quiz?origin=shp,Can We Accurately Guess Your Age Based On Your Taste In Disney Movies?,,20200522-0800
https://www.buzzfeed.com/andrewziegler/quiz-romantic-type?origin=shp,There Are Actually Only Four Romantic Types And We Can Accurately Guess Yours,,20200522-0800
https://www.buzzfeed.com/sarahaspler/everyone-has-a-fruit-that-matches-their-personalit?origin=shp,Everyone Has A Fruit That Matches Their Personality – Here’s Yours,,20200522-0800
https://www.buzzfeed.com/quizparty,Keep the quiz party going,,20200522-0800
https://www.buzzfeed.com/tessafahey/iconic-rom-com-checklist?origin=web-hf,How Many Iconic Rom-Coms Have You Actually Seen?,,20200522-0800
https://www.buzzfeed.com/tatianatenreyrowhitlock/lady-gaga-and-ariana-grande-song?origin=web-hf,"Lady Gaga And Ariana Grande Just Made The Weekend More Exciting By Dropping Their Song ""Rain On Me""",,20200522-0800
https://www.buzzfeed.com/maitlandquitmeyer/best-memorial-day-sales-deals-2020?origin=hshp,"All The Best Memorial Day Weekend Deals
The savings start now.",,20200522-0800
https://www.buzzfeed.com/kaylasuazo/all-the-best-memorial-day-mattress-sales-2020?origin=hshp,All Of The Best Memorial Day Mattress Sales,,20200522-0800
https://www.buzzfeed.com/emmalord9/best-deals-wayfair-memorial-day-sale?origin=hshp,All The Best Deals At Wayfair's Memorial Day Sale,,20200522-0800
https://www.buzzfeed.com/abbykass/zappos-memorial-day-sale?origin=hshp,You Can Save On *So* Many Popular Shoes During The Zappos Memorial Day Sale,,20200522-0800
https://www.buzzfeed.com/elenamgarcia/dyson-is-having-a-pretty-major-memorial-day-sale-no-better?origin=hshp,Dyson Is Having A Pretty Major Memorial Day Sale — No Better Time Than Now To Get Yourself A New Vacuum,,20200522-0800
https://www.buzzfeed.com/shopping?origin=hshp,See more great product recommendations,,20200522-0800
https://www.buzzfeed.com/noradominick/celeb-iconic-characters-trivia-quiz?origin=web-hf,These Iconic TV And Movie Characters Were Played By The Same Actor — Can You Tell Them Apart?,,20200522-0800
/watch/video/102294,"We Didn't Use Toilet Paper For A Week 
Auri gets Steve to try reusable toilet paper, will he like it?",,20200522-0800
https://www.buzzfeed.com/tatianatenreyrowhitlock/funniest-tweets-lana-del-rey-instagram-post-drama?origin=web-hf,15 Funny Tweets About The Lana Del Rey Instagram Post Drama,,20200522-0800
https://www.buzzfeednews.com/article/davidmack/coronavirus-trump-test-positive-negative-answer-video?origin=shp,"Positive News! Trump Says He Tested Positively, Which Means Negative, For The Coronavirus.
“But that’s a way of saying it: positively toward the negative.”",,20200522-0800
https://www.buzzfeednews.com/article/janelytvynenko/coronavirus-spin-doctors?origin=shp,These Are The Fake Experts Pushing Pseudoscience And Conspiracy Theories About The Coronavirus Pandemic,,20200522-0800
https://www.buzzfeednews.com/article/clarissajanlim/doctor-congressional-hearing-coronavirus-second-wave-ppe?origin=shp,"A Doctor Told Lawmakers The Country Is Not ""Prepared For A Second Wave"" Of The Coronavirus",,20200522-0800
https://www.buzzfeednews.com/article/meghara/qatar-coronavirus-tracking-app-mandatory?origin=shp,Qatar Has Made Its Coronavirus Contact Tracing App Mandatory,,20200522-0800
https://www.buzzfeednews.com/article/lamvo/coronavirus-update-charts-unemployment-claims-laid-off-jobs?origin=shp,These Updating Charts Show The Record Number Of Americans Filing Unemployment Claims,,20200522-0800
https://bzfd.it/noc-show,The daily News O'Clock podcast is here.,,20200522-0800
https://www.buzzfeed.com/jenniferabidor/jokes-about-disney-villains?origin=web-hf,21 Times The Internet Roasted The Disney Villains,,20200522-0800
https://www.buzzfeed.com/huynht2510/can-we-guess-your-most-recent-emoji-by-this-quiz-eqcv8mgpxb?origin=web-hf,Build A House And We'll Accurately Guess Your Most Recently Used Emoji,,20200522-0800
https://www.buzzfeed.com/tatianatenreyrowhitlock/lana-del-rey-responds-to-backlash-over-instagram-post?origin=web-hf,"Lana Del Rey Responded To The Backlash Toward Her Instagram Post, Saying She's Sad People Made It A ""WOC Issue""",,20200522-0800
https://www.buzzfeed.com/farrahpenn/finals-week-zoom-university-fails?origin=web-hf,18 Times The Students Of Zoom University Really Struggled Through Finals Week,,20200522-0800
https://www.buzzfeednews.com/article/laurenstrapagiel/influencers-say-instagram-is-more-likely-to-remove-photos?origin=web-hf,"Influencers Say Instagram Is Biased Against Plus-Size Bodies, And They May Be Right",,20200522-0800
https://www.buzzfeed.com/victoriavouloumanos/stars-who-are-mixed-asian-pacific-islander?origin=shp,"34 Multiracial Celebs Who Are Actually Asian Or Pacific Islander
Relatable and inspirational icons, all of ‘em.",,20200522-0800
https://www.buzzfeed.com/nusrat21/a-guide-for-people-new-to-bollywood?origin=shp,30 Bollywood Films That Everyone Absolutely Must See,,20200522-0800
https://www.buzzfeed.com/michellemkim/asian-male-celebs-thirst?origin=shp,21 Asian Male Celebs That Have Us Feeling Oh So Very Thirsty,,20200522-0800
https://www.buzzfeed.com/michellemkim/which-anime-best-boy-are-you?origin=shp,Quiz: Which Anime Best Boy Are You?,,20200522-0800
https://www.buzzfeed.com/badge/apahm2020,See all of our APAHM coverage here,,20200522-0800
/watch/video/99501,"Boricua From The Island vs The Mainland 
Love one another, Puerto Ricans from around the world!",,20200522-0800
https://www.buzzfeed.com/mjs538/early-2000s-pictures-for-millennials?origin=web-hf,33 Pictures That Millennials Will Have To Explain To Generation Alpha Someday,,20200522-0800
https://www.buzzfeed.com/kirbybeaton/virtual-vacation-newsletter-bring-me,"If You're Missing Travel, Sign Up For Our ""Virtual Vacation"" Newsletter",,20200522-0800
https://www.buzzfeed.com/morganmurrell/drake-called-kylie-jenner-side-piece-apology?origin=web-hf,"Drake Name-Dropped Kylie Jenner, Kendall Jenner, And Gigi Hadid In A Song, Then Issued An Apology Statement",,20200522-0800
https://www.buzzfeed.com/briangalindo/21-tbt-photos-celebs-posted-on-instagram-may-21?origin=web-hf,Here's What Chrissy Teigen And 20 Other Celebrities Shared This Week For #TBT,,20200522-0800
https://www.buzzfeed.com/christopherhudspeth/oh-come-on-facepalm-that-sucks-things?origin=web-hf,15 Facepalm-Worthy Things Humans Recently Did During This Pandemic That Make Me Hope Aliens Aren't Watching,,20200522-0800
https://www.buzzfeednews.com/article/skbaer/ahmaud-arbery-death-william-bryan-arrest?origin=web-hf,The Man Who Recorded Video Of Ahmaud Arbery Being Shot Has Been Arrested On A Murder Charge,,20200522-0800
https://www.buzzfeed.com/tatianatenreyrowhitlock/michael-cera-aubrey-plaza-chuck-e-cheese-pic?origin=web-hf,Michael Cera And Aubrey Plaza's Chuck E. Cheese Photo Is Legendary And Now We Have The Whole Story,,20200522-0800
https://www.buzzfeed.com/kaylayandoli/whats-your-favorite-behind-the-scenes-feud-in-tvmovie,What's The Most Iconic Behind The Scenes Feud From A TV Show Or Movie?,,20200522-0800
/watch/video/105540,"Camp Counselor Horror Stories
In honor of summer former camp counselors share their craziest, weirdest and funniest experiences from camp.",,20200522-0800
https://www.buzzfeed.com/briangalindo/chris-pratt-accidentally-deleted-over-35000-unread-emails?origin=web-hf,"Chris Pratt Accidentally Deleted More Than 35,000 Unread Emails After His Son Gasped At His Full Inbox",,20200522-0800
https://www.buzzfeed.com/sydrobinson1/before-and-after-pets-being-adopted-quarantine?origin=web-hf,21 Before-And-After Pictures Of Pets Who Were Adopted During Quarantine,,20200522-0800
https://www.buzzfeed.com/daves4/everyone-hates-but-does?origin=web-hf,27 Things Everyone On Earth Hates That They Do But Does Anyway,,20200522-0800
https://www.buzzfeed.com/hannahmarder/teen-drama-characters-that-did-not-need-to-die?origin=web-hf,20 Of The Most Tragically Unnecessary Deaths From Teen Dramas,,20200522-0800
https://www.buzzfeed.com/tessafahey/identify-avatar-the-last-airbender-characters-quiz?origin=web-hf,"If You Can Identify 30/36 Of These ""Avatar: The Last Airbender"" Characters, You're A Master Bender",,20200522-0800
https://www.buzzfeed.com/clareaston/my-bibliotherapy-prescription?origin=web-hf,"You Can Now Be ""Prescribed"" Books For Your Mental Health And These Six Were Meant To Help Me",,20200522-0800
https://www.buzzfeed.com/rosethecorgi/choose-some-food-and-revile-your-soulmates-name-7gjir6fim?origin=web-hf,"If You Really Wanna Know The First Letter Of Your Soulmate's Name, Eat Some Food And We'll Tell You",,20200522-0800
https://www.buzzfeed.com/isabellalouise/can-you-sort-these-hogwarts-students-in-their-righ-klzvv4gs4?origin=web-hf,Only A Hogwarts Genius Can Match The Student To The House They Were Sorted Into,,20200522-0800
/watch/video/105310,"Loren Gray Reads Her Instagram DMs
Loren Gray bravely sits down to do a deep dive into her Instagram DM requests, which include supportive fans, the obligatory haters, and even some marriage proposals from complete strangers. Check out Loren’s new single “Cake” now: https://www.youtube.com/watch?v=klwWrurkjgc",,20200522-0800
https://www.buzzfeed.com/mjs538/rose-on-90-day-fiance-and-big-ed?origin=web-hf,We Need To Stop Talking About Big Ed And Start Talking About Rose,,20200522-0800
https://www.buzzfeed.com/ehisosifo1/harry-potter-letter-p-trivia-quiz?origin=web-hf,"This ""Harry Potter"" Quiz Will Separate The Wizards From The Muggles And It All Depends On The Letter P",,20200522-0800
https://www.buzzfeed.com/fallon2/what-hunger-games-characters-belong-in-these-hogwa-ckb6eid9yq?origin=web-hf,"Would You Sort These Characters From ""The Hunger Games"" Into The Same Hogwarts Houses As Everyone Else?",,20200522-0800
https://www.buzzfeed.com/ehisosifo1/drastic-americas-next-top-model-makeovers?origin=web-hf,"23 ""ANTM"" Makeovers That Tyra Banks Actually Assigned To Contestants",,20200522-0800
https://www.buzzfeed.com/alliehayes/books-so-good-you-cannot-put-them-down-flipped?origin=web-hf,"21 Books That Are So Good, People Literally Could Not Put Them Down",,20200522-0800
https://www.buzzfeed.com/christopherhudspeth/people-believed-there-was-evidence-of-a-parallel-universe?origin=web-hf,"17 Of The Funniest Tweets About The Discovery Of ""Evidence"" That A Parallel Universe Exists",,20200522-0800
https://www.buzzfeed.com/avaerickson04/which-disney-prince-do-you-belong-with-1mtuff45b1?origin=web-hf,Which Disney Prince Is Your Soulmate?,,20200522-0800
https://www.buzzfeed.com/stephenlaconte/lana-del-rey-controversy-beyonce-ariana-grande-cardi-b?origin=web-hf,"Lana Del Rey Seemed To Drag Artists Like Beyoncé, Cardi B, And Ariana Grande In A Statement On Instagram, And People Are Pissed",,20200522-0800
/watch/video/105538,Can These Exes Be Friends?,,20200522-0800
https://www.buzzfeed.com/stephenlaconte/oprah-winfrey-big-cabbage-instagram?origin=web-hf,"Oprah Grew A Cabbage So Big She Could Barely Carry It, And You Really Need To See It To Believe It's Real",,20200522-0800
https://www.buzzfeednews.com/article/michaelblackmon/lana-del-rey-instagram-post-race?origin=web-hf,This Is Why People Are Mad At Lana Del Rey,,20200522-0800
https://www.buzzfeed.com/katdo0907/the-office-and-friends-polls-1v8n4ssmtp?origin=web-hf,"These Polls Are For Fans Of ""Friends"" And ""The Office"" Only",,20200522-0800
https://www.buzzfeed.com/daniellaemanuel/water-popsicles-tiktok?origin=web-hf,"A Mom On TikTok Makes ""Water Popsicles"" For Her Kids And I'm Cracking Up",,20200522-0800
https://www.buzzfeed.com/kristatorres/little-bugs-live-in-strawberries-so-you-should-al?origin=web-hf,"If You Wash Berries In Salt Water, Little Bugs Will Start To Crawl Out",,20200522-0800
https://www.buzzfeed.com/juliawilling/for-everyone-in-love-with-boxer?origin=web-hf,"23 Tweets For Everyone Who’s Aggressively Attracted To Boxer From ""White Lines""",,20200522-0800
https://www.buzzfeed.com/anoushkagadhwal/the-ultimate-harry-potter-and-the-sorcereras-sto-cn37ve6nwu?origin=web-hf,"I Bet You Can't Score 10/13 On This ""Harry Potter And The Sorcerer’s Stone"" Book Quiz",,20200522-0800
https://www.buzzfeed.com/ryanschocket2/people-are-sharing-the-worst-coworker-theyve-worked-with?origin=web-hf,"People Are Sharing The Worst Coworker They've Worked With And Wow, Just Wow",,20200522-0800
/watch/video/102332,"I Followed Bretman Rock's Oldest And Newest Makeup Tutorial
""This could either be a revelation or a giant mistake.""",,20200522-0800
https://www.buzzfeed.com/marielasummerhays01/therapy-is-for-men?origin=web-hf,These 7 Men Will Convince You Therapy Is For Everyone,,20200522-0800
https://www.buzzfeed.com/chilifritos1234/plan-a-wedding-a-well-tell-which-the-office-char-cvj3ackoya?origin=web-hf,"Design Your Dream Wedding And We'll Tell You Which Character From ""The Office"" You Belong With",,20200522-0800
https://www.buzzfeed.com/farrahpenn/new-ya-books-spring-2020?origin=web-hf,Here Are The 15 Young Adult Books We're Loving This Spring,,20200522-0800
https://www.buzzfeed.com/lyapalater/the-bar-is-so-low-that-im-emotion-because-adam-sa?origin=web-hf,The Bar Is So Low That I'm Emo Over Adam Sandler Buying Tampons For The Women In His Life,,20200522-0800
https://www.buzzfeed.com/mjs538/a-news-clip-from-go-topless-jeep-weekend-is-going-viral?origin=web-hf,"A Video From ""Go Topless Jeep Weekend"" Is Going Viral Because ""Not Even SNL Could Write Something This Ridiculous""",,20200522-0800
https://www.buzzfeed.com/buzzfeedoznews/bye-buzzfeed-oz-news?origin=web-hf,This Is BuzzFeed News Australia’s Last Day. Here Are 37 Of Our Favourite Stories.,,20200522-0800
https://www.buzzfeed.com/jasminsuknanan/useful-beauty-products-on-sale?origin=web-hf,23 Useful Beauty Products You'll Probably Be Very Glad You Got On Sale,,20200522-0800
https://www.buzzfeed.com/hbraga/sephora-memorial-day-sale?origin=web-hf,Sephora Has Tons Of Products On Sale For Up To 50% Off Right Now,,20200522-0800
/watch/video/105809,"The ""Outer Banks"" Cast Answers Your Burning Questions
Your favorite Pogues return as the cast of the hit Netflix series “Outer Banks” (Chase Stokes, Madelyn Cline, Madison Bailey, Rudy Pankow, and Jonathan Daviss) all sit down to answer your burning questions, from how their lives have changed since the show’s debut, to what they think will happen in season two, all the way to which major roles they’ve auditioned for in the past but didn’t get…which leads to one cast member revealing that he very nearly spent some time in a galaxy far, far away.",,20200522-0800
https://www.buzzfeed.com/hannahryan/refugees-phones-australia-whatsapp-interview?origin=web-hf,"In This Group Chat, Refugees Explained Why They Don’t Want Their Phones Taken Away",,20200522-0800
https://www.buzzfeednews.com/article/tanyachen/a-man-is-being-trolled-for-making-a-leather-face-mask?origin=web-hf,This Guy Is Being Trolled After He Shared His Design For A Cool-Looking Leather Face Mask,,20200522-0800
https://www.buzzfeed.com/jmihaly/fathers-day-gifts-dads-wont-pretend?origin=web-hf,31 Father’s Day Gifts That Dads Won’t Have To Pretend To Like,,20200522-0800
https://www.buzzfeednews.com/article/rubycramer/joe-biden-tara-reade-allegations-senate-2020?origin=web-hf,Tara Reade Stood Apart In Joe Biden's 1990s Senate Staff,,20200522-0800
https://www.buzzfeed.com/lakenbrooks222/we-know-your-soulmates-initials-based-on-the-shak-3thj8kp21b?origin=web-hf,We Know Your Soulmate's Initials Based On The Shakespearean Insults You Use To Describe Your Ex,,20200522-0800
https://www.buzzfeed.com/eleanorbate/gigi-hadid-pregnant-during-fashion-week?origin=web-hf,"Gigi Hadid Opened Up About Being ""A Few Months"" Pregnant During Fashion Week And How Her Body Has Changed",,20200522-0800
https://www.buzzfeed.com/yiyang/target-memorial-day-sale?origin=web-hf,All The Best Memorial Day Deals At Target,,20200522-0800
https://www.buzzfeed.com/kristatorres/jason-derulos-tried-to-eat-corn-off-a-power-drill?origin=web-hf,Jason Derulo Tried To Eat Corn Off A Power Drill And Things Did Not Go Well,,20200522-0800
/watch/video/103610,Gadiel Gets Financial Tips For Surviving This Pandemic,,20200522-0800
https://www.buzzfeed.com/whitneyjefferson/joaquin-phoenix-and-rooney-mara-baby-tweets?origin=web-hf,18 Perfect Tweets About Joaquin Phoenix And Rooney Mara Having A Baby,,20200522-0800
https://www.buzzfeed.com/racheldunkel/sur-la-table-summer-sale?origin=web-hf,"Sur La Table's Having A Huge Summer Sale, So It's Time To Invest In Some Quality Kitchen Tools",,20200522-0800
https://www.buzzfeed.com/swiftienerd/do-you-agree-with-these-unpopular-book-opinions-e47xhgqlig?origin=web-hf,Do You Actually Agree With These Controversial Book Opinions?,,20200522-0800
https://www.buzzfeed.com/lilianastephens21/make-a-friends-episode-and-ill-tell-you-which-fri-a59ionup2o?origin=web-hf,"Make A ""Friends"" Episode And I'll Tell You Which Character You Are",,20200522-0800
https://www.buzzfeed.com/isabellalouise/this-visual-quiz-will-reveal-which-elemental-bendi-687v2it35g?origin=web-hf,"This Visual Quiz Will Reveal Which ""Avatar: The Last Airbender"" Element You'd Master",,20200522-0800
https://www.buzzfeed.com/samanthawieder/overstocks-memorial-day-blowout-sale-2020?origin=web-hf,All The Best Deals At Overstock's Memorial Day Sale,,20200522-0800
https://www.buzzfeednews.com/article/salvadorhernandez/coronavirus-victim-white-house-butler-wilson-jerman?origin=web-hf,A White House Butler Who Worked For 11 US Presidents Died Of The Coronavirus,,20200522-0800
https://www.buzzfeed.com/kaylaboyd/fathers-day-gifts?origin=web-hf,34 Of The Best Father's Day Gifts To Give This Year,,20200522-0800
/watch/video/103666,"Black Family Tries Each Others' Chocolate Chip Cookies
""I'm lactose intolerant, I don't need this!""",,20200522-0800
https://www.buzzfeed.com/angelicaamartinez/tiktok-vintage-makeup?origin=web-hf,TikTok Taught Me How Wild Vintage Makeup Compacts Were And I Desperately Need Them To Make A Comeback,,20200522-0800
https://www.buzzfeed.com/malloryannp/fathers-day-gifts-over-35?origin=web-hf,50 Splurge-Worthy Gifts To Surprise Your Dad With This Father's Day,,20200522-0800
https://www.buzzfeed.com/kirbybeaton/books-recommendations-traveling?origin=web-hf,19 Books To Read During Quarantine To Make You Feel Like You're Traveling,,20200522-0800
https://www.buzzfeed.com/shelbyheinrich/tiktok-music-festival-viral-heartwarming?origin=web-hf,"These Siblings On TikTok Threw Their Brother His Very Own Music Festival In Quarantine, And It's Officially Gone Viral",,20200522-0800
https://www.buzzfeed.com/christopherhudspeth/photos-of-the-pandemic-world-different?origin=web-hf,19 Photos of Life Today That Would've Blown Your Mind A Year Ago,,20200522-0800
https://www.buzzfeed.com/audreyworboys/disney-movie-region-would-you-rather?origin=web-hf,"You Can Only Save One Disney Movie From Each Of These Regions, The Rest Are Deleted Forever",,20200522-0800
https://www.buzzfeed.com/lyapalater/heres-everything-new-coming-to-netflix-this-week-5-21?origin=web-hf,"Here's Everything New Coming To Netflix This Week, Starting May 21",,20200522-0800
https://www.buzzfeed.com/giannaudes/choose-celebrities-a-z-and-ill-tell-you-what-to-d-2r0na9k1lv?origin=web-hf,Choose A Celebrity For Every Letter Of The Alphabet And We'll Give You A New Activity To Try While You're At Home,,20200522-0800
/watch/video/103443,Japanese And Mexican People Swap Board Games,,20200522-0800
https://www.buzzfeed.com/briangalindo/queer-eye-new-season-5-trailer-netflix?origin=web-hf,"The Trailer For Season 5 Of ""Queer Eye"" Just Dropped And I Already Cried Six Times Watching It",,20200522-0800
https://www.buzzfeed.com/morganmurrell/serena-williams-daughter-instagram?origin=web-hf,Excuse Me While I Try To Contain My Baby Fever While Watching Serena Williams And Her Daughter,,20200522-0800
https://www.buzzfeed.com/genevievescarano/fitness-fathers-day-for-athletic-dads?origin=web-hf,30 Father's Day Gifts For The Dad Who Loves To Exercise,,20200522-0800
https://www.buzzfeed.com/nataliebrown/products-youll-probably-use-every-single-day-2020?origin=web-hf,30 Products So Effective You'll Probably Use Them Every Single Day,,20200522-0800
https://www.buzzfeed.com/shelbyheinrich/high-school-trivia-quiz?origin=web-hf,Half The Population Can't Pass This High School Simulation Without Cheating — Can You?,,20200522-0800
https://www.buzzfeed.com/sydrobinson1/commonly-misspelled-words-spelling-quiz?origin=web-hf,These Are 15 Of The Most Commonly Misspelled Words — Think You Can Spell Them Right?,,20200522-0800
https://www.buzzfeed.com/benhenry/jojo-siwa-candy-themed-bedroom?origin=web-hf,JoJo Siwa Fans Came To Her Defence After A Video Of Her Candy Themed-Bedroom Sparked A Debate About Her Age,,20200522-0800
https://www.buzzfeednews.com/article/katebubacz/photos-michigan-flooding-dams?origin=web-hf,Dramatic Photos Show Massive Flooding After Two Dams Collapsed In Michigan,,20200522-0800
/watch/video/105671,Black Women Go To Vegas Without Their Hair Done,,20200522-0800
https://www.buzzfeednews.com,BuzzFeed NewsReporting on what you care about. We hold major institutions accountable and expose wrongdoing.,,20200522-0830
https://www.tasty.co,"BuzzFeed TastySearch, watch, and cook every single Tasty recipe and video ever - all in one place!",,20200522-0830
https://www.buzzfeed.com/goodful,"BuzzFeed GoodfulSelf care and ideas to help you live a healthier, happier life.",,20200522-0830
https://www.buzzfeed.com/bringme,"BuzzFeed Bring MeObsessed with travel? Discover unique things to do, places to eat, and sights to see in the best destinations around the world with Bring Me!",,20200522-0830
https://www.buzzfeed.com/asis,"BuzzFeed As IsSomething for everyone interested in hair, makeup, style, and body positivity.",,20200522-0830
https://www.buzzfeed.com/victoriagasparowicz/dark-moments-from-kids-movies-that-are-probably-still?ref=hpsplash&origin=spl,22 Dark Moments From Kids Movies That Are Probably Still Seared Into Your Brain,,20200522-0830
https://www.buzzfeed.com/yiyang/futuristic-products-thatll-probably-make-you-feel-like?origin=hpp,35 Futuristic Products That’ll Probably Make You Feel Like You’re Living In 3020,,20200522-0830
https://www.buzzfeed.com/newsletters?ref=hplego,"WTF Is Happening Today? BuzzFeed Newsletters Can Help!
We have newsletters to help you stay in the loop AND newsletters to help you forget! Try one today!",,20200522-0830
https://www.buzzfeed.com/zipporkella/what-percent-typical-nerd-are-you-c09ywjxe9m?origin=web-hf,"If You Check Off At Least 17/26 Things On This List, Then You're A Total Nerd",,20200522-0830
https://www.buzzfeed.com/mikespohr/mindblowing-facts?origin=web-hf,18 Random Facts That Absolutely Blew People's Minds On Twitter,,20200522-0830
https://www.buzzfeed.com/andrewziegler/quiz-party?origin=shp,"You Can Now Take BuzzFeed Quizzes In Real Time With Your Friends — You’re Welcome
Let’s get this party started.",,20200522-0830
https://www.buzzfeed.com/jenniferabidor/friends-a-to-z?origin=shp,"This ""Friends"" A–Z Quiz Will Reveal Which Main Character You Are",,20200522-0830
https://www.buzzfeed.com/sarahaspler/taste-in-disney-movies-age-quiz?origin=shp,Can We Accurately Guess Your Age Based On Your Taste In Disney Movies?,,20200522-0830
https://www.buzzfeed.com/andrewziegler/quiz-romantic-type?origin=shp,There Are Actually Only Four Romantic Types And We Can Accurately Guess Yours,,20200522-0830
https://www.buzzfeed.com/sarahaspler/everyone-has-a-fruit-that-matches-their-personalit?origin=shp,Everyone Has A Fruit That Matches Their Personality – Here’s Yours,,20200522-0830
https://www.buzzfeed.com/quizparty,Keep the quiz party going,,20200522-0830
https://www.buzzfeed.com/tessafahey/iconic-rom-com-checklist?origin=web-hf,How Many Iconic Rom-Coms Have You Actually Seen?,,20200522-0830
https://www.buzzfeed.com/tatianatenreyrowhitlock/lady-gaga-and-ariana-grande-song?origin=web-hf,"Lady Gaga And Ariana Grande Just Made The Weekend More Exciting By Dropping Their Song ""Rain On Me""",,20200522-0830
https://www.buzzfeed.com/maitlandquitmeyer/best-memorial-day-sales-deals-2020?origin=hshp,"All The Best Memorial Day Weekend Deals
The savings start now.",,20200522-0830
https://www.buzzfeed.com/kaylasuazo/all-the-best-memorial-day-mattress-sales-2020?origin=hshp,All Of The Best Memorial Day Mattress Sales,,20200522-0830
https://www.buzzfeed.com/emmalord9/best-deals-wayfair-memorial-day-sale?origin=hshp,All The Best Deals At Wayfair's Memorial Day Sale,,20200522-0830
https://www.buzzfeed.com/abbykass/zappos-memorial-day-sale?origin=hshp,You Can Save On *So* Many Popular Shoes During The Zappos Memorial Day Sale,,20200522-0830
https://www.buzzfeed.com/elenamgarcia/dyson-is-having-a-pretty-major-memorial-day-sale-no-better?origin=hshp,Dyson Is Having A Pretty Major Memorial Day Sale — No Better Time Than Now To Get Yourself A New Vacuum,,20200522-0830
https://www.buzzfeed.com/shopping?origin=hshp,See more great product recommendations,,20200522-0830
https://www.buzzfeed.com/noradominick/celeb-iconic-characters-trivia-quiz?origin=web-hf,These Iconic TV And Movie Characters Were Played By The Same Actor — Can You Tell Them Apart?,,20200522-0830
/watch/video/102294,"We Didn't Use Toilet Paper For A Week 
Auri gets Steve to try reusable toilet paper, will he like it?",,20200522-0830
https://www.buzzfeed.com/tatianatenreyrowhitlock/funniest-tweets-lana-del-rey-instagram-post-drama?origin=web-hf,15 Funny Tweets About The Lana Del Rey Instagram Post Drama,,20200522-0830
https://www.buzzfeednews.com/article/davidmack/coronavirus-trump-test-positive-negative-answer-video?origin=shp,"Positive News! Trump Says He Tested Positively, Which Means Negative, For The Coronavirus.
“But that’s a way of saying it: positively toward the negative.”",,20200522-0830
https://www.buzzfeednews.com/article/janelytvynenko/coronavirus-spin-doctors?origin=shp,These Are The Fake Experts Pushing Pseudoscience And Conspiracy Theories About The Coronavirus Pandemic,,20200522-0830
https://www.buzzfeednews.com/article/clarissajanlim/doctor-congressional-hearing-coronavirus-second-wave-ppe?origin=shp,"A Doctor Told Lawmakers The Country Is Not ""Prepared For A Second Wave"" Of The Coronavirus",,20200522-0830
https://www.buzzfeednews.com/article/meghara/qatar-coronavirus-tracking-app-mandatory?origin=shp,Qatar Has Made Its Coronavirus Contact Tracing App Mandatory,,20200522-0830
https://www.buzzfeednews.com/article/lamvo/coronavirus-update-charts-unemployment-claims-laid-off-jobs?origin=shp,These Updating Charts Show The Record Number Of Americans Filing Unemployment Claims,,20200522-0830
https://bzfd.it/noc-show,The daily News O'Clock podcast is here.,,20200522-0830
https://www.buzzfeed.com/jenniferabidor/jokes-about-disney-villains?origin=web-hf,21 Times The Internet Roasted The Disney Villains,,20200522-0830
https://www.buzzfeed.com/huynht2510/can-we-guess-your-most-recent-emoji-by-this-quiz-eqcv8mgpxb?origin=web-hf,Build A House And We'll Accurately Guess Your Most Recently Used Emoji,,20200522-0830
https://www.buzzfeed.com/tatianatenreyrowhitlock/lana-del-rey-responds-to-backlash-over-instagram-post?origin=web-hf,"Lana Del Rey Responded To The Backlash Toward Her Instagram Post, Saying She's Sad People Made It A ""WOC Issue""",,20200522-0830
https://www.buzzfeed.com/farrahpenn/finals-week-zoom-university-fails?origin=web-hf,18 Times The Students Of Zoom University Really Struggled Through Finals Week,,20200522-0830
https://www.buzzfeednews.com/article/laurenstrapagiel/influencers-say-instagram-is-more-likely-to-remove-photos?origin=web-hf,"Influencers Say Instagram Is Biased Against Plus-Size Bodies, And They May Be Right",,20200522-0830
https://www.buzzfeed.com/victoriavouloumanos/stars-who-are-mixed-asian-pacific-islander?origin=shp,"34 Multiracial Celebs Who Are Actually Asian Or Pacific Islander
Relatable and inspirational icons, all of ‘em.",,20200522-0830
https://www.buzzfeed.com/nusrat21/a-guide-for-people-new-to-bollywood?origin=shp,30 Bollywood Films That Everyone Absolutely Must See,,20200522-0830
https://www.buzzfeed.com/michellemkim/asian-male-celebs-thirst?origin=shp,21 Asian Male Celebs That Have Us Feeling Oh So Very Thirsty,,20200522-0830
https://www.buzzfeed.com/michellemkim/which-anime-best-boy-are-you?origin=shp,Quiz: Which Anime Best Boy Are You?,,20200522-0830
https://www.buzzfeed.com/badge/apahm2020,See all of our APAHM coverage here,,20200522-0830
/watch/video/99501,"Boricua From The Island vs The Mainland 
Love one another, Puerto Ricans from around the world!",,20200522-0830
https://www.buzzfeed.com/mjs538/early-2000s-pictures-for-millennials?origin=web-hf,33 Pictures That Millennials Will Have To Explain To Generation Alpha Someday,,20200522-0830
https://www.buzzfeed.com/buzzfeedresearch/civicscience-main3-buzz,Let Your Voice Be Heard. Tell Us Your Opinions!,,20200522-0830
https://www.buzzfeed.com/morganmurrell/drake-called-kylie-jenner-side-piece-apology?origin=web-hf,"Drake Name-Dropped Kylie Jenner, Kendall Jenner, And Gigi Hadid In A Song, Then Issued An Apology Statement",,20200522-0830
https://www.buzzfeed.com/briangalindo/21-tbt-photos-celebs-posted-on-instagram-may-21?origin=web-hf,Here's What Chrissy Teigen And 20 Other Celebrities Shared This Week For #TBT,,20200522-0830
https://www.buzzfeed.com/christopherhudspeth/oh-come-on-facepalm-that-sucks-things?origin=web-hf,15 Facepalm-Worthy Things Humans Recently Did During This Pandemic That Make Me Hope Aliens Aren't Watching,,20200522-0830
https://www.buzzfeednews.com/article/skbaer/ahmaud-arbery-death-william-bryan-arrest?origin=web-hf,The Man Who Recorded Video Of Ahmaud Arbery Being Shot Has Been Arrested On A Murder Charge,,20200522-0830
https://www.buzzfeed.com/tatianatenreyrowhitlock/michael-cera-aubrey-plaza-chuck-e-cheese-pic?origin=web-hf,Michael Cera And Aubrey Plaza's Chuck E. Cheese Photo Is Legendary And Now We Have The Whole Story,,20200522-0830
https://www.buzzfeed.com/kaylayandoli/whats-your-favorite-behind-the-scenes-feud-in-tvmovie,What's The Most Iconic Behind The Scenes Feud From A TV Show Or Movie?,,20200522-0830
/watch/video/105540,"Camp Counselor Horror Stories
In honor of summer former camp counselors share their craziest, weirdest and funniest experiences from camp.",,20200522-0830
https://www.buzzfeed.com/briangalindo/chris-pratt-accidentally-deleted-over-35000-unread-emails?origin=web-hf,"Chris Pratt Accidentally Deleted More Than 35,000 Unread Emails After His Son Gasped At His Full Inbox",,20200522-0830
https://www.buzzfeed.com/sydrobinson1/before-and-after-pets-being-adopted-quarantine?origin=web-hf,21 Before-And-After Pictures Of Pets Who Were Adopted During Quarantine,,20200522-0830
https://www.buzzfeed.com/daves4/everyone-hates-but-does?origin=web-hf,27 Things Everyone On Earth Hates That They Do But Does Anyway,,20200522-0830
https://www.buzzfeed.com/hannahmarder/teen-drama-characters-that-did-not-need-to-die?origin=web-hf,20 Of The Most Tragically Unnecessary Deaths From Teen Dramas,,20200522-0830
https://www.buzzfeed.com/tessafahey/identify-avatar-the-last-airbender-characters-quiz?origin=web-hf,"If You Can Identify 30/36 Of These ""Avatar: The Last Airbender"" Characters, You're A Master Bender",,20200522-0830
https://www.buzzfeed.com/rosethecorgi/choose-some-food-and-revile-your-soulmates-name-7gjir6fim?origin=web-hf,"If You Really Wanna Know The First Letter Of Your Soulmate's Name, Eat Some Food And We'll Tell You",,20200522-0830
https://www.buzzfeed.com/clareaston/my-bibliotherapy-prescription?origin=web-hf,"You Can Now Be ""Prescribed"" Books For Your Mental Health And These Six Were Meant To Help Me",,20200522-0830
https://www.buzzfeed.com/isabellalouise/can-you-sort-these-hogwarts-students-in-their-righ-klzvv4gs4?origin=web-hf,Only A Hogwarts Genius Can Match The Student To The House They Were Sorted Into,,20200522-0830
/watch/video/105310,"Loren Gray Reads Her Instagram DMs
Loren Gray bravely sits down to do a deep dive into her Instagram DM requests, which include supportive fans, the obligatory haters, and even some marriage proposals from complete strangers. Check out Loren’s new single “Cake” now: https://www.youtube.com/watch?v=klwWrurkjgc",,20200522-0830
https://www.buzzfeed.com/mjs538/rose-on-90-day-fiance-and-big-ed?origin=web-hf,We Need To Stop Talking About Big Ed And Start Talking About Rose,,20200522-0830
https://www.buzzfeed.com/ehisosifo1/harry-potter-letter-p-trivia-quiz?origin=web-hf,"This ""Harry Potter"" Quiz Will Separate The Wizards From The Muggles And It All Depends On The Letter P",,20200522-0830
https://www.buzzfeed.com/fallon2/what-hunger-games-characters-belong-in-these-hogwa-ckb6eid9yq?origin=web-hf,"Would You Sort These Characters From ""The Hunger Games"" Into The Same Hogwarts Houses As Everyone Else?",,20200522-0830
https://www.buzzfeed.com/ehisosifo1/drastic-americas-next-top-model-makeovers?origin=web-hf,"23 ""ANTM"" Makeovers That Tyra Banks Actually Assigned To Contestants",,20200522-0830
https://www.buzzfeed.com/alliehayes/books-so-good-you-cannot-put-them-down-flipped?origin=web-hf,"21 Books That Are So Good, People Literally Could Not Put Them Down",,20200522-0830
https://www.buzzfeed.com/christopherhudspeth/people-believed-there-was-evidence-of-a-parallel-universe?origin=web-hf,"17 Of The Funniest Tweets About The Discovery Of ""Evidence"" That A Parallel Universe Exists",,20200522-0830
https://www.buzzfeed.com/avaerickson04/which-disney-prince-do-you-belong-with-1mtuff45b1?origin=web-hf,Which Disney Prince Is Your Soulmate?,,20200522-0830
https://www.buzzfeed.com/stephenlaconte/lana-del-rey-controversy-beyonce-ariana-grande-cardi-b?origin=web-hf,"Lana Del Rey Seemed To Drag Artists Like Beyoncé, Cardi B, And Ariana Grande In A Statement On Instagram, And People Are Pissed",,20200522-0830
/watch/video/105538,Can These Exes Be Friends?,,20200522-0830
https://www.buzzfeed.com/stephenlaconte/oprah-winfrey-big-cabbage-instagram?origin=web-hf,"Oprah Grew A Cabbage So Big She Could Barely Carry It, And You Really Need To See It To Believe It's Real",,20200522-0830
https://www.buzzfeednews.com/article/michaelblackmon/lana-del-rey-instagram-post-race?origin=web-hf,This Is Why People Are Mad At Lana Del Rey,,20200522-0830
https://www.buzzfeed.com/katdo0907/the-office-and-friends-polls-1v8n4ssmtp?origin=web-hf,"These Polls Are For Fans Of ""Friends"" And ""The Office"" Only",,20200522-0830
https://www.buzzfeed.com/kristatorres/little-bugs-live-in-strawberries-so-you-should-al?origin=web-hf,"If You Wash Berries In Salt Water, Little Bugs Will Start To Crawl Out",,20200522-0830
https://www.buzzfeed.com/daniellaemanuel/water-popsicles-tiktok?origin=web-hf,"A Mom On TikTok Makes ""Water Popsicles"" For Her Kids And I'm Cracking Up",,20200522-0830
https://www.buzzfeed.com/juliawilling/for-everyone-in-love-with-boxer?origin=web-hf,"Boxer From ""White Lines"" Is Pure Sexual Dynamo And These 23 Tweets Prove It",,20200522-0830
https://www.buzzfeed.com/anoushkagadhwal/the-ultimate-harry-potter-and-the-sorcereras-sto-cn37ve6nwu?origin=web-hf,"I Bet You Can't Score 10/13 On This ""Harry Potter And The Sorcerer’s Stone"" Book Quiz",,20200522-0830
https://www.buzzfeed.com/ryanschocket2/people-are-sharing-the-worst-coworker-theyve-worked-with?origin=web-hf,"People Are Sharing The Worst Coworker They've Worked With And Wow, Just Wow",,20200522-0830
/watch/video/102332,"I Followed Bretman Rock's Oldest And Newest Makeup Tutorial
""This could either be a revelation or a giant mistake.""",,20200522-0830
https://www.buzzfeed.com/marielasummerhays01/therapy-is-for-men?origin=web-hf,These 7 Men Will Convince You Therapy Is For Everyone,,20200522-0830
https://www.buzzfeed.com/chilifritos1234/plan-a-wedding-a-well-tell-which-the-office-char-cvj3ackoya?origin=web-hf,"Design Your Dream Wedding And We'll Tell You Which Character From ""The Office"" You Belong With",,20200522-0830
https://www.buzzfeed.com/farrahpenn/new-ya-books-spring-2020?origin=web-hf,Here Are The 15 Young Adult Books We're Loving This Spring,,20200522-0830
https://www.buzzfeed.com/lyapalater/the-bar-is-so-low-that-im-emotion-because-adam-sa?origin=web-hf,The Bar Is So Low That I'm Emo Over Adam Sandler Buying Tampons For The Women In His Life,,20200522-0830
https://www.buzzfeed.com/buzzfeedoznews/bye-buzzfeed-oz-news?origin=web-hf,This Is BuzzFeed News Australia’s Last Day. Here Are 37 Of Our Favourite Stories.,,20200522-0830
https://www.buzzfeed.com/mjs538/a-news-clip-from-go-topless-jeep-weekend-is-going-viral?origin=web-hf,"A Video From ""Go Topless Jeep Weekend"" Is Going Viral Because ""Not Even SNL Could Write Something This Ridiculous""",,20200522-0830
https://www.buzzfeed.com/jasminsuknanan/useful-beauty-products-on-sale?origin=web-hf,23 Useful Beauty Products You'll Probably Be Very Glad You Got On Sale,,20200522-0830
https://www.buzzfeed.com/hbraga/sephora-memorial-day-sale?origin=web-hf,Sephora Has Tons Of Products On Sale For Up To 50% Off Right Now,,20200522-0830
/watch/video/105809,"The ""Outer Banks"" Cast Answers Your Burning Questions
Your favorite Pogues return as the cast of the hit Netflix series “Outer Banks” (Chase Stokes, Madelyn Cline, Madison Bailey, Rudy Pankow, and Jonathan Daviss) all sit down to answer your burning questions, from how their lives have changed since the show’s debut, to what they think will happen in season two, all the way to which major roles they’ve auditioned for in the past but didn’t get…which leads to one cast member revealing that he very nearly spent some time in a galaxy far, far away.",,20200522-0830
https://www.buzzfeed.com/hannahryan/refugees-phones-australia-whatsapp-interview?origin=web-hf,I Made A Group Chat With Refugees To Ask Them About Australia Wanting To Take Their Phones,,20200522-0830
https://www.buzzfeednews.com/article/tanyachen/a-man-is-being-trolled-for-making-a-leather-face-mask?origin=web-hf,This Guy Is Being Trolled After He Shared His Design For A Cool-Looking Leather Face Mask,,20200522-0830
https://www.buzzfeed.com/jmihaly/fathers-day-gifts-dads-wont-pretend?origin=web-hf,31 Father’s Day Gifts That Dads Won’t Have To Pretend To Like,,20200522-0830
https://www.buzzfeednews.com/article/rubycramer/joe-biden-tara-reade-allegations-senate-2020?origin=web-hf,Tara Reade Stood Apart In Joe Biden's 1990s Senate Staff,,20200522-0830
https://www.buzzfeed.com/lakenbrooks222/we-know-your-soulmates-initials-based-on-the-shak-3thj8kp21b?origin=web-hf,We Know Your Soulmate's Initials Based On The Shakespearean Insults You Use To Describe Your Ex,,20200522-0830
https://www.buzzfeed.com/eleanorbate/gigi-hadid-pregnant-during-fashion-week?origin=web-hf,"Gigi Hadid Opened Up About Being ""A Few Months"" Pregnant During Fashion Week And How Her Body Has Changed",,20200522-0830
https://www.buzzfeed.com/yiyang/target-memorial-day-sale?origin=web-hf,All The Best Memorial Day Deals At Target,,20200522-0830
https://www.buzzfeed.com/kristatorres/jason-derulos-tried-to-eat-corn-off-a-power-drill?origin=web-hf,Jason Derulo Tried To Eat Corn Off A Power Drill And Things Did Not Go Well,,20200522-0830
/watch/video/103610,Gadiel Gets Financial Tips For Surviving This Pandemic,,20200522-0830
https://www.buzzfeed.com/whitneyjefferson/joaquin-phoenix-and-rooney-mara-baby-tweets?origin=web-hf,18 Perfect Tweets About Joaquin Phoenix And Rooney Mara Having A Baby,,20200522-0830
https://www.buzzfeed.com/racheldunkel/sur-la-table-summer-sale?origin=web-hf,"Sur La Table's Having A Huge Summer Sale, So It's Time To Invest In Some Quality Kitchen Tools",,20200522-0830
https://www.buzzfeed.com/swiftienerd/do-you-agree-with-these-unpopular-book-opinions-e47xhgqlig?origin=web-hf,Do You Actually Agree With These Controversial Book Opinions?,,20200522-0830
https://www.buzzfeed.com/isabellalouise/this-visual-quiz-will-reveal-which-elemental-bendi-687v2it35g?origin=web-hf,"This Visual Quiz Will Reveal Which ""Avatar: The Last Airbender"" Element You'd Master",,20200522-0830
https://www.buzzfeed.com/lilianastephens21/make-a-friends-episode-and-ill-tell-you-which-fri-a59ionup2o?origin=web-hf,"Make A ""Friends"" Episode And I'll Tell You Which Character You Are",,20200522-0830
https://www.buzzfeed.com/samanthawieder/overstocks-memorial-day-blowout-sale-2020?origin=web-hf,All The Best Deals At Overstock's Memorial Day Sale,,20200522-0830
https://www.buzzfeednews.com/article/salvadorhernandez/coronavirus-victim-white-house-butler-wilson-jerman?origin=web-hf,A White House Butler Who Worked For 11 US Presidents Died Of The Coronavirus,,20200522-0830
https://www.buzzfeed.com/kaylaboyd/fathers-day-gifts?origin=web-hf,34 Of The Best Father's Day Gifts To Give This Year,,20200522-0830
/watch/video/103666,"Black Family Tries Each Others' Chocolate Chip Cookies
""I'm lactose intolerant, I don't need this!""",,20200522-0830
https://www.buzzfeed.com/angelicaamartinez/tiktok-vintage-makeup?origin=web-hf,TikTok Taught Me How Wild Vintage Makeup Compacts Were And I Desperately Need Them To Make A Comeback,,20200522-0830
https://www.buzzfeed.com/malloryannp/fathers-day-gifts-over-35?origin=web-hf,50 Splurge-Worthy Gifts To Surprise Your Dad With This Father's Day,,20200522-0830
https://www.buzzfeed.com/kirbybeaton/books-recommendations-traveling?origin=web-hf,19 Books To Read During Quarantine To Make You Feel Like You're Traveling,,20200522-0830
https://www.buzzfeed.com/shelbyheinrich/tiktok-music-festival-viral-heartwarming?origin=web-hf,"These Siblings On TikTok Threw Their Brother His Very Own Music Festival In Quarantine, And It's Officially Gone Viral",,20200522-0830
https://www.buzzfeed.com/christopherhudspeth/photos-of-the-pandemic-world-different?origin=web-hf,19 Photos of Life Today That Would've Blown Your Mind A Year Ago,,20200522-0830
https://www.buzzfeed.com/audreyworboys/disney-movie-region-would-you-rather?origin=web-hf,"You Can Only Save One Disney Movie From Each Of These Regions, The Rest Are Deleted Forever",,20200522-0830
https://www.buzzfeed.com/lyapalater/heres-everything-new-coming-to-netflix-this-week-5-21?origin=web-hf,"Here's Everything New Coming To Netflix This Week, Starting May 21",,20200522-0830
https://www.buzzfeed.com/giannaudes/choose-celebrities-a-z-and-ill-tell-you-what-to-d-2r0na9k1lv?origin=web-hf,Choose A Celebrity For Every Letter Of The Alphabet And We'll Give You A New Activity To Try While You're At Home,,20200522-0830
/watch/video/103443,Japanese And Mexican People Swap Board Games,,20200522-0830
https://www.buzzfeed.com/briangalindo/queer-eye-new-season-5-trailer-netflix?origin=web-hf,"The Trailer For Season 5 Of ""Queer Eye"" Just Dropped And I Already Cried Six Times Watching It",,20200522-0830
https://www.buzzfeed.com/morganmurrell/serena-williams-daughter-instagram?origin=web-hf,Excuse Me While I Try To Contain My Baby Fever While Watching Serena Williams And Her Daughter,,20200522-0830
https://www.buzzfeed.com/nataliebrown/products-youll-probably-use-every-single-day-2020?origin=web-hf,30 Products So Effective You'll Probably Use Them Every Single Day,,20200522-0830
https://www.buzzfeed.com/genevievescarano/fitness-fathers-day-for-athletic-dads?origin=web-hf,30 Father's Day Gifts For The Dad Who Loves To Exercise,,20200522-0830
https://www.buzzfeed.com/sydrobinson1/commonly-misspelled-words-spelling-quiz?origin=web-hf,These Are 15 Of The Most Commonly Misspelled Words — Think You Can Spell Them Right?,,20200522-0830
https://www.buzzfeed.com/shelbyheinrich/high-school-trivia-quiz?origin=web-hf,Half The Population Can't Pass This High School Simulation Without Cheating — Can You?,,20200522-0830
https://www.buzzfeed.com/benhenry/jojo-siwa-candy-themed-bedroom?origin=web-hf,JoJo Siwa Fans Came To Her Defence After A Video Of Her Candy Themed-Bedroom Sparked A Debate About Her Age,,20200522-0830
https://www.buzzfeednews.com/article/katebubacz/photos-michigan-flooding-dams?origin=web-hf,Dramatic Photos Show Massive Flooding After Two Dams Collapsed In Michigan,,20200522-0830
/watch/video/105671,Black Women Go To Vegas Without Their Hair Done,,20200522-0830
https://www.buzzfeednews.com,BuzzFeed NewsReporting on what you care about. We hold major institutions accountable and expose wrongdoing.,,20200522-0900
https://www.tasty.co,"BuzzFeed TastySearch, watch, and cook every single Tasty recipe and video ever - all in one place!",,20200522-0900
https://www.buzzfeed.com/goodful,"BuzzFeed GoodfulSelf care and ideas to help you live a healthier, happier life.",,20200522-0900
https://www.buzzfeed.com/bringme,"BuzzFeed Bring MeObsessed with travel? Discover unique things to do, places to eat, and sights to see in the best destinations around the world with Bring Me!",,20200522-0900
https://www.buzzfeed.com/asis,"BuzzFeed As IsSomething for everyone interested in hair, makeup, style, and body positivity.",,20200522-0900
https://www.buzzfeed.com/victoriagasparowicz/dark-moments-from-kids-movies-that-are-probably-still?origin=spl&ref=hpsplash,22 Dark Moments From Kids Movies That Are Probably Still Seared Into Your Brain,,20200522-0900
https://www.buzzfeed.com/yiyang/futuristic-products-thatll-probably-make-you-feel-like?origin=hpp,35 Futuristic Products That’ll Probably Make You Feel Like You’re Living In 3020,,20200522-0900
https://www.buzzfeed.com/newsletters?ref=hplego,"WTF Is Happening Today? BuzzFeed Newsletters Can Help!
We have newsletters to help you stay in the loop AND newsletters to help you forget! Try one today!",,20200522-0900
https://www.buzzfeed.com/zipporkella/what-percent-typical-nerd-are-you-c09ywjxe9m?origin=web-hf,"If You Check Off At Least 17/26 Things On This List, Then You're A Total Nerd",,20200522-0900
https://www.buzzfeed.com/mikespohr/mindblowing-facts?origin=web-hf,18 Random Facts That Absolutely Blew People's Minds On Twitter,,20200522-0900
https://www.buzzfeed.com/andrewziegler/quiz-party?origin=shp,"You Can Now Take BuzzFeed Quizzes In Real Time With Your Friends — You’re Welcome
Let’s get this party started.",,20200522-0900
https://www.buzzfeed.com/jenniferabidor/friends-a-to-z?origin=shp,"This ""Friends"" A–Z Quiz Will Reveal Which Main Character You Are",,20200522-0900
https://www.buzzfeed.com/sarahaspler/taste-in-disney-movies-age-quiz?origin=shp,Can We Accurately Guess Your Age Based On Your Taste In Disney Movies?,,20200522-0900
https://www.buzzfeed.com/andrewziegler/quiz-romantic-type?origin=shp,There Are Actually Only Four Romantic Types And We Can Accurately Guess Yours,,20200522-0900
https://www.buzzfeed.com/sarahaspler/everyone-has-a-fruit-that-matches-their-personalit?origin=shp,Everyone Has A Fruit That Matches Their Personality – Here’s Yours,,20200522-0900
https://www.buzzfeed.com/quizparty,Keep the quiz party going,,20200522-0900
https://www.buzzfeed.com/tessafahey/iconic-rom-com-checklist?origin=web-hf,How Many Iconic Rom-Coms Have You Actually Seen?,,20200522-0900
https://www.buzzfeed.com/tatianatenreyrowhitlock/lady-gaga-and-ariana-grande-song?origin=web-hf,"Lady Gaga And Ariana Grande Just Made The Weekend More Exciting By Dropping Their Song ""Rain On Me""",,20200522-0900
https://www.buzzfeed.com/maitlandquitmeyer/best-memorial-day-sales-deals-2020?origin=hshp,"All The Best Memorial Day Weekend Deals
The savings start now.",,20200522-0900
https://www.buzzfeed.com/kaylasuazo/all-the-best-memorial-day-mattress-sales-2020?origin=hshp,All Of The Best Memorial Day Mattress Sales,,20200522-0900
https://www.buzzfeed.com/emmalord9/best-deals-wayfair-memorial-day-sale?origin=hshp,All The Best Deals At Wayfair's Memorial Day Sale,,20200522-0900
https://www.buzzfeed.com/abbykass/zappos-memorial-day-sale?origin=hshp,You Can Save On *So* Many Popular Shoes During The Zappos Memorial Day Sale,,20200522-0900
https://www.buzzfeed.com/elenamgarcia/dyson-is-having-a-pretty-major-memorial-day-sale-no-better?origin=hshp,Dyson Is Having A Pretty Major Memorial Day Sale — No Better Time Than Now To Get Yourself A New Vacuum,,20200522-0900
https://www.buzzfeed.com/shopping?origin=hshp,See more great product recommendations,,20200522-0900
https://www.buzzfeed.com/noradominick/celeb-iconic-characters-trivia-quiz?origin=web-hf,These Iconic TV And Movie Characters Were Played By The Same Actor — Can You Tell Them Apart?,,20200522-0900
/watch/video/102294,"We Didn't Use Toilet Paper For A Week 
Auri gets Steve to try reusable toilet paper, will he like it?",,20200522-0900
https://www.buzzfeed.com/tatianatenreyrowhitlock/funniest-tweets-lana-del-rey-instagram-post-drama?origin=web-hf,15 Funny Tweets About The Lana Del Rey Instagram Post Drama,,20200522-0900
https://www.buzzfeednews.com/article/davidmack/coronavirus-trump-test-positive-negative-answer-video?origin=shp,"Positive News! Trump Says He Tested Positively, Which Means Negative, For The Coronavirus.
“But that’s a way of saying it: positively toward the negative.”",,20200522-0900
https://www.buzzfeednews.com/article/janelytvynenko/coronavirus-spin-doctors?origin=shp,These Are The Fake Experts Pushing Pseudoscience And Conspiracy Theories About The Coronavirus Pandemic,,20200522-0900
https://www.buzzfeednews.com/article/clarissajanlim/doctor-congressional-hearing-coronavirus-second-wave-ppe?origin=shp,"A Doctor Told Lawmakers The Country Is Not ""Prepared For A Second Wave"" Of The Coronavirus",,20200522-0900
https://www.buzzfeednews.com/article/meghara/qatar-coronavirus-tracking-app-mandatory?origin=shp,Qatar Has Made Its Coronavirus Contact Tracing App Mandatory,,20200522-0900
https://www.buzzfeednews.com/article/lamvo/coronavirus-update-charts-unemployment-claims-laid-off-jobs?origin=shp,These Updating Charts Show The Record Number Of Americans Filing Unemployment Claims,,20200522-0900
https://bzfd.it/noc-show,The daily News O'Clock podcast is here.,,20200522-0900
https://www.buzzfeed.com/jenniferabidor/jokes-about-disney-villains?origin=web-hf,21 Times The Internet Roasted The Disney Villains,,20200522-0900
https://www.buzzfeed.com/huynht2510/can-we-guess-your-most-recent-emoji-by-this-quiz-eqcv8mgpxb?origin=web-hf,Build A House And We'll Accurately Guess Your Most Recently Used Emoji,,20200522-0900
https://www.buzzfeed.com/tatianatenreyrowhitlock/lana-del-rey-responds-to-backlash-over-instagram-post?origin=web-hf,"Lana Del Rey Responded To The Backlash Toward Her Instagram Post, Saying She's Sad People Made It A ""WOC Issue""",,20200522-0900
https://www.buzzfeed.com/farrahpenn/finals-week-zoom-university-fails?origin=web-hf,18 Times The Students Of Zoom University Really Struggled Through Finals Week,,20200522-0900
https://www.buzzfeednews.com/article/laurenstrapagiel/influencers-say-instagram-is-more-likely-to-remove-photos?origin=web-hf,"Influencers Say Instagram Is Biased Against Plus-Size Bodies, And They May Be Right",,20200522-0900
https://www.buzzfeed.com/victoriavouloumanos/stars-who-are-mixed-asian-pacific-islander?origin=shp,"34 Multiracial Celebs Who Are Actually Asian Or Pacific Islander
Relatable and inspirational icons, all of ‘em.",,20200522-0900
https://www.buzzfeed.com/nusrat21/a-guide-for-people-new-to-bollywood?origin=shp,30 Bollywood Films That Everyone Absolutely Must See,,20200522-0900
https://www.buzzfeed.com/michellemkim/asian-male-celebs-thirst?origin=shp,21 Asian Male Celebs That Have Us Feeling Oh So Very Thirsty,,20200522-0900
https://www.buzzfeed.com/michellemkim/which-anime-best-boy-are-you?origin=shp,Quiz: Which Anime Best Boy Are You?,,20200522-0900
https://www.buzzfeed.com/badge/apahm2020,See all of our APAHM coverage here,,20200522-0900
/watch/video/99501,"Boricua From The Island vs The Mainland 
Love one another, Puerto Ricans from around the world!",,20200522-0900
https://www.buzzfeed.com/mjs538/early-2000s-pictures-for-millennials?origin=web-hf,33 Pictures That Millennials Will Have To Explain To Generation Alpha Someday,,20200522-0900
https://www.buzzfeed.com/buzzfeedpromotions/get-the-best-summer-recipes-with-the-tasty-newsletter,Get The Best Spring Recipes With The Tasty Newsletter!,,20200522-0900
https://www.buzzfeed.com/morganmurrell/drake-called-kylie-jenner-side-piece-apology?origin=web-hf,"Drake Name-Dropped Kylie Jenner, Kendall Jenner, And Gigi Hadid In A Song, Then Issued An Apology Statement",,20200522-0900
https://www.buzzfeed.com/briangalindo/21-tbt-photos-celebs-posted-on-instagram-may-21?origin=web-hf,Here's What Chrissy Teigen And 20 Other Celebrities Shared This Week For #TBT,,20200522-0900
https://www.buzzfeed.com/christopherhudspeth/oh-come-on-facepalm-that-sucks-things?origin=web-hf,15 Facepalm-Worthy Things Humans Recently Did During This Pandemic That Make Me Hope Aliens Aren't Watching,,20200522-0900
https://www.buzzfeednews.com/article/skbaer/ahmaud-arbery-death-william-bryan-arrest?origin=web-hf,The Man Who Recorded Video Of Ahmaud Arbery Being Shot Has Been Arrested On A Murder Charge,,20200522-0900
https://www.buzzfeed.com/tatianatenreyrowhitlock/michael-cera-aubrey-plaza-chuck-e-cheese-pic?origin=web-hf,Michael Cera And Aubrey Plaza's Chuck E. Cheese Photo Is Legendary And Now We Have The Whole Story,,20200522-0900
https://www.buzzfeed.com/melanie_aman/what-is-the-best-place-to-buy-bras-if-you-have-small-boobs,What's The Best Place To Buy Bras If You Have Small Boobs?,,20200522-0900
/watch/video/105540,"Camp Counselor Horror Stories
In honor of summer former camp counselors share their craziest, weirdest and funniest experiences from camp.",,20200522-0900
https://www.buzzfeed.com/briangalindo/chris-pratt-accidentally-deleted-over-35000-unread-emails?origin=web-hf,"Chris Pratt Accidentally Deleted More Than 35,000 Unread Emails After His Son Gasped At His Full Inbox",,20200522-0900
https://www.buzzfeed.com/sydrobinson1/before-and-after-pets-being-adopted-quarantine?origin=web-hf,21 Before-And-After Pictures Of Pets Who Were Adopted During Quarantine,,20200522-0900
https://www.buzzfeed.com/daves4/everyone-hates-but-does?origin=web-hf,27 Things Everyone On Earth Hates That They Do But Does Anyway,,20200522-0900
https://www.buzzfeed.com/hannahmarder/teen-drama-characters-that-did-not-need-to-die?origin=web-hf,20 Of The Most Tragically Unnecessary Deaths From Teen Dramas,,20200522-0900
https://www.buzzfeed.com/tessafahey/identify-avatar-the-last-airbender-characters-quiz?origin=web-hf,"If You Can Identify 30/36 Of These ""Avatar: The Last Airbender"" Characters, You're A Master Bender",,20200522-0900
https://www.buzzfeed.com/rosethecorgi/choose-some-food-and-revile-your-soulmates-name-7gjir6fim?origin=web-hf,"If You Really Wanna Know The First Letter Of Your Soulmate's Name, Eat Some Food And We'll Tell You",,20200522-0900
https://www.buzzfeed.com/clareaston/my-bibliotherapy-prescription?origin=web-hf,"You Can Now Be ""Prescribed"" Books For Your Mental Health And These Six Were Meant To Help Me",,20200522-0900
https://www.buzzfeed.com/mjs538/rose-on-90-day-fiance-and-big-ed?origin=web-hf,We Need To Stop Talking About Big Ed And Start Talking About Rose,,20200522-0900
/watch/video/105310,"Loren Gray Reads Her Instagram DMs
Loren Gray bravely sits down to do a deep dive into her Instagram DM requests, which include supportive fans, the obligatory haters, and even some marriage proposals from complete strangers. Check out Loren’s new single “Cake” now: https://www.youtube.com/watch?v=klwWrurkjgc",,20200522-0900
https://www.buzzfeed.com/isabellalouise/can-you-sort-these-hogwarts-students-in-their-righ-klzvv4gs4?origin=web-hf,Only A Hogwarts Genius Can Match The Student To The House They Were Sorted Into,,20200522-0900
https://www.buzzfeed.com/ehisosifo1/harry-potter-letter-p-trivia-quiz?origin=web-hf,"This ""Harry Potter"" Quiz Will Separate The Wizards From The Muggles And It All Depends On The Letter P",,20200522-0900
https://www.buzzfeed.com/fallon2/what-hunger-games-characters-belong-in-these-hogwa-ckb6eid9yq?origin=web-hf,"Would You Sort These Characters From ""The Hunger Games"" Into The Same Hogwarts Houses As Everyone Else?",,20200522-0900
https://www.buzzfeed.com/ehisosifo1/drastic-americas-next-top-model-makeovers?origin=web-hf,"23 ""ANTM"" Makeovers That Tyra Banks Actually Assigned To Contestants",,20200522-0900
https://www.buzzfeed.com/alliehayes/books-so-good-you-cannot-put-them-down-flipped?origin=web-hf,"21 Books That Are So Good, People Literally Could Not Put Them Down",,20200522-0900
https://www.buzzfeed.com/christopherhudspeth/people-believed-there-was-evidence-of-a-parallel-universe?origin=web-hf,"17 Of The Funniest Tweets About The Discovery Of ""Evidence"" That A Parallel Universe Exists",,20200522-0900
https://www.buzzfeed.com/avaerickson04/which-disney-prince-do-you-belong-with-1mtuff45b1?origin=web-hf,Which Disney Prince Is Your Soulmate?,,20200522-0900
https://www.buzzfeed.com/stephenlaconte/lana-del-rey-controversy-beyonce-ariana-grande-cardi-b?origin=web-hf,"Lana Del Rey Seemed To Drag Artists Like Beyoncé, Cardi B, And Ariana Grande In A Statement On Instagram, And People Are Pissed",,20200522-0900
/watch/video/105538,Can These Exes Be Friends?,,20200522-0900
https://www.buzzfeed.com/stephenlaconte/oprah-winfrey-big-cabbage-instagram?origin=web-hf,"Oprah Grew A Cabbage So Big She Could Barely Carry It, And You Really Need To See It To Believe It's Real",,20200522-0900
https://www.buzzfeednews.com/article/michaelblackmon/lana-del-rey-instagram-post-race?origin=web-hf,This Is Why People Are Mad At Lana Del Rey,,20200522-0900
https://www.buzzfeed.com/kristatorres/little-bugs-live-in-strawberries-so-you-should-al?origin=web-hf,"If You Wash Berries In Salt Water, Little Bugs Will Start To Crawl Out",,20200522-0900
https://www.buzzfeed.com/katdo0907/the-office-and-friends-polls-1v8n4ssmtp?origin=web-hf,"These Polls Are For Fans Of ""Friends"" And ""The Office"" Only",,20200522-0900
https://www.buzzfeed.com/daniellaemanuel/water-popsicles-tiktok?origin=web-hf,"A Mom On TikTok Makes ""Water Popsicles"" For Her Kids And I'm Cracking Up",,20200522-0900
https://www.buzzfeed.com/juliawilling/for-everyone-in-love-with-boxer?origin=web-hf,"Boxer From ""White Lines"" Is Pure Sexual Dynamo And These 23 Tweets Prove It",,20200522-0900
https://www.buzzfeed.com/anoushkagadhwal/the-ultimate-harry-potter-and-the-sorcereras-sto-cn37ve6nwu?origin=web-hf,"I Bet You Can't Score 10/13 On This ""Harry Potter And The Sorcerer’s Stone"" Book Quiz",,20200522-0900
https://www.buzzfeed.com/ryanschocket2/people-are-sharing-the-worst-coworker-theyve-worked-with?origin=web-hf,"People Are Sharing The Worst Coworker They've Worked With And Wow, Just Wow",,20200522-0900
/watch/video/102332,"I Followed Bretman Rock's Oldest And Newest Makeup Tutorial
""This could either be a revelation or a giant mistake.""",,20200522-0900
https://www.buzzfeed.com/marielasummerhays01/therapy-is-for-men?origin=web-hf,These 7 Men Will Convince You Therapy Is For Everyone,,20200522-0900
https://www.buzzfeed.com/chilifritos1234/plan-a-wedding-a-well-tell-which-the-office-char-cvj3ackoya?origin=web-hf,"Design Your Dream Wedding And We'll Tell You Which Character From ""The Office"" You Belong With",,20200522-0900
https://www.buzzfeed.com/farrahpenn/new-ya-books-spring-2020?origin=web-hf,Here Are The 15 Young Adult Books We're Loving This Spring,,20200522-0900
https://www.buzzfeed.com/buzzfeedoznews/bye-buzzfeed-oz-news?origin=web-hf,This Is BuzzFeed News Australia’s Last Day. Here Are 37 Of Our Favourite Stories.,,20200522-0900
https://www.buzzfeed.com/lyapalater/the-bar-is-so-low-that-im-emotion-because-adam-sa?origin=web-hf,The Bar Is So Low That I'm Emo Over Adam Sandler Buying Tampons For The Women In His Life,,20200522-0900
https://www.buzzfeed.com/mjs538/a-news-clip-from-go-topless-jeep-weekend-is-going-viral?origin=web-hf,"A Video From ""Go Topless Jeep Weekend"" Is Going Viral Because ""Not Even SNL Could Write Something This Ridiculous""",,20200522-0900
https://www.buzzfeed.com/jasminsuknanan/useful-beauty-products-on-sale?origin=web-hf,23 Useful Beauty Products You'll Probably Be Very Glad You Got On Sale,,20200522-0900
https://www.buzzfeed.com/hbraga/sephora-memorial-day-sale?origin=web-hf,Sephora Has Tons Of Products On Sale For Up To 50% Off Right Now,,20200522-0900
/watch/video/105809,"The ""Outer Banks"" Cast Answers Your Burning Questions
Your favorite Pogues return as the cast of the hit Netflix series “Outer Banks” (Chase Stokes, Madelyn Cline, Madison Bailey, Rudy Pankow, and Jonathan Daviss) all sit down to answer your burning questions, from how their lives have changed since the show’s debut, to what they think will happen in season two, all the way to which major roles they’ve auditioned for in the past but didn’t get…which leads to one cast member revealing that he very nearly spent some time in a galaxy far, far away.",,20200522-0900
https://www.buzzfeed.com/hannahryan/refugees-phones-australia-whatsapp-interview?origin=web-hf,Australia Wants To Make It Easier To Take Phones Away From Refugees. I Made A Group Chat To Find Out What They Think.,,20200522-0900
https://www.buzzfeednews.com/article/tanyachen/a-man-is-being-trolled-for-making-a-leather-face-mask?origin=web-hf,This Guy Is Being Trolled After He Shared His Design For A Cool-Looking Leather Face Mask,,20200522-0900
https://www.buzzfeed.com/jmihaly/fathers-day-gifts-dads-wont-pretend?origin=web-hf,31 Father’s Day Gifts That Dads Won’t Have To Pretend To Like,,20200522-0900
https://www.buzzfeednews.com/article/rubycramer/joe-biden-tara-reade-allegations-senate-2020?origin=web-hf,Tara Reade Stood Apart In Joe Biden's 1990s Senate Staff,,20200522-0900
https://www.buzzfeed.com/lakenbrooks222/we-know-your-soulmates-initials-based-on-the-shak-3thj8kp21b?origin=web-hf,We Know Your Soulmate's Initials Based On The Shakespearean Insults You Use To Describe Your Ex,,20200522-0900
https://www.buzzfeed.com/eleanorbate/gigi-hadid-pregnant-during-fashion-week?origin=web-hf,"Gigi Hadid Opened Up About Being ""A Few Months"" Pregnant During Fashion Week And How Her Body Has Changed",,20200522-0900
https://www.buzzfeed.com/yiyang/target-memorial-day-sale?origin=web-hf,All The Best Memorial Day Deals At Target,,20200522-0900
https://www.buzzfeed.com/kristatorres/jason-derulos-tried-to-eat-corn-off-a-power-drill?origin=web-hf,Jason Derulo Tried To Eat Corn Off A Power Drill And Things Did Not Go Well,,20200522-0900
/watch/video/103610,Gadiel Gets Financial Tips For Surviving This Pandemic,,20200522-0900
https://www.buzzfeed.com/whitneyjefferson/joaquin-phoenix-and-rooney-mara-baby-tweets?origin=web-hf,18 Perfect Tweets About Joaquin Phoenix And Rooney Mara Having A Baby,,20200522-0900
https://www.buzzfeed.com/racheldunkel/sur-la-table-summer-sale?origin=web-hf,"Sur La Table's Having A Huge Summer Sale, So It's Time To Invest In Some Quality Kitchen Tools",,20200522-0900
https://www.buzzfeed.com/swiftienerd/do-you-agree-with-these-unpopular-book-opinions-e47xhgqlig?origin=web-hf,Do You Actually Agree With These Controversial Book Opinions?,,20200522-0900
https://www.buzzfeed.com/lilianastephens21/make-a-friends-episode-and-ill-tell-you-which-fri-a59ionup2o?origin=web-hf,"Make A ""Friends"" Episode And I'll Tell You Which Character You Are",,20200522-0900
https://www.buzzfeed.com/isabellalouise/this-visual-quiz-will-reveal-which-elemental-bendi-687v2it35g?origin=web-hf,"This Visual Quiz Will Reveal Which ""Avatar: The Last Airbender"" Element You'd Master",,20200522-0900
https://www.buzzfeed.com/samanthawieder/overstocks-memorial-day-blowout-sale-2020?origin=web-hf,All The Best Deals At Overstock's Memorial Day Sale,,20200522-0900
https://www.buzzfeednews.com/article/salvadorhernandez/coronavirus-victim-white-house-butler-wilson-jerman?origin=web-hf,A White House Butler Who Worked For 11 US Presidents Died Of The Coronavirus,,20200522-0900
https://www.buzzfeed.com/kaylaboyd/fathers-day-gifts?origin=web-hf,34 Of The Best Father's Day Gifts To Give This Year,,20200522-0900
/watch/video/103666,"Black Family Tries Each Others' Chocolate Chip Cookies
""I'm lactose intolerant, I don't need this!""",,20200522-0900
https://www.buzzfeed.com/angelicaamartinez/tiktok-vintage-makeup?origin=web-hf,TikTok Taught Me How Wild Vintage Makeup Compacts Were And I Desperately Need Them To Make A Comeback,,20200522-0900
https://www.buzzfeed.com/kirbybeaton/books-recommendations-traveling?origin=web-hf,19 Books To Read During Quarantine To Make You Feel Like You're Traveling,,20200522-0900
https://www.buzzfeed.com/malloryannp/fathers-day-gifts-over-35?origin=web-hf,50 Splurge-Worthy Gifts To Surprise Your Dad With This Father's Day,,20200522-0900
https://www.buzzfeed.com/shelbyheinrich/tiktok-music-festival-viral-heartwarming?origin=web-hf,"These Siblings On TikTok Threw Their Brother His Very Own Music Festival In Quarantine, And It's Officially Gone Viral",,20200522-0900
https://www.buzzfeed.com/christopherhudspeth/photos-of-the-pandemic-world-different?origin=web-hf,19 Photos of Life Today That Would've Blown Your Mind A Year Ago,,20200522-0900
https://www.buzzfeed.com/audreyworboys/disney-movie-region-would-you-rather?origin=web-hf,"You Can Only Save One Disney Movie From Each Of These Regions, The Rest Are Deleted Forever",,20200522-0900
https://www.buzzfeed.com/lyapalater/heres-everything-new-coming-to-netflix-this-week-5-21?origin=web-hf,"Here's Everything New Coming To Netflix This Week, Starting May 21",,20200522-0900
https://www.buzzfeed.com/giannaudes/choose-celebrities-a-z-and-ill-tell-you-what-to-d-2r0na9k1lv?origin=web-hf,Choose A Celebrity For Every Letter Of The Alphabet And We'll Give You A New Activity To Try While You're At Home,,20200522-0900
/watch/video/103443,Japanese And Mexican People Swap Board Games,,20200522-0900
https://www.buzzfeed.com/nataliebrown/products-youll-probably-use-every-single-day-2020?origin=web-hf,30 Products So Effective You'll Probably Use Them Every Single Day,,20200522-0900
https://www.buzzfeed.com/morganmurrell/serena-williams-daughter-instagram?origin=web-hf,Excuse Me While I Try To Contain My Baby Fever While Watching Serena Williams And Her Daughter,,20200522-0900
https://www.buzzfeed.com/briangalindo/queer-eye-new-season-5-trailer-netflix?origin=web-hf,"The Trailer For Season 5 Of ""Queer Eye"" Just Dropped And I Already Cried Six Times Watching It",,20200522-0900
https://www.buzzfeed.com/genevievescarano/fitness-fathers-day-for-athletic-dads?origin=web-hf,30 Father's Day Gifts For The Dad Who Loves To Exercise,,20200522-0900
https://www.buzzfeed.com/sydrobinson1/commonly-misspelled-words-spelling-quiz?origin=web-hf,These Are 15 Of The Most Commonly Misspelled Words — Think You Can Spell Them Right?,,20200522-0900
https://www.buzzfeed.com/shelbyheinrich/high-school-trivia-quiz?origin=web-hf,Half The Population Can't Pass This High School Simulation Without Cheating — Can You?,,20200522-0900
https://www.buzzfeed.com/benhenry/jojo-siwa-candy-themed-bedroom?origin=web-hf,JoJo Siwa Fans Came To Her Defence After A Video Of Her Candy Themed-Bedroom Sparked A Debate About Her Age,,20200522-0900
https://www.buzzfeednews.com/article/katebubacz/photos-michigan-flooding-dams?origin=web-hf,Dramatic Photos Show Massive Flooding After Two Dams Collapsed In Michigan,,20200522-0900
/watch/video/105671,Black Women Go To Vegas Without Their Hair Done,,20200522-0900
https://www.buzzfeednews.com,BuzzFeed NewsReporting on what you care about. We hold major institutions accountable and expose wrongdoing.,,20200522-0930
https://www.tasty.co,"BuzzFeed TastySearch, watch, and cook every single Tasty recipe and video ever - all in one place!",,20200522-0930
https://www.buzzfeed.com/goodful,"BuzzFeed GoodfulSelf care and ideas to help you live a healthier, happier life.",,20200522-0930
https://www.buzzfeed.com/bringme,"BuzzFeed Bring MeObsessed with travel? Discover unique things to do, places to eat, and sights to see in the best destinations around the world with Bring Me!",,20200522-0930
https://www.buzzfeed.com/asis,"BuzzFeed As IsSomething for everyone interested in hair, makeup, style, and body positivity.",,20200522-0930
https://www.buzzfeed.com/daves4/everyone-hates-but-does?ref=hpsplash&origin=spl,27 Things Every Single Person Hates That They Do But Does Anyway,,20200522-0930
https://www.buzzfeed.com/yiyang/futuristic-products-thatll-probably-make-you-feel-like?origin=hpp,35 Futuristic Products That’ll Probably Make You Feel Like You’re Living In 3020,,20200522-0930
https://www.buzzfeed.com/newsletters?ref=hplego,"WTF Is Happening Today? BuzzFeed Newsletters Can Help!
We have newsletters to help you stay in the loop AND newsletters to help you forget! Try one today!",,20200522-0930
https://www.buzzfeed.com/zipporkella/what-percent-typical-nerd-are-you-c09ywjxe9m?origin=web-hf,"If You Check Off At Least 17/26 Things On This List, Then You're A Total Nerd",,20200522-0930
https://www.buzzfeed.com/mikespohr/mindblowing-facts?origin=web-hf,18 Random Facts That Absolutely Blew People's Minds On Twitter,,20200522-0930
https://www.buzzfeed.com/andrewziegler/quiz-party?origin=shp,"You Can Now Take BuzzFeed Quizzes In Real Time With Your Friends — You’re Welcome
Let’s get this party started.",,20200522-0930
https://www.buzzfeed.com/jenniferabidor/friends-a-to-z?origin=shp,"This ""Friends"" A–Z Quiz Will Reveal Which Main Character You Are",,20200522-0930
https://www.buzzfeed.com/sarahaspler/taste-in-disney-movies-age-quiz?origin=shp,Can We Accurately Guess Your Age Based On Your Taste In Disney Movies?,,20200522-0930
https://www.buzzfeed.com/andrewziegler/quiz-romantic-type?origin=shp,There Are Actually Only Four Romantic Types And We Can Accurately Guess Yours,,20200522-0930
https://www.buzzfeed.com/sarahaspler/everyone-has-a-fruit-that-matches-their-personalit?origin=shp,Everyone Has A Fruit That Matches Their Personality – Here’s Yours,,20200522-0930
https://www.buzzfeed.com/quizparty,Keep the quiz party going,,20200522-0930
https://www.buzzfeed.com/tessafahey/iconic-rom-com-checklist?origin=web-hf,How Many Iconic Rom-Coms Have You Actually Seen?,,20200522-0930
https://www.buzzfeed.com/tatianatenreyrowhitlock/lady-gaga-and-ariana-grande-song?origin=web-hf,"Lady Gaga And Ariana Grande Just Made The Weekend More Exciting By Dropping Their Song ""Rain On Me""",,20200522-0930
https://www.buzzfeed.com/maitlandquitmeyer/best-memorial-day-sales-deals-2020?origin=hshp,"All The Best Memorial Day Weekend Deals
The savings start now.",,20200522-0930
https://www.buzzfeed.com/kaylasuazo/all-the-best-memorial-day-mattress-sales-2020?origin=hshp,All Of The Best Memorial Day Mattress Sales,,20200522-0930
https://www.buzzfeed.com/emmalord9/best-deals-wayfair-memorial-day-sale?origin=hshp,All The Best Deals At Wayfair's Memorial Day Sale,,20200522-0930
https://www.buzzfeed.com/abbykass/zappos-memorial-day-sale?origin=hshp,You Can Save On *So* Many Popular Shoes During The Zappos Memorial Day Sale,,20200522-0930
https://www.buzzfeed.com/elenamgarcia/dyson-is-having-a-pretty-major-memorial-day-sale-no-better?origin=hshp,Dyson Is Having A Pretty Major Memorial Day Sale — No Better Time Than Now To Get Yourself A New Vacuum,,20200522-0930
https://www.buzzfeed.com/shopping?origin=hshp,See more great product recommendations,,20200522-0930
https://www.buzzfeed.com/noradominick/celeb-iconic-characters-trivia-quiz?origin=web-hf,These Iconic TV And Movie Characters Were Played By The Same Actor — Can You Tell Them Apart?,,20200522-0930
/watch/video/102294,"We Didn't Use Toilet Paper For A Week 
Auri gets Steve to try reusable toilet paper, will he like it?",,20200522-0930
https://www.buzzfeed.com/tatianatenreyrowhitlock/funniest-tweets-lana-del-rey-instagram-post-drama?origin=web-hf,15 Funny Tweets About The Lana Del Rey Instagram Post Drama,,20200522-0930
https://www.buzzfeednews.com/article/davidmack/coronavirus-trump-test-positive-negative-answer-video?origin=shp,"Positive News! Trump Says He Tested Positively, Which Means Negative, For The Coronavirus.
“But that’s a way of saying it: positively toward the negative.”",,20200522-0930
https://www.buzzfeednews.com/article/janelytvynenko/coronavirus-spin-doctors?origin=shp,These Are The Fake Experts Pushing Pseudoscience And Conspiracy Theories About The Coronavirus Pandemic,,20200522-0930
https://www.buzzfeednews.com/article/clarissajanlim/doctor-congressional-hearing-coronavirus-second-wave-ppe?origin=shp,"A Doctor Told Lawmakers The Country Is Not ""Prepared For A Second Wave"" Of The Coronavirus",,20200522-0930
https://www.buzzfeednews.com/article/meghara/qatar-coronavirus-tracking-app-mandatory?origin=shp,Qatar Has Made Its Coronavirus Contact Tracing App Mandatory,,20200522-0930
https://www.buzzfeednews.com/article/lamvo/coronavirus-update-charts-unemployment-claims-laid-off-jobs?origin=shp,These Updating Charts Show The Record Number Of Americans Filing Unemployment Claims,,20200522-0930
https://bzfd.it/noc-show,The daily News O'Clock podcast is here.,,20200522-0930
https://www.buzzfeed.com/jenniferabidor/jokes-about-disney-villains?origin=web-hf,21 Times The Internet Roasted The Disney Villains,,20200522-0930
https://www.buzzfeed.com/huynht2510/can-we-guess-your-most-recent-emoji-by-this-quiz-eqcv8mgpxb?origin=web-hf,Build A House And We'll Accurately Guess Your Most Recently Used Emoji,,20200522-0930
https://www.buzzfeed.com/tatianatenreyrowhitlock/lana-del-rey-responds-to-backlash-over-instagram-post?origin=web-hf,"Lana Del Rey Responded To The Backlash Toward Her Instagram Post, Saying She's Sad People Made It A ""WOC Issue""",,20200522-0930
https://www.buzzfeed.com/farrahpenn/finals-week-zoom-university-fails?origin=web-hf,18 Times The Students Of Zoom University Really Struggled Through Finals Week,,20200522-0930
https://www.buzzfeednews.com/article/laurenstrapagiel/influencers-say-instagram-is-more-likely-to-remove-photos?origin=web-hf,"Influencers Say Instagram Is Biased Against Plus-Size Bodies, And They May Be Right",,20200522-0930
https://www.buzzfeed.com/victoriavouloumanos/stars-who-are-mixed-asian-pacific-islander?origin=shp,"34 Multiracial Celebs Who Are Actually Asian Or Pacific Islander
Relatable and inspirational icons, all of ‘em.",,20200522-0930
https://www.buzzfeed.com/nusrat21/a-guide-for-people-new-to-bollywood?origin=shp,30 Bollywood Films That Everyone Absolutely Must See,,20200522-0930
https://www.buzzfeed.com/michellemkim/asian-male-celebs-thirst?origin=shp,21 Asian Male Celebs That Have Us Feeling Oh So Very Thirsty,,20200522-0930
https://www.buzzfeed.com/michellemkim/which-anime-best-boy-are-you?origin=shp,Quiz: Which Anime Best Boy Are You?,,20200522-0930
https://www.buzzfeed.com/badge/apahm2020,See all of our APAHM coverage here,,20200522-0930
/watch/video/99501,"Boricua From The Island vs The Mainland 
Love one another, Puerto Ricans from around the world!",,20200522-0930
https://www.buzzfeed.com/mjs538/early-2000s-pictures-for-millennials?origin=web-hf,33 Pictures That Millennials Will Have To Explain To Generation Alpha Someday,,20200522-0930
https://www.buzzfeed.com/buzzfeedresearch/civicscience-main3-buzz,Let Your Voice Be Heard. Tell Us Your Opinions!,,20200522-0930
https://www.buzzfeed.com/morganmurrell/drake-called-kylie-jenner-side-piece-apology?origin=web-hf,"Drake Name-Dropped Kylie Jenner, Kendall Jenner, And Gigi Hadid In A Song, Then Issued An Apology Statement",,20200522-0930
https://www.buzzfeed.com/christopherhudspeth/oh-come-on-facepalm-that-sucks-things?origin=web-hf,15 Facepalm-Worthy Things Humans Recently Did During This Pandemic That Make Me Hope Aliens Aren't Watching,,20200522-0930
https://www.buzzfeed.com/briangalindo/21-tbt-photos-celebs-posted-on-instagram-may-21?origin=web-hf,Here's What Chrissy Teigen And 20 Other Celebrities Shared This Week For #TBT,,20200522-0930
https://www.buzzfeednews.com/article/skbaer/ahmaud-arbery-death-william-bryan-arrest?origin=web-hf,The Man Who Recorded Video Of Ahmaud Arbery Being Shot Has Been Arrested On A Murder Charge,,20200522-0930
https://www.buzzfeed.com/tatianatenreyrowhitlock/michael-cera-aubrey-plaza-chuck-e-cheese-pic?origin=web-hf,Michael Cera And Aubrey Plaza's Chuck E. Cheese Photo Is Legendary And Now We Have The Whole Story,,20200522-0930
https://www.buzzfeed.com/hannahmarder/what-movies-about-mental-health-made-you-feel-seen,What Movies Got Mental Health Right?,,20200522-0930
/watch/video/105540,"Camp Counselor Horror Stories
In honor of summer former camp counselors share their craziest, weirdest and funniest experiences from camp.",,20200522-0930
https://www.buzzfeed.com/briangalindo/chris-pratt-accidentally-deleted-over-35000-unread-emails?origin=web-hf,"Chris Pratt Accidentally Deleted More Than 35,000 Unread Emails After His Son Gasped At His Full Inbox",,20200522-0930
https://www.buzzfeed.com/sydrobinson1/before-and-after-pets-being-adopted-quarantine?origin=web-hf,21 Before-And-After Pictures Of Pets Who Were Adopted During Quarantine,,20200522-0930
https://www.buzzfeed.com/hannahmarder/teen-drama-characters-that-did-not-need-to-die?origin=web-hf,20 Of The Most Tragically Unnecessary Deaths From Teen Dramas,,20200522-0930
https://www.buzzfeed.com/tessafahey/identify-avatar-the-last-airbender-characters-quiz?origin=web-hf,"If You Can Identify 30/36 Of These ""Avatar: The Last Airbender"" Characters, You're A Master Bender",,20200522-0930
https://www.buzzfeed.com/rosethecorgi/choose-some-food-and-revile-your-soulmates-name-7gjir6fim?origin=web-hf,"If You Really Wanna Know The First Letter Of Your Soulmate's Name, Eat Some Food And We'll Tell You",,20200522-0930
https://www.buzzfeed.com/clareaston/my-bibliotherapy-prescription?origin=web-hf,"You Can Now Be ""Prescribed"" Books For Your Mental Health And These Six Were Meant To Help Me",,20200522-0930
https://www.buzzfeed.com/isabellalouise/can-you-sort-these-hogwarts-students-in-their-righ-klzvv4gs4?origin=web-hf,Only A Hogwarts Genius Can Match The Student To The House They Were Sorted Into,,20200522-0930
https://www.buzzfeed.com/mjs538/rose-on-90-day-fiance-and-big-ed?origin=web-hf,We Need To Stop Talking About Big Ed And Start Talking About Rose,,20200522-0930
/watch/video/105310,"Loren Gray Reads Her Instagram DMs
Loren Gray bravely sits down to do a deep dive into her Instagram DM requests, which include supportive fans, the obligatory haters, and even some marriage proposals from complete strangers. Check out Loren’s new single “Cake” now: https://www.youtube.com/watch?v=klwWrurkjgc",,20200522-0930
https://www.buzzfeed.com/ehisosifo1/harry-potter-letter-p-trivia-quiz?origin=web-hf,"This ""Harry Potter"" Quiz Will Separate The Wizards From The Muggles And It All Depends On The Letter P",,20200522-0930
https://www.buzzfeed.com/fallon2/what-hunger-games-characters-belong-in-these-hogwa-ckb6eid9yq?origin=web-hf,"Would You Sort These Characters From ""The Hunger Games"" Into The Same Hogwarts Houses As Everyone Else?",,20200522-0930
https://www.buzzfeed.com/ehisosifo1/drastic-americas-next-top-model-makeovers?origin=web-hf,"23 ""ANTM"" Makeovers That Tyra Banks Actually Assigned To Contestants",,20200522-0930
https://www.buzzfeed.com/alliehayes/books-so-good-you-cannot-put-them-down-flipped?origin=web-hf,"21 Books That Are So Good, People Literally Could Not Put Them Down",,20200522-0930
https://www.buzzfeed.com/christopherhudspeth/people-believed-there-was-evidence-of-a-parallel-universe?origin=web-hf,"17 Of The Funniest Tweets About The Discovery Of ""Evidence"" That A Parallel Universe Exists",,20200522-0930
https://www.buzzfeed.com/avaerickson04/which-disney-prince-do-you-belong-with-1mtuff45b1?origin=web-hf,Which Disney Prince Is Your Soulmate?,,20200522-0930
https://www.buzzfeed.com/stephenlaconte/lana-del-rey-controversy-beyonce-ariana-grande-cardi-b?origin=web-hf,"Lana Del Rey Seemed To Drag Artists Like Beyoncé, Cardi B, And Ariana Grande In A Statement On Instagram, And People Are Pissed",,20200522-0930
https://www.buzzfeednews.com/article/michaelblackmon/lana-del-rey-instagram-post-race?origin=web-hf,This Is Why People Are Mad At Lana Del Rey,,20200522-0930
/watch/video/105538,Can These Exes Be Friends?,,20200522-0930
https://www.buzzfeed.com/stephenlaconte/oprah-winfrey-big-cabbage-instagram?origin=web-hf,"Oprah Grew A Cabbage So Big She Could Barely Carry It, And You Really Need To See It To Believe It's Real",,20200522-0930
https://www.buzzfeed.com/kristatorres/little-bugs-live-in-strawberries-so-you-should-al?origin=web-hf,"If You Wash Berries In Salt Water, Little Bugs Will Start To Crawl Out",,20200522-0930
https://www.buzzfeed.com/juliawilling/for-everyone-in-love-with-boxer?origin=web-hf,"Boxer From ""White Lines"" Is Pure Sexual Dynamo And These 23 Tweets Prove It",,20200522-0930
https://www.buzzfeed.com/daniellaemanuel/water-popsicles-tiktok?origin=web-hf,"A Mom On TikTok Makes ""Water Popsicles"" For Her Kids And I'm Cracking Up",,20200522-0930
https://www.buzzfeed.com/katdo0907/the-office-and-friends-polls-1v8n4ssmtp?origin=web-hf,"These Polls Are For Fans Of ""Friends"" And ""The Office"" Only",,20200522-0930
https://www.buzzfeed.com/anoushkagadhwal/the-ultimate-harry-potter-and-the-sorcereras-sto-cn37ve6nwu?origin=web-hf,"I Bet You Can't Score 10/13 On This ""Harry Potter And The Sorcerer’s Stone"" Book Quiz",,20200522-0930
https://www.buzzfeed.com/ryanschocket2/people-are-sharing-the-worst-coworker-theyve-worked-with?origin=web-hf,"People Are Sharing The Worst Coworker They've Worked With And Wow, Just Wow",,20200522-0930
https://www.buzzfeed.com/marielasummerhays01/therapy-is-for-men?origin=web-hf,These 7 Men Will Convince You Therapy Is For Everyone,,20200522-0930
/watch/video/102332,"I Followed Bretman Rock's Oldest And Newest Makeup Tutorial
""This could either be a revelation or a giant mistake.""",,20200522-0930
https://www.buzzfeed.com/victoriagasparowicz/dark-moments-from-kids-movies-that-are-probably-still?origin=web-hf,22 Unexpectedly Dark Kids Movie Moments That People Wish They Could Forget,,20200522-0930
https://www.buzzfeed.com/chilifritos1234/plan-a-wedding-a-well-tell-which-the-office-char-cvj3ackoya?origin=web-hf,"Design Your Dream Wedding And We'll Tell You Which Character From ""The Office"" You Belong With",,20200522-0930
https://www.buzzfeed.com/farrahpenn/new-ya-books-spring-2020?origin=web-hf,Here Are The 15 Young Adult Books We're Loving This Spring,,20200522-0930
https://www.buzzfeed.com/lyapalater/the-bar-is-so-low-that-im-emotion-because-adam-sa?origin=web-hf,The Bar Is So Low That I'm Emo Over Adam Sandler Buying Tampons For The Women In His Life,,20200522-0930
https://www.buzzfeed.com/buzzfeedoznews/bye-buzzfeed-oz-news?origin=web-hf,This Is BuzzFeed News Australia’s Last Day. Here Are 37 Of Our Favourite Stories.,,20200522-0930
https://www.buzzfeed.com/mjs538/a-news-clip-from-go-topless-jeep-weekend-is-going-viral?origin=web-hf,"A Video From ""Go Topless Jeep Weekend"" Is Going Viral Because ""Not Even SNL Could Write Something This Ridiculous""",,20200522-0930
https://www.buzzfeed.com/jasminsuknanan/useful-beauty-products-on-sale?origin=web-hf,23 Useful Beauty Products You'll Probably Be Very Glad You Got On Sale,,20200522-0930
https://www.buzzfeed.com/hbraga/sephora-memorial-day-sale?origin=web-hf,Sephora Has Tons Of Products On Sale For Up To 50% Off Right Now,,20200522-0930
/watch/video/105809,"The ""Outer Banks"" Cast Answers Your Burning Questions
Your favorite Pogues return as the cast of the hit Netflix series “Outer Banks” (Chase Stokes, Madelyn Cline, Madison Bailey, Rudy Pankow, and Jonathan Daviss) all sit down to answer your burning questions, from how their lives have changed since the show’s debut, to what they think will happen in season two, all the way to which major roles they’ve auditioned for in the past but didn’t get…which leads to one cast member revealing that he very nearly spent some time in a galaxy far, far away.",,20200522-0930
https://www.buzzfeed.com/hannahryan/refugees-phones-australia-whatsapp-interview?origin=web-hf,"In This Group Chat, Refugees Explained Why They Don’t Want Their Phones Taken Away",,20200522-0930
https://www.buzzfeednews.com/article/tanyachen/a-man-is-being-trolled-for-making-a-leather-face-mask?origin=web-hf,This Guy Is Being Trolled After He Shared His Design For A Cool-Looking Leather Face Mask,,20200522-0930
https://www.buzzfeed.com/jmihaly/fathers-day-gifts-dads-wont-pretend?origin=web-hf,31 Father’s Day Gifts That Dads Won’t Have To Pretend To Like,,20200522-0930
https://www.buzzfeednews.com/article/rubycramer/joe-biden-tara-reade-allegations-senate-2020?origin=web-hf,Tara Reade Stood Apart In Joe Biden's 1990s Senate Staff,,20200522-0930
https://www.buzzfeed.com/lakenbrooks222/we-know-your-soulmates-initials-based-on-the-shak-3thj8kp21b?origin=web-hf,We Know Your Soulmate's Initials Based On The Shakespearean Insults You Use To Describe Your Ex,,20200522-0930
https://www.buzzfeed.com/eleanorbate/gigi-hadid-pregnant-during-fashion-week?origin=web-hf,"Gigi Hadid Opened Up About Being ""A Few Months"" Pregnant During Fashion Week And How Her Body Has Changed",,20200522-0930
https://www.buzzfeed.com/yiyang/target-memorial-day-sale?origin=web-hf,All The Best Memorial Day Deals At Target,,20200522-0930
https://www.buzzfeed.com/kristatorres/jason-derulos-tried-to-eat-corn-off-a-power-drill?origin=web-hf,Jason Derulo Tried To Eat Corn Off A Power Drill And Things Did Not Go Well,,20200522-0930
/watch/video/103610,Gadiel Gets Financial Tips For Surviving This Pandemic,,20200522-0930
https://www.buzzfeed.com/whitneyjefferson/joaquin-phoenix-and-rooney-mara-baby-tweets?origin=web-hf,18 Perfect Tweets About Joaquin Phoenix And Rooney Mara Having A Baby,,20200522-0930
https://www.buzzfeed.com/racheldunkel/sur-la-table-summer-sale?origin=web-hf,"Sur La Table's Having A Huge Summer Sale, So It's Time To Invest In Some Quality Kitchen Tools",,20200522-0930
https://www.buzzfeed.com/swiftienerd/do-you-agree-with-these-unpopular-book-opinions-e47xhgqlig?origin=web-hf,Do You Actually Agree With These Controversial Book Opinions?,,20200522-0930
https://www.buzzfeed.com/lilianastephens21/make-a-friends-episode-and-ill-tell-you-which-fri-a59ionup2o?origin=web-hf,"Make A ""Friends"" Episode And I'll Tell You Which Character You Are",,20200522-0930
https://www.buzzfeed.com/isabellalouise/this-visual-quiz-will-reveal-which-elemental-bendi-687v2it35g?origin=web-hf,"This Visual Quiz Will Reveal Which ""Avatar: The Last Airbender"" Element You'd Master",,20200522-0930
https://www.buzzfeed.com/samanthawieder/overstocks-memorial-day-blowout-sale-2020?origin=web-hf,All The Best Deals At Overstock's Memorial Day Sale,,20200522-0930
https://www.buzzfeednews.com/article/salvadorhernandez/coronavirus-victim-white-house-butler-wilson-jerman?origin=web-hf,A White House Butler Who Worked For 11 US Presidents Died Of The Coronavirus,,20200522-0930
https://www.buzzfeed.com/kaylaboyd/fathers-day-gifts?origin=web-hf,34 Of The Best Father's Day Gifts To Give This Year,,20200522-0930
/watch/video/103666,"Black Family Tries Each Others' Chocolate Chip Cookies
""I'm lactose intolerant, I don't need this!""",,20200522-0930
https://www.buzzfeed.com/angelicaamartinez/tiktok-vintage-makeup?origin=web-hf,TikTok Taught Me How Wild Vintage Makeup Compacts Were And I Desperately Need Them To Make A Comeback,,20200522-0930
https://www.buzzfeed.com/kirbybeaton/books-recommendations-traveling?origin=web-hf,19 Books To Read During Quarantine To Make You Feel Like You're Traveling,,20200522-0930
https://www.buzzfeed.com/malloryannp/fathers-day-gifts-over-35?origin=web-hf,50 Splurge-Worthy Gifts To Surprise Your Dad With This Father's Day,,20200522-0930
https://www.buzzfeed.com/shelbyheinrich/tiktok-music-festival-viral-heartwarming?origin=web-hf,"These Siblings On TikTok Threw Their Brother His Very Own Music Festival In Quarantine, And It's Officially Gone Viral",,20200522-0930
https://www.buzzfeed.com/christopherhudspeth/photos-of-the-pandemic-world-different?origin=web-hf,19 Photos of Life Today That Would've Blown Your Mind A Year Ago,,20200522-0930
https://www.buzzfeed.com/audreyworboys/disney-movie-region-would-you-rather?origin=web-hf,"You Can Only Save One Disney Movie From Each Of These Regions, The Rest Are Deleted Forever",,20200522-0930
https://www.buzzfeed.com/lyapalater/heres-everything-new-coming-to-netflix-this-week-5-21?origin=web-hf,"Here's Everything New Coming To Netflix This Week, Starting May 21",,20200522-0930
https://www.buzzfeed.com/giannaudes/choose-celebrities-a-z-and-ill-tell-you-what-to-d-2r0na9k1lv?origin=web-hf,Choose A Celebrity For Every Letter Of The Alphabet And We'll Give You A New Activity To Try While You're At Home,,20200522-0930
/watch/video/103443,Japanese And Mexican People Swap Board Games,,20200522-0930
https://www.buzzfeed.com/nataliebrown/products-youll-probably-use-every-single-day-2020?origin=web-hf,30 Products So Effective You'll Probably Use Them Every Single Day,,20200522-0930
https://www.buzzfeed.com/morganmurrell/serena-williams-daughter-instagram?origin=web-hf,Excuse Me While I Try To Contain My Baby Fever While Watching Serena Williams And Her Daughter,,20200522-0930
https://www.buzzfeed.com/briangalindo/queer-eye-new-season-5-trailer-netflix?origin=web-hf,"The Trailer For Season 5 Of ""Queer Eye"" Just Dropped And I Already Cried Six Times Watching It",,20200522-0930
https://www.buzzfeed.com/genevievescarano/fitness-fathers-day-for-athletic-dads?origin=web-hf,30 Father's Day Gifts For The Dad Who Loves To Exercise,,20200522-0930
https://www.buzzfeed.com/sydrobinson1/commonly-misspelled-words-spelling-quiz?origin=web-hf,These Are 15 Of The Most Commonly Misspelled Words — Think You Can Spell Them Right?,,20200522-0930
https://www.buzzfeed.com/shelbyheinrich/high-school-trivia-quiz?origin=web-hf,Half The Population Can't Pass This High School Simulation Without Cheating — Can You?,,20200522-0930
https://www.buzzfeed.com/benhenry/jojo-siwa-candy-themed-bedroom?origin=web-hf,JoJo Siwa Fans Came To Her Defence After A Video Of Her Candy Themed-Bedroom Sparked A Debate About Her Age,,20200522-0930
https://www.buzzfeednews.com/article/katebubacz/photos-michigan-flooding-dams?origin=web-hf,Dramatic Photos Show Massive Flooding After Two Dams Collapsed In Michigan,,20200522-0930
/watch/video/105671,Black Women Go To Vegas Without Their Hair Done,,20200522-0930
https://www.buzzfeednews.com,BuzzFeed NewsReporting on what you care about. We hold major institutions accountable and expose wrongdoing.,,20200522-1000
https://www.tasty.co,"BuzzFeed TastySearch, watch, and cook every single Tasty recipe and video ever - all in one place!",,20200522-1000
https://www.buzzfeed.com/goodful,"BuzzFeed GoodfulSelf care and ideas to help you live a healthier, happier life.",,20200522-1000
https://www.buzzfeed.com/bringme,"BuzzFeed Bring MeObsessed with travel? Discover unique things to do, places to eat, and sights to see in the best destinations around the world with Bring Me!",,20200522-1000
https://www.buzzfeed.com/asis,"BuzzFeed As IsSomething for everyone interested in hair, makeup, style, and body positivity.",,20200522-1000
https://www.buzzfeed.com/daves4/everyone-hates-but-does?ref=hpsplash&origin=spl,27 Things Every Single Person Hates That They Do But Does Anyway,,20200522-1000
https://www.buzzfeed.com/yiyang/futuristic-products-thatll-probably-make-you-feel-like?origin=hpp,35 Futuristic Products That’ll Probably Make You Feel Like You’re Living In 3020,,20200522-1000
https://www.buzzfeed.com/newsletters?ref=hplego,"WTF Is Happening Today? BuzzFeed Newsletters Can Help!
We have newsletters to help you stay in the loop AND newsletters to help you forget! Try one today!",,20200522-1000
https://www.buzzfeednews.com/article/albertonardelli/trump-g7-coronavirus?origin=web-hf,Trump Didn’t Consult With Other G7 Leaders Before Tweeting About Meeting Up In Person In Just A Few Weeks,,20200522-1000
https://www.buzzfeed.com/zipporkella/what-percent-typical-nerd-are-you-c09ywjxe9m?origin=web-hf,"If You Check Off At Least 17/26 Things On This List, Then You're A Total Nerd",,20200522-1000
https://www.buzzfeed.com/andrewziegler/quiz-party?origin=shp,"You Can Now Take BuzzFeed Quizzes In Real Time With Your Friends — You’re Welcome
Let’s get this party started.",,20200522-1000
https://www.buzzfeed.com/jenniferabidor/friends-a-to-z?origin=shp,"This ""Friends"" A–Z Quiz Will Reveal Which Main Character You Are",,20200522-1000
https://www.buzzfeed.com/sarahaspler/taste-in-disney-movies-age-quiz?origin=shp,Can We Accurately Guess Your Age Based On Your Taste In Disney Movies?,,20200522-1000
https://www.buzzfeed.com/andrewziegler/quiz-romantic-type?origin=shp,There Are Actually Only Four Romantic Types And We Can Accurately Guess Yours,,20200522-1000
https://www.buzzfeed.com/sarahaspler/everyone-has-a-fruit-that-matches-their-personalit?origin=shp,Everyone Has A Fruit That Matches Their Personality – Here’s Yours,,20200522-1000
https://www.buzzfeed.com/quizparty,Keep the quiz party going,,20200522-1000
https://www.buzzfeed.com/mikespohr/mindblowing-facts?origin=web-hf,18 Random Facts That Absolutely Blew People's Minds On Twitter,,20200522-1000
https://www.buzzfeed.com/tessafahey/iconic-rom-com-checklist?origin=web-hf,How Many Iconic Rom-Coms Have You Actually Seen?,,20200522-1000
https://www.buzzfeed.com/maitlandquitmeyer/best-memorial-day-sales-deals-2020?origin=hshp,"All The Best Memorial Day Weekend Deals
The savings start now.",,20200522-1000
https://www.buzzfeed.com/kaylasuazo/all-the-best-memorial-day-mattress-sales-2020?origin=hshp,All Of The Best Memorial Day Mattress Sales,,20200522-1000
https://www.buzzfeed.com/emmalord9/best-deals-wayfair-memorial-day-sale?origin=hshp,All The Best Deals At Wayfair's Memorial Day Sale,,20200522-1000
https://www.buzzfeed.com/abbykass/zappos-memorial-day-sale?origin=hshp,You Can Save On *So* Many Popular Shoes During The Zappos Memorial Day Sale,,20200522-1000
https://www.buzzfeed.com/elenamgarcia/dyson-is-having-a-pretty-major-memorial-day-sale-no-better?origin=hshp,Dyson Is Having A Pretty Major Memorial Day Sale — No Better Time Than Now To Get Yourself A New Vacuum,,20200522-1000
https://www.buzzfeed.com/shopping?origin=hshp,See more great product recommendations,,20200522-1000
https://www.buzzfeed.com/tatianatenreyrowhitlock/lady-gaga-and-ariana-grande-song?origin=web-hf,"Lady Gaga And Ariana Grande Just Made The Weekend More Exciting By Dropping Their Song ""Rain On Me""",,20200522-1000
/watch/video/102294,"We Didn't Use Toilet Paper For A Week 
Auri gets Steve to try reusable toilet paper, will he like it?",,20200522-1000
https://www.buzzfeed.com/noradominick/celeb-iconic-characters-trivia-quiz?origin=web-hf,These Iconic TV And Movie Characters Were Played By The Same Actor — Can You Tell Them Apart?,,20200522-1000
https://www.buzzfeednews.com/article/davidmack/coronavirus-trump-test-positive-negative-answer-video?origin=shp,"Positive News! Trump Says He Tested Positively, Which Means Negative, For The Coronavirus.
“But that’s a way of saying it: positively toward the negative.”",,20200522-1000
https://www.buzzfeednews.com/article/janelytvynenko/coronavirus-spin-doctors?origin=shp,These Are The Fake Experts Pushing Pseudoscience And Conspiracy Theories About The Coronavirus Pandemic,,20200522-1000
https://www.buzzfeednews.com/article/clarissajanlim/doctor-congressional-hearing-coronavirus-second-wave-ppe?origin=shp,"A Doctor Told Lawmakers The Country Is Not ""Prepared For A Second Wave"" Of The Coronavirus",,20200522-1000
https://www.buzzfeednews.com/article/meghara/qatar-coronavirus-tracking-app-mandatory?origin=shp,Qatar Has Made Its Coronavirus Contact Tracing App Mandatory,,20200522-1000
https://www.buzzfeednews.com/article/lamvo/coronavirus-update-charts-unemployment-claims-laid-off-jobs?origin=shp,These Updating Charts Show The Record Number Of Americans Filing Unemployment Claims,,20200522-1000
https://bzfd.it/noc-show,The daily News O'Clock podcast is here.,,20200522-1000
https://www.buzzfeed.com/tatianatenreyrowhitlock/funniest-tweets-lana-del-rey-instagram-post-drama?origin=web-hf,15 Funny Tweets About The Lana Del Rey Instagram Post Drama,,20200522-1000
https://www.buzzfeed.com/jenniferabidor/jokes-about-disney-villains?origin=web-hf,21 Times The Internet Roasted The Disney Villains,,20200522-1000
https://www.buzzfeed.com/huynht2510/can-we-guess-your-most-recent-emoji-by-this-quiz-eqcv8mgpxb?origin=web-hf,Build A House And We'll Accurately Guess Your Most Recently Used Emoji,,20200522-1000
https://www.buzzfeed.com/tatianatenreyrowhitlock/lana-del-rey-responds-to-backlash-over-instagram-post?origin=web-hf,"Lana Del Rey Responded To The Backlash Toward Her Instagram Post, Saying She's Sad People Made It A ""WOC Issue""",,20200522-1000
https://www.buzzfeed.com/farrahpenn/finals-week-zoom-university-fails?origin=web-hf,18 Times The Students Of Zoom University Really Struggled Through Finals Week,,20200522-1000
https://www.buzzfeed.com/victoriavouloumanos/stars-who-are-mixed-asian-pacific-islander?origin=shp,"34 Multiracial Celebs Who Are Actually Asian Or Pacific Islander
Relatable and inspirational icons, all of ‘em.",,20200522-1000
https://www.buzzfeed.com/nusrat21/a-guide-for-people-new-to-bollywood?origin=shp,30 Bollywood Films That Everyone Absolutely Must See,,20200522-1000
https://www.buzzfeed.com/michellemkim/asian-male-celebs-thirst?origin=shp,21 Asian Male Celebs That Have Us Feeling Oh So Very Thirsty,,20200522-1000
https://www.buzzfeed.com/michellemkim/which-anime-best-boy-are-you?origin=shp,Quiz: Which Anime Best Boy Are You?,,20200522-1000
https://www.buzzfeed.com/badge/apahm2020,See all of our APAHM coverage here,,20200522-1000
/watch/video/99501,"Boricua From The Island vs The Mainland 
Love one another, Puerto Ricans from around the world!",,20200522-1000
https://www.buzzfeednews.com/article/laurenstrapagiel/influencers-say-instagram-is-more-likely-to-remove-photos?origin=web-hf,"Influencers Say Instagram Is Biased Against Plus-Size Bodies, And They May Be Right",,20200522-1000
https://www.buzzfeed.com/kebornholtz/lets-wfh-together-with-our-quarantine-today-new-5xqeak1tzg,"Let's WFH Together With Our ""Quarantine Today"" Newsletter",,20200522-1000
https://www.buzzfeed.com/mjs538/early-2000s-pictures-for-millennials?origin=web-hf,33 Pictures That Millennials Will Have To Explain To Generation Alpha Someday,,20200522-1000
https://www.buzzfeed.com/morganmurrell/drake-called-kylie-jenner-side-piece-apology?origin=web-hf,"Drake Name-Dropped Kylie Jenner, Kendall Jenner, And Gigi Hadid In A Song, Then Issued An Apology Statement",,20200522-1000
https://www.buzzfeed.com/christopherhudspeth/oh-come-on-facepalm-that-sucks-things?origin=web-hf,15 Facepalm-Worthy Things Humans Recently Did During This Pandemic That Make Me Hope Aliens Aren't Watching,,20200522-1000
https://www.buzzfeed.com/briangalindo/21-tbt-photos-celebs-posted-on-instagram-may-21?origin=web-hf,Here's What Chrissy Teigen And 20 Other Celebrities Shared This Week For #TBT,,20200522-1000
https://www.buzzfeednews.com/article/skbaer/ahmaud-arbery-death-william-bryan-arrest?origin=web-hf,The Man Who Recorded Video Of Ahmaud Arbery Being Shot Has Been Arrested On A Murder Charge,,20200522-1000
https://www.buzzfeed.com/hannahmarder/what-movies-about-mental-health-made-you-feel-seen,What Movies Got Mental Health Right?,,20200522-1000
/watch/video/105540,"Camp Counselor Horror Stories
In honor of summer former camp counselors share their craziest, weirdest and funniest experiences from camp.",,20200522-1000
https://www.buzzfeed.com/tatianatenreyrowhitlock/michael-cera-aubrey-plaza-chuck-e-cheese-pic?origin=web-hf,Michael Cera And Aubrey Plaza's Chuck E. Cheese Photo Is Legendary And Now We Have The Whole Story,,20200522-1000
https://www.buzzfeed.com/briangalindo/chris-pratt-accidentally-deleted-over-35000-unread-emails?origin=web-hf,"Chris Pratt Accidentally Deleted More Than 35,000 Unread Emails After His Son Gasped At His Full Inbox",,20200522-1000
https://www.buzzfeed.com/sydrobinson1/before-and-after-pets-being-adopted-quarantine?origin=web-hf,21 Before-And-After Pictures Of Pets Who Were Adopted During Quarantine,,20200522-1000
https://www.buzzfeed.com/hannahmarder/teen-drama-characters-that-did-not-need-to-die?origin=web-hf,20 Of The Most Tragically Unnecessary Deaths From Teen Dramas,,20200522-1000
https://www.buzzfeed.com/tessafahey/identify-avatar-the-last-airbender-characters-quiz?origin=web-hf,"If You Can Identify 30/36 Of These ""Avatar: The Last Airbender"" Characters, You're A Master Bender",,20200522-1000
https://www.buzzfeed.com/rosethecorgi/choose-some-food-and-revile-your-soulmates-name-7gjir6fim?origin=web-hf,"If You Really Wanna Know The First Letter Of Your Soulmate's Name, Eat Some Food And We'll Tell You",,20200522-1000
https://www.buzzfeed.com/clareaston/my-bibliotherapy-prescription?origin=web-hf,"You Can Now Be ""Prescribed"" Books For Your Mental Health And These Six Were Meant To Help Me",,20200522-1000
https://www.buzzfeed.com/isabellalouise/can-you-sort-these-hogwarts-students-in-their-righ-klzvv4gs4?origin=web-hf,Only A Hogwarts Genius Can Match The Student To The House They Were Sorted Into,,20200522-1000
/watch/video/105310,"Loren Gray Reads Her Instagram DMs
Loren Gray bravely sits down to do a deep dive into her Instagram DM requests, which include supportive fans, the obligatory haters, and even some marriage proposals from complete strangers. Check out Loren’s new single “Cake” now: https://www.youtube.com/watch?v=klwWrurkjgc",,20200522-1000
https://www.buzzfeed.com/ehisosifo1/harry-potter-letter-p-trivia-quiz?origin=web-hf,"This ""Harry Potter"" Quiz Will Separate The Wizards From The Muggles And It All Depends On The Letter P",,20200522-1000
https://www.buzzfeed.com/mjs538/rose-on-90-day-fiance-and-big-ed?origin=web-hf,We Need To Stop Talking About Big Ed And Start Talking About Rose,,20200522-1000
https://www.buzzfeed.com/fallon2/what-hunger-games-characters-belong-in-these-hogwa-ckb6eid9yq?origin=web-hf,"Would You Sort These Characters From ""The Hunger Games"" Into The Same Hogwarts Houses As Everyone Else?",,20200522-1000
https://www.buzzfeed.com/ehisosifo1/drastic-americas-next-top-model-makeovers?origin=web-hf,"23 ""ANTM"" Makeovers That Tyra Banks Actually Assigned To Contestants",,20200522-1000
https://www.buzzfeed.com/alliehayes/books-so-good-you-cannot-put-them-down-flipped?origin=web-hf,"21 Books That Are So Good, People Literally Could Not Put Them Down",,20200522-1000
https://www.buzzfeed.com/christopherhudspeth/people-believed-there-was-evidence-of-a-parallel-universe?origin=web-hf,"17 Of The Funniest Tweets About The Discovery Of ""Evidence"" That A Parallel Universe Exists",,20200522-1000
https://www.buzzfeed.com/avaerickson04/which-disney-prince-do-you-belong-with-1mtuff45b1?origin=web-hf,Which Disney Prince Is Your Soulmate?,,20200522-1000
https://www.buzzfeed.com/stephenlaconte/lana-del-rey-controversy-beyonce-ariana-grande-cardi-b?origin=web-hf,"Lana Del Rey Seemed To Drag Artists Like Beyoncé, Cardi B, And Ariana Grande In A Statement On Instagram, And People Are Pissed",,20200522-1000
/watch/video/105538,Can These Exes Be Friends?,,20200522-1000
https://www.buzzfeednews.com/article/michaelblackmon/lana-del-rey-instagram-post-race?origin=web-hf,This Is Why People Are Mad At Lana Del Rey,,20200522-1000
https://www.buzzfeed.com/stephenlaconte/oprah-winfrey-big-cabbage-instagram?origin=web-hf,"Oprah Grew A Cabbage So Big She Could Barely Carry It, And You Really Need To See It To Believe It's Real",,20200522-1000
https://www.buzzfeed.com/kristatorres/little-bugs-live-in-strawberries-so-you-should-al?origin=web-hf,"If You Wash Berries In Salt Water, Little Bugs Will Start To Crawl Out",,20200522-1000
https://www.buzzfeed.com/juliawilling/for-everyone-in-love-with-boxer?origin=web-hf,"Boxer From ""White Lines"" Is Pure Sexual Dynamo And These 23 Tweets Prove It",,20200522-1000
https://www.buzzfeed.com/daniellaemanuel/water-popsicles-tiktok?origin=web-hf,"A Mom On TikTok Makes ""Water Popsicles"" For Her Kids And I'm Cracking Up",,20200522-1000
https://www.buzzfeed.com/katdo0907/the-office-and-friends-polls-1v8n4ssmtp?origin=web-hf,"These Polls Are For Fans Of ""Friends"" And ""The Office"" Only",,20200522-1000
https://www.buzzfeed.com/anoushkagadhwal/the-ultimate-harry-potter-and-the-sorcereras-sto-cn37ve6nwu?origin=web-hf,"I Bet You Can't Score 10/13 On This ""Harry Potter And The Sorcerer’s Stone"" Book Quiz",,20200522-1000
https://www.buzzfeed.com/ryanschocket2/people-are-sharing-the-worst-coworker-theyve-worked-with?origin=web-hf,"People Are Sharing The Worst Coworker They've Worked With And Wow, Just Wow",,20200522-1000
/watch/video/102332,"I Followed Bretman Rock's Oldest And Newest Makeup Tutorial
""This could either be a revelation or a giant mistake.""",,20200522-1000
https://www.buzzfeed.com/marielasummerhays01/therapy-is-for-men?origin=web-hf,These 7 Men Will Convince You Therapy Is For Everyone,,20200522-1000
https://www.buzzfeed.com/victoriagasparowicz/dark-moments-from-kids-movies-that-are-probably-still?origin=web-hf,22 Unexpectedly Dark Kids Movie Moments That People Wish They Could Forget,,20200522-1000
https://www.buzzfeed.com/chilifritos1234/plan-a-wedding-a-well-tell-which-the-office-char-cvj3ackoya?origin=web-hf,"Design Your Dream Wedding And We'll Tell You Which Character From ""The Office"" You Belong With",,20200522-1000
https://www.buzzfeed.com/farrahpenn/new-ya-books-spring-2020?origin=web-hf,Here Are The 15 Young Adult Books We're Loving This Spring,,20200522-1000
https://www.buzzfeed.com/lyapalater/the-bar-is-so-low-that-im-emotion-because-adam-sa?origin=web-hf,The Bar Is So Low That I'm Emo Over Adam Sandler Buying Tampons For The Women In His Life,,20200522-1000
https://www.buzzfeed.com/buzzfeedoznews/bye-buzzfeed-oz-news?origin=web-hf,This Is BuzzFeed News Australia’s Last Day. Here Are 37 Of Our Favourite Stories.,,20200522-1000
https://www.buzzfeed.com/mjs538/a-news-clip-from-go-topless-jeep-weekend-is-going-viral?origin=web-hf,"A Video From ""Go Topless Jeep Weekend"" Is Going Viral Because ""Not Even SNL Could Write Something This Ridiculous""",,20200522-1000
https://www.buzzfeed.com/jasminsuknanan/useful-beauty-products-on-sale?origin=web-hf,23 Useful Beauty Products You'll Probably Be Very Glad You Got On Sale,,20200522-1000
/watch/video/105809,"The ""Outer Banks"" Cast Answers Your Burning Questions
Your favorite Pogues return as the cast of the hit Netflix series “Outer Banks” (Chase Stokes, Madelyn Cline, Madison Bailey, Rudy Pankow, and Jonathan Daviss) all sit down to answer your burning questions, from how their lives have changed since the show’s debut, to what they think will happen in season two, all the way to which major roles they’ve auditioned for in the past but didn’t get…which leads to one cast member revealing that he very nearly spent some time in a galaxy far, far away.",,20200522-1000
https://www.buzzfeed.com/hbraga/sephora-memorial-day-sale?origin=web-hf,Sephora Has Tons Of Products On Sale For Up To 50% Off Right Now,,20200522-1000
https://www.buzzfeed.com/hannahryan/refugees-phones-australia-whatsapp-interview?origin=web-hf,Australia Wants To Make It Easier To Take Phones Away From Refugees. I Made A Group Chat To Find Out What They Think.,,20200522-1000
https://www.buzzfeednews.com/article/tanyachen/a-man-is-being-trolled-for-making-a-leather-face-mask?origin=web-hf,This Guy Is Being Trolled After He Shared His Design For A Cool-Looking Leather Face Mask,,20200522-1000
https://www.buzzfeed.com/jmihaly/fathers-day-gifts-dads-wont-pretend?origin=web-hf,31 Father’s Day Gifts That Dads Won’t Have To Pretend To Like,,20200522-1000
https://www.buzzfeednews.com/article/rubycramer/joe-biden-tara-reade-allegations-senate-2020?origin=web-hf,Tara Reade Stood Apart In Joe Biden's 1990s Senate Staff,,20200522-1000
https://www.buzzfeed.com/lakenbrooks222/we-know-your-soulmates-initials-based-on-the-shak-3thj8kp21b?origin=web-hf,We Know Your Soulmate's Initials Based On The Shakespearean Insults You Use To Describe Your Ex,,20200522-1000
https://www.buzzfeed.com/eleanorbate/gigi-hadid-pregnant-during-fashion-week?origin=web-hf,"Gigi Hadid Opened Up About Being ""A Few Months"" Pregnant During Fashion Week And How Her Body Has Changed",,20200522-1000
https://www.buzzfeed.com/yiyang/target-memorial-day-sale?origin=web-hf,All The Best Memorial Day Deals At Target,,20200522-1000
/watch/video/103610,Gadiel Gets Financial Tips For Surviving This Pandemic,,20200522-1000
https://www.buzzfeed.com/kristatorres/jason-derulos-tried-to-eat-corn-off-a-power-drill?origin=web-hf,Jason Derulo Tried To Eat Corn Off A Power Drill And Things Did Not Go Well,,20200522-1000
https://www.buzzfeed.com/whitneyjefferson/joaquin-phoenix-and-rooney-mara-baby-tweets?origin=web-hf,18 Perfect Tweets About Joaquin Phoenix And Rooney Mara Having A Baby,,20200522-1000
https://www.buzzfeed.com/racheldunkel/sur-la-table-summer-sale?origin=web-hf,"Sur La Table's Having A Huge Summer Sale, So It's Time To Invest In Some Quality Kitchen Tools",,20200522-1000
https://www.buzzfeed.com/swiftienerd/do-you-agree-with-these-unpopular-book-opinions-e47xhgqlig?origin=web-hf,Do You Actually Agree With These Controversial Book Opinions?,,20200522-1000
https://www.buzzfeed.com/lilianastephens21/make-a-friends-episode-and-ill-tell-you-which-fri-a59ionup2o?origin=web-hf,"Make A ""Friends"" Episode And I'll Tell You Which Character You Are",,20200522-1000
https://www.buzzfeed.com/isabellalouise/this-visual-quiz-will-reveal-which-elemental-bendi-687v2it35g?origin=web-hf,"This Visual Quiz Will Reveal Which ""Avatar: The Last Airbender"" Element You'd Master",,20200522-1000
https://www.buzzfeed.com/samanthawieder/overstocks-memorial-day-blowout-sale-2020?origin=web-hf,All The Best Deals At Overstock's Memorial Day Sale,,20200522-1000
https://www.buzzfeednews.com/article/salvadorhernandez/coronavirus-victim-white-house-butler-wilson-jerman?origin=web-hf,A White House Butler Who Worked For 11 US Presidents Died Of The Coronavirus,,20200522-1000
/watch/video/103666,"Black Family Tries Each Others' Chocolate Chip Cookies
""I'm lactose intolerant, I don't need this!""",,20200522-1000
https://www.buzzfeed.com/kaylaboyd/fathers-day-gifts?origin=web-hf,34 Of The Best Father's Day Gifts To Give This Year,,20200522-1000
https://www.buzzfeed.com/angelicaamartinez/tiktok-vintage-makeup?origin=web-hf,TikTok Taught Me How Wild Vintage Makeup Compacts Were And I Desperately Need Them To Make A Comeback,,20200522-1000
https://www.buzzfeed.com/kirbybeaton/books-recommendations-traveling?origin=web-hf,19 Books To Read During Quarantine To Make You Feel Like You're Traveling,,20200522-1000
https://www.buzzfeed.com/malloryannp/fathers-day-gifts-over-35?origin=web-hf,50 Splurge-Worthy Gifts To Surprise Your Dad With This Father's Day,,20200522-1000
https://www.buzzfeed.com/shelbyheinrich/tiktok-music-festival-viral-heartwarming?origin=web-hf,"These Siblings On TikTok Threw Their Brother His Very Own Music Festival In Quarantine, And It's Officially Gone Viral",,20200522-1000
https://www.buzzfeed.com/christopherhudspeth/photos-of-the-pandemic-world-different?origin=web-hf,19 Photos of Life Today That Would've Blown Your Mind A Year Ago,,20200522-1000
https://www.buzzfeed.com/audreyworboys/disney-movie-region-would-you-rather?origin=web-hf,"You Can Only Save One Disney Movie From Each Of These Regions, The Rest Are Deleted Forever",,20200522-1000
https://www.buzzfeed.com/lyapalater/heres-everything-new-coming-to-netflix-this-week-5-21?origin=web-hf,"Here's Everything New Coming To Netflix This Week, Starting May 21",,20200522-1000
/watch/video/103443,Japanese And Mexican People Swap Board Games,,20200522-1000
https://www.buzzfeed.com/giannaudes/choose-celebrities-a-z-and-ill-tell-you-what-to-d-2r0na9k1lv?origin=web-hf,Choose A Celebrity For Every Letter Of The Alphabet And We'll Give You A New Activity To Try While You're At Home,,20200522-1000
https://www.buzzfeed.com/morganmurrell/serena-williams-daughter-instagram?origin=web-hf,Excuse Me While I Try To Contain My Baby Fever While Watching Serena Williams And Her Daughter,,20200522-1000
https://www.buzzfeed.com/briangalindo/queer-eye-new-season-5-trailer-netflix?origin=web-hf,"The Trailer For Season 5 Of ""Queer Eye"" Just Dropped And I Already Cried Six Times Watching It",,20200522-1000
https://www.buzzfeed.com/nataliebrown/products-youll-probably-use-every-single-day-2020?origin=web-hf,30 Products So Effective You'll Probably Use Them Every Single Day,,20200522-1000
https://www.buzzfeed.com/genevievescarano/fitness-fathers-day-for-athletic-dads?origin=web-hf,30 Father's Day Gifts For The Dad Who Loves To Exercise,,20200522-1000
https://www.buzzfeed.com/sydrobinson1/commonly-misspelled-words-spelling-quiz?origin=web-hf,These Are 15 Of The Most Commonly Misspelled Words — Think You Can Spell Them Right?,,20200522-1000
https://www.buzzfeed.com/shelbyheinrich/high-school-trivia-quiz?origin=web-hf,Half The Population Can't Pass This High School Simulation Without Cheating — Can You?,,20200522-1000
https://www.buzzfeed.com/benhenry/jojo-siwa-candy-themed-bedroom?origin=web-hf,JoJo Siwa Fans Came To Her Defence After A Video Of Her Candy Themed-Bedroom Sparked A Debate About Her Age,,20200522-1000
/watch/video/105671,Black Women Go To Vegas Without Their Hair Done,,20200522-1000
https://www.buzzfeednews.com,BuzzFeed NewsReporting on what you care about. We hold major institutions accountable and expose wrongdoing.,,20200522-1030
https://www.tasty.co,"BuzzFeed TastySearch, watch, and cook every single Tasty recipe and video ever - all in one place!",,20200522-1030
https://www.buzzfeed.com/goodful,"BuzzFeed GoodfulSelf care and ideas to help you live a healthier, happier life.",,20200522-1030
https://www.buzzfeed.com/bringme,"BuzzFeed Bring MeObsessed with travel? Discover unique things to do, places to eat, and sights to see in the best destinations around the world with Bring Me!",,20200522-1030
https://www.buzzfeed.com/asis,"BuzzFeed As IsSomething for everyone interested in hair, makeup, style, and body positivity.",,20200522-1030
https://www.buzzfeednews.com/article/ariannarebolini/best-summer-books-brit-bennett-summer-reading?ref=hpsplash&origin=spl,29 Summer Books You Won’t Be Able To Put Down,,20200522-1030
https://www.buzzfeed.com/jmihaly/home-long-run-benefits?origin=hpp,31 Things For Your Home That Will Pay Off In The Long Run,,20200522-1030
https://www.buzzfeed.com/newsletters?ref=hplego,"WTF Is Happening Today? BuzzFeed Newsletters Can Help!
We have newsletters to help you stay in the loop AND newsletters to help you forget! Try one today!",,20200522-1030
https://www.buzzfeednews.com/article/albertonardelli/trump-g7-coronavirus?origin=web-hf,Trump Wants To Hold The G7 Summit In Person But He Didn’t Ask Other World Leaders About The Idea Before Tweeting It,,20200522-1030
https://www.buzzfeed.com/zipporkella/what-percent-typical-nerd-are-you-c09ywjxe9m?origin=web-hf,"If You Check Off At Least 17/26 Things On This List, Then You're A Total Nerd",,20200522-1030
https://www.buzzfeed.com/andrewziegler/quiz-party?origin=shp,"You Can Now Take BuzzFeed Quizzes In Real Time With Your Friends — You’re Welcome
Let’s get this party started.",,20200522-1030
https://www.buzzfeed.com/jenniferabidor/friends-a-to-z?origin=shp,"This ""Friends"" A–Z Quiz Will Reveal Which Main Character You Are",,20200522-1030
https://www.buzzfeed.com/sarahaspler/taste-in-disney-movies-age-quiz?origin=shp,Can We Accurately Guess Your Age Based On Your Taste In Disney Movies?,,20200522-1030
https://www.buzzfeed.com/andrewziegler/quiz-romantic-type?origin=shp,There Are Actually Only Four Romantic Types And We Can Accurately Guess Yours,,20200522-1030
https://www.buzzfeed.com/sarahaspler/everyone-has-a-fruit-that-matches-their-personalit?origin=shp,Everyone Has A Fruit That Matches Their Personality – Here’s Yours,,20200522-1030
https://www.buzzfeed.com/quizparty,Keep the quiz party going,,20200522-1030
https://www.buzzfeed.com/mikespohr/mindblowing-facts?origin=web-hf,18 Random Facts That Absolutely Blew People's Minds On Twitter,,20200522-1030
https://www.buzzfeed.com/tessafahey/iconic-rom-com-checklist?origin=web-hf,How Many Iconic Rom-Coms Have You Actually Seen?,,20200522-1030
https://www.buzzfeed.com/maitlandquitmeyer/best-memorial-day-sales-deals-2020?origin=hshp,"All The Best Memorial Day Weekend Deals
The savings start now.",,20200522-1030
https://www.buzzfeed.com/kaylasuazo/all-the-best-memorial-day-mattress-sales-2020?origin=hshp,All Of The Best Memorial Day Mattress Sales,,20200522-1030
https://www.buzzfeed.com/emmalord9/best-deals-wayfair-memorial-day-sale?origin=hshp,All The Best Deals At Wayfair's Memorial Day Sale,,20200522-1030
https://www.buzzfeed.com/abbykass/zappos-memorial-day-sale?origin=hshp,You Can Save On *So* Many Popular Shoes During The Zappos Memorial Day Sale,,20200522-1030
https://www.buzzfeed.com/elenamgarcia/dyson-is-having-a-pretty-major-memorial-day-sale-no-better?origin=hshp,Dyson Is Having A Pretty Major Memorial Day Sale — No Better Time Than Now To Get Yourself A New Vacuum,,20200522-1030
https://www.buzzfeed.com/shopping?origin=hshp,See more great product recommendations,,20200522-1030
https://www.buzzfeed.com/noradominick/celeb-iconic-characters-trivia-quiz?origin=web-hf,These Iconic TV And Movie Characters Were Played By The Same Actor — Can You Tell Them Apart?,,20200522-1030
/watch/video/102294,"We Didn't Use Toilet Paper For A Week 
Auri gets Steve to try reusable toilet paper, will he like it?",,20200522-1030
https://www.buzzfeed.com/tatianatenreyrowhitlock/lady-gaga-and-ariana-grande-song?origin=web-hf,"Lady Gaga And Ariana Grande Just Made The Weekend More Exciting By Dropping Their Song ""Rain On Me""",,20200522-1030
https://www.buzzfeednews.com/article/davidmack/coronavirus-trump-test-positive-negative-answer-video?origin=shp,"Positive News! Trump Says He Tested Positively, Which Means Negative, For The Coronavirus.
“But that’s a way of saying it: positively toward the negative.”",,20200522-1030
https://www.buzzfeednews.com/article/janelytvynenko/coronavirus-spin-doctors?origin=shp,These Are The Fake Experts Pushing Pseudoscience And Conspiracy Theories About The Coronavirus Pandemic,,20200522-1030
https://www.buzzfeednews.com/article/clarissajanlim/doctor-congressional-hearing-coronavirus-second-wave-ppe?origin=shp,"A Doctor Told Lawmakers The Country Is Not ""Prepared For A Second Wave"" Of The Coronavirus",,20200522-1030
https://www.buzzfeednews.com/article/meghara/qatar-coronavirus-tracking-app-mandatory?origin=shp,Qatar Has Made Its Coronavirus Contact Tracing App Mandatory,,20200522-1030
https://www.buzzfeednews.com/article/lamvo/coronavirus-update-charts-unemployment-claims-laid-off-jobs?origin=shp,These Updating Charts Show The Record Number Of Americans Filing Unemployment Claims,,20200522-1030
https://bzfd.it/noc-show,The daily News O'Clock podcast is here.,,20200522-1030
https://www.buzzfeed.com/tatianatenreyrowhitlock/funniest-tweets-lana-del-rey-instagram-post-drama?origin=web-hf,15 Funny Tweets About The Lana Del Rey Instagram Post Drama,,20200522-1030
https://www.buzzfeed.com/jenniferabidor/jokes-about-disney-villains?origin=web-hf,21 Times The Internet Roasted The Disney Villains,,20200522-1030
https://www.buzzfeed.com/yiyang/futuristic-products-thatll-probably-make-you-feel-like?origin=web-hf,35 Futuristic Products That’ll Probably Make You Feel Like You’re Living In 3020,,20200522-1030
https://www.buzzfeed.com/huynht2510/can-we-guess-your-most-recent-emoji-by-this-quiz-eqcv8mgpxb?origin=web-hf,Build A House And We'll Accurately Guess Your Most Recently Used Emoji,,20200522-1030
https://www.buzzfeed.com/tatianatenreyrowhitlock/lana-del-rey-responds-to-backlash-over-instagram-post?origin=web-hf,"Lana Del Rey Responded To The Backlash Toward Her Instagram Post, Saying She's Sad People Made It A ""WOC Issue""",,20200522-1030
https://www.buzzfeed.com/victoriavouloumanos/stars-who-are-mixed-asian-pacific-islander?origin=shp,"34 Multiracial Celebs Who Are Actually Asian Or Pacific Islander
Relatable and inspirational icons, all of ‘em.",,20200522-1030
https://www.buzzfeed.com/nusrat21/a-guide-for-people-new-to-bollywood?origin=shp,30 Bollywood Films That Everyone Absolutely Must See,,20200522-1030
https://www.buzzfeed.com/michellemkim/asian-male-celebs-thirst?origin=shp,21 Asian Male Celebs That Have Us Feeling Oh So Very Thirsty,,20200522-1030
https://www.buzzfeed.com/michellemkim/which-anime-best-boy-are-you?origin=shp,Quiz: Which Anime Best Boy Are You?,,20200522-1030
https://www.buzzfeed.com/badge/apahm2020,See all of our APAHM coverage here,,20200522-1030
/watch/video/99501,"Boricua From The Island vs The Mainland 
Love one another, Puerto Ricans from around the world!",,20200522-1030
https://www.buzzfeed.com/farrahpenn/finals-week-zoom-university-fails?origin=web-hf,18 Times The Students Of Zoom University Really Struggled Through Finals Week,,20200522-1030
https://www.buzzfeed.com/kebornholtz/lets-wfh-together-with-our-quarantine-today-new-5xqeak1tzg,"Let's WFH Together With Our ""Quarantine Today"" Newsletter",,20200522-1030
https://www.buzzfeednews.com/article/laurenstrapagiel/influencers-say-instagram-is-more-likely-to-remove-photos?origin=web-hf,"Influencers Say Instagram Is Biased Against Plus-Size Bodies, And They May Be Right",,20200522-1030
https://www.buzzfeed.com/mjs538/early-2000s-pictures-for-millennials?origin=web-hf,33 Pictures That Millennials Will Have To Explain To Generation Alpha Someday,,20200522-1030
https://www.buzzfeed.com/morganmurrell/drake-called-kylie-jenner-side-piece-apology?origin=web-hf,"Drake Name-Dropped Kylie Jenner, Kendall Jenner, And Gigi Hadid In A Song, Then Issued An Apology Statement",,20200522-1030
https://www.buzzfeed.com/christopherhudspeth/oh-come-on-facepalm-that-sucks-things?origin=web-hf,15 Facepalm-Worthy Things Humans Recently Did During This Pandemic That Make Me Hope Aliens Aren't Watching,,20200522-1030
https://www.buzzfeed.com/briangalindo/21-tbt-photos-celebs-posted-on-instagram-may-21?origin=web-hf,Here's What Chrissy Teigen And 20 Other Celebrities Shared This Week For #TBT,,20200522-1030
https://www.buzzfeed.com/melanie_aman/what-is-the-best-place-to-buy-bras-if-you-have-small-boobs,What's The Best Place To Buy Bras If You Have Small Boobs?,,20200522-1030
/watch/video/105540,"Camp Counselor Horror Stories
In honor of summer former camp counselors share their craziest, weirdest and funniest experiences from camp.",,20200522-1030
https://www.buzzfeednews.com/article/skbaer/ahmaud-arbery-death-william-bryan-arrest?origin=web-hf,The Man Who Recorded Video Of Ahmaud Arbery Being Shot Has Been Arrested On A Murder Charge,,20200522-1030
https://www.buzzfeed.com/tatianatenreyrowhitlock/michael-cera-aubrey-plaza-chuck-e-cheese-pic?origin=web-hf,Michael Cera And Aubrey Plaza's Chuck E. Cheese Photo Is Legendary And Now We Have The Whole Story,,20200522-1030
https://www.buzzfeed.com/briangalindo/chris-pratt-accidentally-deleted-over-35000-unread-emails?origin=web-hf,"Chris Pratt Accidentally Deleted More Than 35,000 Unread Emails After His Son Gasped At His Full Inbox",,20200522-1030
https://www.buzzfeed.com/sydrobinson1/before-and-after-pets-being-adopted-quarantine?origin=web-hf,21 Before-And-After Pictures Of Pets Who Were Adopted During Quarantine,,20200522-1030
https://www.buzzfeed.com/daves4/everyone-hates-but-does?origin=web-hf,27 Things Everyone On Earth Hates That They Do But Does Anyway,,20200522-1030
https://www.buzzfeed.com/hannahmarder/teen-drama-characters-that-did-not-need-to-die?origin=web-hf,20 Of The Most Tragically Unnecessary Deaths From Teen Dramas,,20200522-1030
https://www.buzzfeed.com/tessafahey/identify-avatar-the-last-airbender-characters-quiz?origin=web-hf,"If You Can Identify 30/36 Of These ""Avatar: The Last Airbender"" Characters, You're A Master Bender",,20200522-1030
https://www.buzzfeed.com/rosethecorgi/choose-some-food-and-revile-your-soulmates-name-7gjir6fim?origin=web-hf,"If You Really Wanna Know The First Letter Of Your Soulmate's Name, Eat Some Food And We'll Tell You",,20200522-1030
/watch/video/105310,"Loren Gray Reads Her Instagram DMs
Loren Gray bravely sits down to do a deep dive into her Instagram DM requests, which include supportive fans, the obligatory haters, and even some marriage proposals from complete strangers. Check out Loren’s new single “Cake” now: https://www.youtube.com/watch?v=klwWrurkjgc",,20200522-1030
https://www.buzzfeed.com/clareaston/my-bibliotherapy-prescription?origin=web-hf,"You Can Now Be ""Prescribed"" Books For Your Mental Health And These Six Were Meant To Help Me",,20200522-1030
https://www.buzzfeed.com/isabellalouise/can-you-sort-these-hogwarts-students-in-their-righ-klzvv4gs4?origin=web-hf,Only A Hogwarts Genius Can Match The Student To The House They Were Sorted Into,,20200522-1030
https://www.buzzfeed.com/ehisosifo1/harry-potter-letter-p-trivia-quiz?origin=web-hf,"This ""Harry Potter"" Quiz Will Separate The Wizards From The Muggles And It All Depends On The Letter P",,20200522-1030
https://www.buzzfeed.com/mjs538/rose-on-90-day-fiance-and-big-ed?origin=web-hf,We Need To Stop Talking About Big Ed And Start Talking About Rose,,20200522-1030
https://www.buzzfeed.com/fallon2/what-hunger-games-characters-belong-in-these-hogwa-ckb6eid9yq?origin=web-hf,"Would You Sort These Characters From ""The Hunger Games"" Into The Same Hogwarts Houses As Everyone Else?",,20200522-1030
https://www.buzzfeed.com/ehisosifo1/drastic-americas-next-top-model-makeovers?origin=web-hf,"23 ""ANTM"" Makeovers That Tyra Banks Actually Assigned To Contestants",,20200522-1030
https://www.buzzfeed.com/alliehayes/books-so-good-you-cannot-put-them-down-flipped?origin=web-hf,"21 Books That Are So Good, People Literally Could Not Put Them Down",,20200522-1030
https://www.buzzfeed.com/christopherhudspeth/people-believed-there-was-evidence-of-a-parallel-universe?origin=web-hf,"17 Of The Funniest Tweets About The Discovery Of ""Evidence"" That A Parallel Universe Exists",,20200522-1030
/watch/video/105538,Can These Exes Be Friends?,,20200522-1030
https://www.buzzfeed.com/avaerickson04/which-disney-prince-do-you-belong-with-1mtuff45b1?origin=web-hf,Which Disney Prince Is Your Soulmate?,,20200522-1030
https://www.buzzfeed.com/stephenlaconte/lana-del-rey-controversy-beyonce-ariana-grande-cardi-b?origin=web-hf,"Lana Del Rey Seemed To Drag Artists Like Beyoncé, Cardi B, And Ariana Grande In A Statement On Instagram, And People Are Pissed",,20200522-1030
https://www.buzzfeednews.com/article/michaelblackmon/lana-del-rey-instagram-post-race?origin=web-hf,This Is Why People Are Mad At Lana Del Rey,,20200522-1030
https://www.buzzfeed.com/stephenlaconte/oprah-winfrey-big-cabbage-instagram?origin=web-hf,"Oprah Grew A Cabbage So Big She Could Barely Carry It, And You Really Need To See It To Believe It's Real",,20200522-1030
https://www.buzzfeed.com/kristatorres/little-bugs-live-in-strawberries-so-you-should-al?origin=web-hf,"If You Wash Berries In Salt Water, Little Bugs Will Start To Crawl Out",,20200522-1030
https://www.buzzfeed.com/juliawilling/for-everyone-in-love-with-boxer?origin=web-hf,"Boxer From ""White Lines"" Is Pure Sexual Dynamo And These 23 Tweets Prove It",,20200522-1030
https://www.buzzfeed.com/daniellaemanuel/water-popsicles-tiktok?origin=web-hf,"A Mom On TikTok Makes ""Water Popsicles"" For Her Kids And I'm Cracking Up",,20200522-1030
https://www.buzzfeed.com/katdo0907/the-office-and-friends-polls-1v8n4ssmtp?origin=web-hf,"These Polls Are For Fans Of ""Friends"" And ""The Office"" Only",,20200522-1030
/watch/video/102332,"I Followed Bretman Rock's Oldest And Newest Makeup Tutorial
""This could either be a revelation or a giant mistake.""",,20200522-1030
https://www.buzzfeed.com/anoushkagadhwal/the-ultimate-harry-potter-and-the-sorcereras-sto-cn37ve6nwu?origin=web-hf,"I Bet You Can't Score 10/13 On This ""Harry Potter And The Sorcerer’s Stone"" Book Quiz",,20200522-1030
https://www.buzzfeed.com/ryanschocket2/people-are-sharing-the-worst-coworker-theyve-worked-with?origin=web-hf,"People Are Sharing The Worst Coworker They've Worked With And Wow, Just Wow",,20200522-1030
https://www.buzzfeed.com/marielasummerhays01/therapy-is-for-men?origin=web-hf,These 7 Men Will Convince You Therapy Is For Everyone,,20200522-1030
https://www.buzzfeed.com/victoriagasparowicz/dark-moments-from-kids-movies-that-are-probably-still?origin=web-hf,22 Unexpectedly Dark Kids Movie Moments That People Wish They Could Forget,,20200522-1030
https://www.buzzfeed.com/chilifritos1234/plan-a-wedding-a-well-tell-which-the-office-char-cvj3ackoya?origin=web-hf,"Design Your Dream Wedding And We'll Tell You Which Character From ""The Office"" You Belong With",,20200522-1030
https://www.buzzfeed.com/farrahpenn/new-ya-books-spring-2020?origin=web-hf,Here Are The 15 Young Adult Books We're Loving This Spring,,20200522-1030
https://www.buzzfeed.com/lyapalater/the-bar-is-so-low-that-im-emotion-because-adam-sa?origin=web-hf,The Bar Is So Low That I'm Emo Over Adam Sandler Buying Tampons For The Women In His Life,,20200522-1030
https://www.buzzfeed.com/mjs538/a-news-clip-from-go-topless-jeep-weekend-is-going-viral?origin=web-hf,"A Video From ""Go Topless Jeep Weekend"" Is Going Viral Because ""Not Even SNL Could Write Something This Ridiculous""",,20200522-1030
/watch/video/105809,"The ""Outer Banks"" Cast Answers Your Burning Questions
Your favorite Pogues return as the cast of the hit Netflix series “Outer Banks” (Chase Stokes, Madelyn Cline, Madison Bailey, Rudy Pankow, and Jonathan Daviss) all sit down to answer your burning questions, from how their lives have changed since the show’s debut, to what they think will happen in season two, all the way to which major roles they’ve auditioned for in the past but didn’t get…which leads to one cast member revealing that he very nearly spent some time in a galaxy far, far away.",,20200522-1030
https://www.buzzfeed.com/buzzfeedoznews/bye-buzzfeed-oz-news?origin=web-hf,This Is BuzzFeed News Australia’s Last Day. Here Are 37 Of Our Favourite Stories.,,20200522-1030
https://www.buzzfeed.com/jasminsuknanan/useful-beauty-products-on-sale?origin=web-hf,23 Useful Beauty Products You'll Probably Be Very Glad You Got On Sale,,20200522-1030
https://www.buzzfeed.com/hbraga/sephora-memorial-day-sale?origin=web-hf,Sephora Has Tons Of Products On Sale For Up To 50% Off Right Now,,20200522-1030
https://www.buzzfeed.com/hannahryan/refugees-phones-australia-whatsapp-interview?origin=web-hf,I Made A Group Chat With Refugees To Ask Them About Australia Wanting To Take Their Phones,,20200522-1030
https://www.buzzfeednews.com/article/tanyachen/a-man-is-being-trolled-for-making-a-leather-face-mask?origin=web-hf,This Guy Is Being Trolled After He Shared His Design For A Cool-Looking Leather Face Mask,,20200522-1030
https://www.buzzfeed.com/jmihaly/fathers-day-gifts-dads-wont-pretend?origin=web-hf,31 Father’s Day Gifts That Dads Won’t Have To Pretend To Like,,20200522-1030
https://www.buzzfeednews.com/article/rubycramer/joe-biden-tara-reade-allegations-senate-2020?origin=web-hf,Tara Reade Stood Apart In Joe Biden's 1990s Senate Staff,,20200522-1030
https://www.buzzfeed.com/lakenbrooks222/we-know-your-soulmates-initials-based-on-the-shak-3thj8kp21b?origin=web-hf,We Know Your Soulmate's Initials Based On The Shakespearean Insults You Use To Describe Your Ex,,20200522-1030
/watch/video/103610,Gadiel Gets Financial Tips For Surviving This Pandemic,,20200522-1030
https://www.buzzfeed.com/eleanorbate/gigi-hadid-pregnant-during-fashion-week?origin=web-hf,"Gigi Hadid Opened Up About Being ""A Few Months"" Pregnant During Fashion Week And How Her Body Has Changed",,20200522-1030
https://www.buzzfeed.com/yiyang/target-memorial-day-sale?origin=web-hf,All The Best Memorial Day Deals At Target,,20200522-1030
https://www.buzzfeed.com/kristatorres/jason-derulos-tried-to-eat-corn-off-a-power-drill?origin=web-hf,Jason Derulo Tried To Eat Corn Off A Power Drill And Things Did Not Go Well,,20200522-1030
https://www.buzzfeed.com/whitneyjefferson/joaquin-phoenix-and-rooney-mara-baby-tweets?origin=web-hf,18 Perfect Tweets About Joaquin Phoenix And Rooney Mara Having A Baby,,20200522-1030
https://www.buzzfeed.com/racheldunkel/sur-la-table-summer-sale?origin=web-hf,"Sur La Table's Having A Huge Summer Sale, So It's Time To Invest In Some Quality Kitchen Tools",,20200522-1030
https://www.buzzfeed.com/swiftienerd/do-you-agree-with-these-unpopular-book-opinions-e47xhgqlig?origin=web-hf,Do You Actually Agree With These Controversial Book Opinions?,,20200522-1030
https://www.buzzfeed.com/lilianastephens21/make-a-friends-episode-and-ill-tell-you-which-fri-a59ionup2o?origin=web-hf,"Make A ""Friends"" Episode And I'll Tell You Which Character You Are",,20200522-1030
https://www.buzzfeed.com/isabellalouise/this-visual-quiz-will-reveal-which-elemental-bendi-687v2it35g?origin=web-hf,"This Visual Quiz Will Reveal Which ""Avatar: The Last Airbender"" Element You'd Master",,20200522-1030
/watch/video/103666,"Black Family Tries Each Others' Chocolate Chip Cookies
""I'm lactose intolerant, I don't need this!""",,20200522-1030
https://www.buzzfeed.com/samanthawieder/overstocks-memorial-day-blowout-sale-2020?origin=web-hf,All The Best Deals At Overstock's Memorial Day Sale,,20200522-1030
https://www.buzzfeednews.com/article/salvadorhernandez/coronavirus-victim-white-house-butler-wilson-jerman?origin=web-hf,A White House Butler Who Worked For 11 US Presidents Died Of The Coronavirus,,20200522-1030
https://www.buzzfeed.com/kaylaboyd/fathers-day-gifts?origin=web-hf,34 Of The Best Father's Day Gifts To Give This Year,,20200522-1030
https://www.buzzfeed.com/angelicaamartinez/tiktok-vintage-makeup?origin=web-hf,TikTok Taught Me How Wild Vintage Makeup Compacts Were And I Desperately Need Them To Make A Comeback,,20200522-1030
https://www.buzzfeed.com/kirbybeaton/books-recommendations-traveling?origin=web-hf,19 Books To Read During Quarantine To Make You Feel Like You're Traveling,,20200522-1030
https://www.buzzfeed.com/malloryannp/fathers-day-gifts-over-35?origin=web-hf,50 Splurge-Worthy Gifts To Surprise Your Dad With This Father's Day,,20200522-1030
https://www.buzzfeed.com/shelbyheinrich/tiktok-music-festival-viral-heartwarming?origin=web-hf,"These Siblings On TikTok Threw Their Brother His Very Own Music Festival In Quarantine, And It's Officially Gone Viral",,20200522-1030
https://www.buzzfeed.com/christopherhudspeth/photos-of-the-pandemic-world-different?origin=web-hf,19 Photos of Life Today That Would've Blown Your Mind A Year Ago,,20200522-1030
/watch/video/103443,Japanese And Mexican People Swap Board Games,,20200522-1030
https://www.buzzfeed.com/audreyworboys/disney-movie-region-would-you-rather?origin=web-hf,"You Can Only Save One Disney Movie From Each Of These Regions, The Rest Are Deleted Forever",,20200522-1030
https://www.buzzfeed.com/lyapalater/heres-everything-new-coming-to-netflix-this-week-5-21?origin=web-hf,"Here's Everything New Coming To Netflix This Week, Starting May 21",,20200522-1030
https://www.buzzfeed.com/giannaudes/choose-celebrities-a-z-and-ill-tell-you-what-to-d-2r0na9k1lv?origin=web-hf,Choose A Celebrity For Every Letter Of The Alphabet And We'll Give You A New Activity To Try While You're At Home,,20200522-1030
https://www.buzzfeed.com/nataliebrown/products-youll-probably-use-every-single-day-2020?origin=web-hf,30 Products So Effective You'll Probably Use Them Every Single Day,,20200522-1030
https://www.buzzfeed.com/morganmurrell/serena-williams-daughter-instagram?origin=web-hf,Excuse Me While I Try To Contain My Baby Fever While Watching Serena Williams And Her Daughter,,20200522-1030
https://www.buzzfeed.com/briangalindo/queer-eye-new-season-5-trailer-netflix?origin=web-hf,"The Trailer For Season 5 Of ""Queer Eye"" Just Dropped And I Already Cried Six Times Watching It",,20200522-1030
https://www.buzzfeed.com/genevievescarano/fitness-fathers-day-for-athletic-dads?origin=web-hf,30 Father's Day Gifts For The Dad Who Loves To Exercise,,20200522-1030
https://www.buzzfeed.com/sydrobinson1/commonly-misspelled-words-spelling-quiz?origin=web-hf,These Are 15 Of The Most Commonly Misspelled Words — Think You Can Spell Them Right?,,20200522-1030
/watch/video/105671,Black Women Go To Vegas Without Their Hair Done,,20200522-1030
https://www.buzzfeednews.com,BuzzFeed NewsReporting on what you care about. We hold major institutions accountable and expose wrongdoing.,,20200522-1100
https://www.tasty.co,"BuzzFeed TastySearch, watch, and cook every single Tasty recipe and video ever - all in one place!",,20200522-1100
https://www.buzzfeed.com/goodful,"BuzzFeed GoodfulSelf care and ideas to help you live a healthier, happier life.",,20200522-1100
https://www.buzzfeed.com/bringme,"BuzzFeed Bring MeObsessed with travel? Discover unique things to do, places to eat, and sights to see in the best destinations around the world with Bring Me!",,20200522-1100
https://www.buzzfeed.com/asis,"BuzzFeed As IsSomething for everyone interested in hair, makeup, style, and body positivity.",,20200522-1100
https://www.buzzfeednews.com/article/ariannarebolini/best-summer-books-brit-bennett-summer-reading?ref=hpsplash&origin=spl,29 Summer Books You Won’t Be Able To Put Down,,20200522-1100
https://www.buzzfeed.com/jmihaly/home-long-run-benefits?origin=hpp,31 Things For Your Home That Will Pay Off In The Long Run,,20200522-1100
https://www.buzzfeed.com/newsletters?ref=hplego,"WTF Is Happening Today? BuzzFeed Newsletters Can Help!
We have newsletters to help you stay in the loop AND newsletters to help you forget! Try one today!",,20200522-1100
https://www.buzzfeed.com/benhenry/demi-lovato-boyfriend-max-ehrich-old-tweet?origin=web-hf,Demi Lovato Shared A Tweet Her Boyfriend Posted In 2011 Asking To Date Her So I Guess This Whole ~Manifestation~ Thing Works After All,,20200522-1100
https://www.buzzfeednews.com/article/albertonardelli/trump-g7-coronavirus?origin=web-hf,Trump Wants To Hold The G7 Summit In Person But He Didn’t Ask Other World Leaders About The Idea Before Tweeting It,,20200522-1100
https://www.buzzfeed.com/andrewziegler/quiz-party?origin=shp,"You Can Now Take BuzzFeed Quizzes In Real Time With Your Friends — You’re Welcome
Let’s get this party started.",,20200522-1100
https://www.buzzfeed.com/jenniferabidor/friends-a-to-z?origin=shp,"This ""Friends"" A–Z Quiz Will Reveal Which Main Character You Are",,20200522-1100
https://www.buzzfeed.com/sarahaspler/taste-in-disney-movies-age-quiz?origin=shp,Can We Accurately Guess Your Age Based On Your Taste In Disney Movies?,,20200522-1100
https://www.buzzfeed.com/andrewziegler/quiz-romantic-type?origin=shp,There Are Actually Only Four Romantic Types And We Can Accurately Guess Yours,,20200522-1100
https://www.buzzfeed.com/sarahaspler/everyone-has-a-fruit-that-matches-their-personalit?origin=shp,Everyone Has A Fruit That Matches Their Personality – Here’s Yours,,20200522-1100
https://www.buzzfeed.com/quizparty,Keep the quiz party going,,20200522-1100
https://www.buzzfeed.com/zipporkella/what-percent-typical-nerd-are-you-c09ywjxe9m?origin=web-hf,"If You Check Off At Least 17/26 Things On This List, Then You're A Total Nerd",,20200522-1100
https://www.buzzfeed.com/mikespohr/mindblowing-facts?origin=web-hf,18 Random Facts That Absolutely Blew People's Minds On Twitter,,20200522-1100
https://www.buzzfeed.com/maitlandquitmeyer/best-memorial-day-sales-deals-2020?origin=hshp,"All The Best Memorial Day Weekend Deals
The savings start now.",,20200522-1100
https://www.buzzfeed.com/kaylasuazo/all-the-best-memorial-day-mattress-sales-2020?origin=hshp,All Of The Best Memorial Day Mattress Sales,,20200522-1100
https://www.buzzfeed.com/emmalord9/best-deals-wayfair-memorial-day-sale?origin=hshp,All The Best Deals At Wayfair's Memorial Day Sale,,20200522-1100
https://www.buzzfeed.com/abbykass/zappos-memorial-day-sale?origin=hshp,You Can Save On *So* Many Popular Shoes During The Zappos Memorial Day Sale,,20200522-1100
https://www.buzzfeed.com/elenamgarcia/dyson-is-having-a-pretty-major-memorial-day-sale-no-better?origin=hshp,Dyson Is Having A Pretty Major Memorial Day Sale — No Better Time Than Now To Get Yourself A New Vacuum,,20200522-1100
https://www.buzzfeed.com/shopping?origin=hshp,See more great product recommendations,,20200522-1100
https://www.buzzfeed.com/tessafahey/iconic-rom-com-checklist?origin=web-hf,How Many Iconic Rom-Coms Have You Actually Seen?,,20200522-1100
/watch/video/102294,"We Didn't Use Toilet Paper For A Week 
Auri gets Steve to try reusable toilet paper, will he like it?",,20200522-1100
https://www.buzzfeed.com/noradominick/celeb-iconic-characters-trivia-quiz?origin=web-hf,These Iconic TV And Movie Characters Were Played By The Same Actor — Can You Tell Them Apart?,,20200522-1100
https://www.buzzfeednews.com/article/davidmack/coronavirus-trump-test-positive-negative-answer-video?origin=shp,"Positive News! Trump Says He Tested Positively, Which Means Negative, For The Coronavirus.
“But that’s a way of saying it: positively toward the negative.”",,20200522-1100
https://www.buzzfeednews.com/article/janelytvynenko/coronavirus-spin-doctors?origin=shp,These Are The Fake Experts Pushing Pseudoscience And Conspiracy Theories About The Coronavirus Pandemic,,20200522-1100
https://www.buzzfeednews.com/article/clarissajanlim/doctor-congressional-hearing-coronavirus-second-wave-ppe?origin=shp,"A Doctor Told Lawmakers The Country Is Not ""Prepared For A Second Wave"" Of The Coronavirus",,20200522-1100
https://www.buzzfeednews.com/article/meghara/qatar-coronavirus-tracking-app-mandatory?origin=shp,Qatar Has Made Its Coronavirus Contact Tracing App Mandatory,,20200522-1100
https://www.buzzfeednews.com/article/lamvo/coronavirus-update-charts-unemployment-claims-laid-off-jobs?origin=shp,These Updating Charts Show The Record Number Of Americans Filing Unemployment Claims,,20200522-1100
https://bzfd.it/noc-show,The daily News O'Clock podcast is here.,,20200522-1100
https://www.buzzfeed.com/tatianatenreyrowhitlock/lady-gaga-and-ariana-grande-song?origin=web-hf,"Lady Gaga And Ariana Grande Just Made The Weekend More Exciting By Dropping Their Song ""Rain On Me""",,20200522-1100
https://www.buzzfeed.com/tatianatenreyrowhitlock/funniest-tweets-lana-del-rey-instagram-post-drama?origin=web-hf,15 Funny Tweets About The Lana Del Rey Instagram Post Drama,,20200522-1100
https://www.buzzfeed.com/jenniferabidor/jokes-about-disney-villains?origin=web-hf,21 Times The Internet Roasted The Disney Villains,,20200522-1100
https://www.buzzfeed.com/huynht2510/can-we-guess-your-most-recent-emoji-by-this-quiz-eqcv8mgpxb?origin=web-hf,Build A House And We'll Accurately Guess Your Most Recently Used Emoji,,20200522-1100
https://www.buzzfeed.com/tatianatenreyrowhitlock/lana-del-rey-responds-to-backlash-over-instagram-post?origin=web-hf,"Lana Del Rey Responded To The Backlash Toward Her Instagram Post, Saying She's Sad People Made It A ""WOC Issue""",,20200522-1100
https://www.buzzfeed.com/victoriavouloumanos/stars-who-are-mixed-asian-pacific-islander?origin=shp,"34 Multiracial Celebs Who Are Actually Asian Or Pacific Islander
Relatable and inspirational icons, all of ‘em.",,20200522-1100
https://www.buzzfeed.com/nusrat21/a-guide-for-people-new-to-bollywood?origin=shp,30 Bollywood Films That Everyone Absolutely Must See,,20200522-1100
https://www.buzzfeed.com/michellemkim/asian-male-celebs-thirst?origin=shp,21 Asian Male Celebs That Have Us Feeling Oh So Very Thirsty,,20200522-1100
https://www.buzzfeed.com/michellemkim/which-anime-best-boy-are-you?origin=shp,Quiz: Which Anime Best Boy Are You?,,20200522-1100
https://www.buzzfeed.com/badge/apahm2020,See all of our APAHM coverage here,,20200522-1100
/watch/video/99501,"Boricua From The Island vs The Mainland 
Love one another, Puerto Ricans from around the world!",,20200522-1100
https://www.buzzfeed.com/yiyang/futuristic-products-thatll-probably-make-you-feel-like?origin=web-hf,35 Futuristic Products That’ll Probably Make You Feel Like You’re Living In 3020,,20200522-1100
https://www.buzzfeed.com/buzzfeedresearch/civicscience-main3-buzz,Let Your Voice Be Heard. Tell Us Your Opinions!,,20200522-1100
https://www.buzzfeed.com/farrahpenn/finals-week-zoom-university-fails?origin=web-hf,18 Times The Students Of Zoom University Really Struggled Through Finals Week,,20200522-1100
https://www.buzzfeednews.com/article/laurenstrapagiel/influencers-say-instagram-is-more-likely-to-remove-photos?origin=web-hf,"Influencers Say Instagram Is Biased Against Plus-Size Bodies, And They May Be Right",,20200522-1100
https://www.buzzfeed.com/mjs538/early-2000s-pictures-for-millennials?origin=web-hf,33 Pictures That Millennials Will Have To Explain To Generation Alpha Someday,,20200522-1100
https://www.buzzfeed.com/morganmurrell/drake-called-kylie-jenner-side-piece-apology?origin=web-hf,"Drake Name-Dropped Kylie Jenner, Kendall Jenner, And Gigi Hadid In A Song, Then Issued An Apology Statement",,20200522-1100
https://www.buzzfeed.com/christopherhudspeth/oh-come-on-facepalm-that-sucks-things?origin=web-hf,15 Facepalm-Worthy Things Humans Recently Did During This Pandemic That Make Me Hope Aliens Aren't Watching,,20200522-1100
https://www.buzzfeed.com/melanie_aman/what-is-the-best-place-to-buy-bras-if-you-have-small-boobs,What's The Best Place To Buy Bras If You Have Small Boobs?,,20200522-1100
/watch/video/105540,"Camp Counselor Horror Stories
In honor of summer former camp counselors share their craziest, weirdest and funniest experiences from camp.",,20200522-1100
https://www.buzzfeed.com/briangalindo/21-tbt-photos-celebs-posted-on-instagram-may-21?origin=web-hf,Here's What Chrissy Teigen And 20 Other Celebrities Shared This Week For #TBT,,20200522-1100
https://www.buzzfeednews.com/article/skbaer/ahmaud-arbery-death-william-bryan-arrest?origin=web-hf,The Man Who Recorded Video Of Ahmaud Arbery Being Shot Has Been Arrested On A Murder Charge,,20200522-1100
https://www.buzzfeed.com/tatianatenreyrowhitlock/michael-cera-aubrey-plaza-chuck-e-cheese-pic?origin=web-hf,Michael Cera And Aubrey Plaza's Chuck E. Cheese Photo Is Legendary And Now We Have The Whole Story,,20200522-1100
https://www.buzzfeed.com/briangalindo/chris-pratt-accidentally-deleted-over-35000-unread-emails?origin=web-hf,"Chris Pratt Accidentally Deleted More Than 35,000 Unread Emails After His Son Gasped At His Full Inbox",,20200522-1100
https://www.buzzfeed.com/sydrobinson1/before-and-after-pets-being-adopted-quarantine?origin=web-hf,21 Before-And-After Pictures Of Pets Who Were Adopted During Quarantine,,20200522-1100
https://www.buzzfeed.com/daves4/everyone-hates-but-does?origin=web-hf,27 Things Everyone On Earth Hates That They Do But Does Anyway,,20200522-1100
https://www.buzzfeed.com/hannahmarder/teen-drama-characters-that-did-not-need-to-die?origin=web-hf,20 Of The Most Tragically Unnecessary Deaths From Teen Dramas,,20200522-1100
https://www.buzzfeed.com/tessafahey/identify-avatar-the-last-airbender-characters-quiz?origin=web-hf,"If You Can Identify 30/36 Of These ""Avatar: The Last Airbender"" Characters, You're A Master Bender",,20200522-1100
/watch/video/105310,"Loren Gray Reads Her Instagram DMs
Loren Gray bravely sits down to do a deep dive into her Instagram DM requests, which include supportive fans, the obligatory haters, and even some marriage proposals from complete strangers. Check out Loren’s new single “Cake” now: https://www.youtube.com/watch?v=klwWrurkjgc",,20200522-1100
https://www.buzzfeed.com/rosethecorgi/choose-some-food-and-revile-your-soulmates-name-7gjir6fim?origin=web-hf,"If You Really Wanna Know The First Letter Of Your Soulmate's Name, Eat Some Food And We'll Tell You",,20200522-1100
https://www.buzzfeed.com/clareaston/my-bibliotherapy-prescription?origin=web-hf,"You Can Now Be ""Prescribed"" Books For Your Mental Health And These Six Were Meant To Help Me",,20200522-1100
https://www.buzzfeed.com/ehisosifo1/harry-potter-letter-p-trivia-quiz?origin=web-hf,"This ""Harry Potter"" Quiz Will Separate The Wizards From The Muggles And It All Depends On The Letter P",,20200522-1100
https://www.buzzfeed.com/isabellalouise/can-you-sort-these-hogwarts-students-in-their-righ-klzvv4gs4?origin=web-hf,Only A Hogwarts Genius Can Match The Student To The House They Were Sorted Into,,20200522-1100
https://www.buzzfeed.com/mjs538/rose-on-90-day-fiance-and-big-ed?origin=web-hf,We Need To Stop Talking About Big Ed And Start Talking About Rose,,20200522-1100
https://www.buzzfeed.com/fallon2/what-hunger-games-characters-belong-in-these-hogwa-ckb6eid9yq?origin=web-hf,"Would You Sort These Characters From ""The Hunger Games"" Into The Same Hogwarts Houses As Everyone Else?",,20200522-1100
https://www.buzzfeed.com/ehisosifo1/drastic-americas-next-top-model-makeovers?origin=web-hf,"23 ""ANTM"" Makeovers That Tyra Banks Actually Assigned To Contestants",,20200522-1100
https://www.buzzfeed.com/alliehayes/books-so-good-you-cannot-put-them-down-flipped?origin=web-hf,"21 Books That Are So Good, People Literally Could Not Put Them Down",,20200522-1100
/watch/video/105538,Can These Exes Be Friends?,,20200522-1100
https://www.buzzfeed.com/christopherhudspeth/people-believed-there-was-evidence-of-a-parallel-universe?origin=web-hf,"17 Of The Funniest Tweets About The Discovery Of ""Evidence"" That A Parallel Universe Exists",,20200522-1100
https://www.buzzfeed.com/avaerickson04/which-disney-prince-do-you-belong-with-1mtuff45b1?origin=web-hf,Which Disney Prince Is Your Soulmate?,,20200522-1100
https://www.buzzfeed.com/stephenlaconte/lana-del-rey-controversy-beyonce-ariana-grande-cardi-b?origin=web-hf,"Lana Del Rey Seemed To Drag Artists Like Beyoncé, Cardi B, And Ariana Grande In A Statement On Instagram, And People Are Pissed",,20200522-1100
https://www.buzzfeed.com/stephenlaconte/oprah-winfrey-big-cabbage-instagram?origin=web-hf,"Oprah Grew A Cabbage So Big She Could Barely Carry It, And You Really Need To See It To Believe It's Real",,20200522-1100
https://www.buzzfeednews.com/article/michaelblackmon/lana-del-rey-instagram-post-race?origin=web-hf,This Is Why People Are Mad At Lana Del Rey,,20200522-1100
https://www.buzzfeed.com/kristatorres/little-bugs-live-in-strawberries-so-you-should-al?origin=web-hf,"If You Wash Berries In Salt Water, Little Bugs Will Start To Crawl Out",,20200522-1100
https://www.buzzfeed.com/juliawilling/for-everyone-in-love-with-boxer?origin=web-hf,"Boxer From ""White Lines"" Is Pure Sexual Dynamo And These 23 Tweets Prove It",,20200522-1100
https://www.buzzfeed.com/daniellaemanuel/water-popsicles-tiktok?origin=web-hf,"A Mom On TikTok Makes ""Water Popsicles"" For Her Kids And I'm Cracking Up",,20200522-1100
/watch/video/102332,"I Followed Bretman Rock's Oldest And Newest Makeup Tutorial
""This could either be a revelation or a giant mistake.""",,20200522-1100
https://www.buzzfeed.com/katdo0907/the-office-and-friends-polls-1v8n4ssmtp?origin=web-hf,"These Polls Are For Fans Of ""Friends"" And ""The Office"" Only",,20200522-1100
https://www.buzzfeed.com/anoushkagadhwal/the-ultimate-harry-potter-and-the-sorcereras-sto-cn37ve6nwu?origin=web-hf,"I Bet You Can't Score 10/13 On This ""Harry Potter And The Sorcerer’s Stone"" Book Quiz",,20200522-1100
https://www.buzzfeed.com/ryanschocket2/people-are-sharing-the-worst-coworker-theyve-worked-with?origin=web-hf,"People Are Sharing The Worst Coworker They've Worked With And Wow, Just Wow",,20200522-1100
https://www.buzzfeed.com/marielasummerhays01/therapy-is-for-men?origin=web-hf,These 7 Men Will Convince You Therapy Is For Everyone,,20200522-1100
https://www.buzzfeed.com/victoriagasparowicz/dark-moments-from-kids-movies-that-are-probably-still?origin=web-hf,22 Unexpectedly Dark Kids Movie Moments That People Wish They Could Forget,,20200522-1100
https://www.buzzfeed.com/chilifritos1234/plan-a-wedding-a-well-tell-which-the-office-char-cvj3ackoya?origin=web-hf,"Design Your Dream Wedding And We'll Tell You Which Character From ""The Office"" You Belong With",,20200522-1100
https://www.buzzfeed.com/lyapalater/the-bar-is-so-low-that-im-emotion-because-adam-sa?origin=web-hf,The Bar Is So Low That I'm Emo Over Adam Sandler Buying Tampons For The Women In His Life,,20200522-1100
https://www.buzzfeed.com/mjs538/a-news-clip-from-go-topless-jeep-weekend-is-going-viral?origin=web-hf,"A Video From ""Go Topless Jeep Weekend"" Is Going Viral Because ""Not Even SNL Could Write Something This Ridiculous""",,20200522-1100
/watch/video/105809,"The ""Outer Banks"" Cast Answers Your Burning Questions
Your favorite Pogues return as the cast of the hit Netflix series “Outer Banks” (Chase Stokes, Madelyn Cline, Madison Bailey, Rudy Pankow, and Jonathan Daviss) all sit down to answer your burning questions, from how their lives have changed since the show’s debut, to what they think will happen in season two, all the way to which major roles they’ve auditioned for in the past but didn’t get…which leads to one cast member revealing that he very nearly spent some time in a galaxy far, far away.",,20200522-1100
https://www.buzzfeed.com/farrahpenn/new-ya-books-spring-2020?origin=web-hf,Here Are The 15 Young Adult Books We're Loving This Spring,,20200522-1100
https://www.buzzfeed.com/buzzfeedoznews/bye-buzzfeed-oz-news?origin=web-hf,This Is BuzzFeed News Australia’s Last Day. Here Are 37 Of Our Favourite Stories.,,20200522-1100
https://www.buzzfeed.com/jasminsuknanan/useful-beauty-products-on-sale?origin=web-hf,23 Useful Beauty Products You'll Probably Be Very Glad You Got On Sale,,20200522-1100
https://www.buzzfeed.com/hbraga/sephora-memorial-day-sale?origin=web-hf,Sephora Has Tons Of Products On Sale For Up To 50% Off Right Now,,20200522-1100
https://www.buzzfeed.com/hannahryan/refugees-phones-australia-whatsapp-interview?origin=web-hf,I WhatsApped Refugees To Ask Why They're So Freaked Out About The Government Taking Their Phones Away,,20200522-1100
https://www.buzzfeednews.com/article/tanyachen/a-man-is-being-trolled-for-making-a-leather-face-mask?origin=web-hf,This Guy Is Being Trolled After He Shared His Design For A Cool-Looking Leather Face Mask,,20200522-1100
https://www.buzzfeed.com/jmihaly/fathers-day-gifts-dads-wont-pretend?origin=web-hf,31 Father’s Day Gifts That Dads Won’t Have To Pretend To Like,,20200522-1100
https://www.buzzfeednews.com/article/rubycramer/joe-biden-tara-reade-allegations-senate-2020?origin=web-hf,Tara Reade Stood Apart In Joe Biden's 1990s Senate Staff,,20200522-1100
/watch/video/103610,Gadiel Gets Financial Tips For Surviving This Pandemic,,20200522-1100
https://www.buzzfeed.com/lakenbrooks222/we-know-your-soulmates-initials-based-on-the-shak-3thj8kp21b?origin=web-hf,We Know Your Soulmate's Initials Based On The Shakespearean Insults You Use To Describe Your Ex,,20200522-1100
https://www.buzzfeed.com/eleanorbate/gigi-hadid-pregnant-during-fashion-week?origin=web-hf,"Gigi Hadid Opened Up About Being ""A Few Months"" Pregnant During Fashion Week And How Her Body Has Changed",,20200522-1100
https://www.buzzfeed.com/yiyang/target-memorial-day-sale?origin=web-hf,All The Best Memorial Day Deals At Target,,20200522-1100
https://www.buzzfeed.com/kristatorres/jason-derulos-tried-to-eat-corn-off-a-power-drill?origin=web-hf,Jason Derulo Tried To Eat Corn Off A Power Drill And Things Did Not Go Well,,20200522-1100
https://www.buzzfeed.com/whitneyjefferson/joaquin-phoenix-and-rooney-mara-baby-tweets?origin=web-hf,18 Perfect Tweets About Joaquin Phoenix And Rooney Mara Having A Baby,,20200522-1100
https://www.buzzfeed.com/racheldunkel/sur-la-table-summer-sale?origin=web-hf,"Sur La Table's Having A Huge Summer Sale, So It's Time To Invest In Some Quality Kitchen Tools",,20200522-1100
https://www.buzzfeed.com/swiftienerd/do-you-agree-with-these-unpopular-book-opinions-e47xhgqlig?origin=web-hf,Do You Actually Agree With These Controversial Book Opinions?,,20200522-1100
https://www.buzzfeed.com/lilianastephens21/make-a-friends-episode-and-ill-tell-you-which-fri-a59ionup2o?origin=web-hf,"Make A ""Friends"" Episode And I'll Tell You Which Character You Are",,20200522-1100
/watch/video/103666,"Black Family Tries Each Others' Chocolate Chip Cookies
""I'm lactose intolerant, I don't need this!""",,20200522-1100
https://www.buzzfeed.com/isabellalouise/this-visual-quiz-will-reveal-which-elemental-bendi-687v2it35g?origin=web-hf,"This Visual Quiz Will Reveal Which ""Avatar: The Last Airbender"" Element You'd Master",,20200522-1100
https://www.buzzfeed.com/samanthawieder/overstocks-memorial-day-blowout-sale-2020?origin=web-hf,All The Best Deals At Overstock's Memorial Day Sale,,20200522-1100
https://www.buzzfeednews.com/article/salvadorhernandez/coronavirus-victim-white-house-butler-wilson-jerman?origin=web-hf,A White House Butler Who Worked For 11 US Presidents Died Of The Coronavirus,,20200522-1100
https://www.buzzfeed.com/kaylaboyd/fathers-day-gifts?origin=web-hf,34 Of The Best Father's Day Gifts To Give This Year,,20200522-1100
https://www.buzzfeed.com/angelicaamartinez/tiktok-vintage-makeup?origin=web-hf,TikTok Taught Me How Wild Vintage Makeup Compacts Were And I Desperately Need Them To Make A Comeback,,20200522-1100
https://www.buzzfeed.com/kirbybeaton/books-recommendations-traveling?origin=web-hf,19 Books To Read During Quarantine To Make You Feel Like You're Traveling,,20200522-1100
https://www.buzzfeed.com/malloryannp/fathers-day-gifts-over-35?origin=web-hf,50 Splurge-Worthy Gifts To Surprise Your Dad With This Father's Day,,20200522-1100
https://www.buzzfeed.com/shelbyheinrich/tiktok-music-festival-viral-heartwarming?origin=web-hf,"These Siblings On TikTok Threw Their Brother His Very Own Music Festival In Quarantine, And It's Officially Gone Viral",,20200522-1100
/watch/video/103443,Japanese And Mexican People Swap Board Games,,20200522-1100
https://www.buzzfeed.com/christopherhudspeth/photos-of-the-pandemic-world-different?origin=web-hf,19 Photos of Life Today That Would've Blown Your Mind A Year Ago,,20200522-1100
https://www.buzzfeed.com/audreyworboys/disney-movie-region-would-you-rather?origin=web-hf,"You Can Only Save One Disney Movie From Each Of These Regions, The Rest Are Deleted Forever",,20200522-1100
https://www.buzzfeed.com/lyapalater/heres-everything-new-coming-to-netflix-this-week-5-21?origin=web-hf,"Here's Everything New Coming To Netflix This Week, Starting May 21",,20200522-1100
https://www.buzzfeed.com/giannaudes/choose-celebrities-a-z-and-ill-tell-you-what-to-d-2r0na9k1lv?origin=web-hf,Choose A Celebrity For Every Letter Of The Alphabet And We'll Give You A New Activity To Try While You're At Home,,20200522-1100
https://www.buzzfeed.com/morganmurrell/serena-williams-daughter-instagram?origin=web-hf,Excuse Me While I Try To Contain My Baby Fever While Watching Serena Williams And Her Daughter,,20200522-1100
https://www.buzzfeed.com/nataliebrown/products-youll-probably-use-every-single-day-2020?origin=web-hf,30 Products So Effective You'll Probably Use Them Every Single Day,,20200522-1100
https://www.buzzfeed.com/briangalindo/queer-eye-new-season-5-trailer-netflix?origin=web-hf,"The Trailer For Season 5 Of ""Queer Eye"" Just Dropped And I Already Cried Six Times Watching It",,20200522-1100
https://www.buzzfeed.com/genevievescarano/fitness-fathers-day-for-athletic-dads?origin=web-hf,30 Father's Day Gifts For The Dad Who Loves To Exercise,,20200522-1100
/watch/video/105671,Black Women Go To Vegas Without Their Hair Done,,20200522-1100
https://www.buzzfeednews.com,BuzzFeed NewsReporting on what you care about. We hold major institutions accountable and expose wrongdoing.,,20200522-1130
https://www.tasty.co,"BuzzFeed TastySearch, watch, and cook every single Tasty recipe and video ever - all in one place!",,20200522-1130
https://www.buzzfeed.com/goodful,"BuzzFeed GoodfulSelf care and ideas to help you live a healthier, happier life.",,20200522-1130
https://www.buzzfeed.com/bringme,"BuzzFeed Bring MeObsessed with travel? Discover unique things to do, places to eat, and sights to see in the best destinations around the world with Bring Me!",,20200522-1130
https://www.buzzfeed.com/asis,"BuzzFeed As IsSomething for everyone interested in hair, makeup, style, and body positivity.",,20200522-1130
https://www.buzzfeed.com/shelbyheinrich/tiktok-music-festival-viral-heartwarming?ref=hpsplash&origin=spl,These Siblings On TikTok Threw Their Brother His Very Own Music Festival In Quarantine,,20200522-1130
https://www.buzzfeed.com/jmihaly/home-long-run-benefits?origin=hpp,31 Things To Buy For Your Home That'll Only Benefit You In The Long Run,,20200522-1130
https://www.buzzfeed.com/newsletters?ref=hplego,"WTF Is Happening Today? BuzzFeed Newsletters Can Help!
We have newsletters to help you stay in the loop AND newsletters to help you forget! Try one today!",,20200522-1130
https://www.buzzfeed.com/benhenry/demi-lovato-boyfriend-max-ehrich-old-tweet?origin=web-hf,Demi Lovato Posted Adorable Pictures With Boyfriend Max Ehrich After Revealing He Tweeted About Wanting To Date Her Back In 2011,,20200522-1130
https://www.buzzfeednews.com/article/albertonardelli/trump-g7-coronavirus?origin=web-hf,Trump Wants To Hold The G7 Summit In Person But He Didn’t Ask Other World Leaders About The Idea Before Tweeting It,,20200522-1130
https://www.buzzfeed.com/andrewziegler/quiz-party?origin=shp,"You Can Now Take BuzzFeed Quizzes In Real Time With Your Friends — You’re Welcome
Let’s get this party started.",,20200522-1130
https://www.buzzfeed.com/jenniferabidor/friends-a-to-z?origin=shp,"This ""Friends"" A–Z Quiz Will Reveal Which Main Character You Are",,20200522-1130
https://www.buzzfeed.com/sarahaspler/taste-in-disney-movies-age-quiz?origin=shp,Can We Accurately Guess Your Age Based On Your Taste In Disney Movies?,,20200522-1130
https://www.buzzfeed.com/andrewziegler/quiz-romantic-type?origin=shp,There Are Actually Only Four Romantic Types And We Can Accurately Guess Yours,,20200522-1130
https://www.buzzfeed.com/sarahaspler/everyone-has-a-fruit-that-matches-their-personalit?origin=shp,Everyone Has A Fruit That Matches Their Personality – Here’s Yours,,20200522-1130
https://www.buzzfeed.com/quizparty,Keep the quiz party going,,20200522-1130
https://www.buzzfeed.com/emmamcanaw/masks-made-here-20-off-sale?origin=web-hf,"If You're Looking For New Face Masks, Masks Made Here Is Having A BuzzFeed-Exclusive Sale",,20200522-1130
https://www.buzzfeed.com/zipporkella/what-percent-typical-nerd-are-you-c09ywjxe9m?origin=web-hf,"If You Check Off At Least 17/26 Things On This List, Then You're A Total Nerd",,20200522-1130
https://www.buzzfeed.com/maitlandquitmeyer/best-memorial-day-sales-deals-2020?origin=hshp,"All The Best Memorial Day Weekend Deals
The savings start now.",,20200522-1130
https://www.buzzfeed.com/kaylasuazo/all-the-best-memorial-day-mattress-sales-2020?origin=hshp,All Of The Best Memorial Day Mattress Sales,,20200522-1130
https://www.buzzfeed.com/emmalord9/best-deals-wayfair-memorial-day-sale?origin=hshp,All The Best Deals At Wayfair's Memorial Day Sale,,20200522-1130
https://www.buzzfeed.com/abbykass/zappos-memorial-day-sale?origin=hshp,You Can Save On *So* Many Popular Shoes During The Zappos Memorial Day Sale,,20200522-1130
https://www.buzzfeed.com/elenamgarcia/dyson-is-having-a-pretty-major-memorial-day-sale-no-better?origin=hshp,Dyson Is Having A Pretty Major Memorial Day Sale — No Better Time Than Now To Get Yourself A New Vacuum,,20200522-1130
https://www.buzzfeed.com/shopping?origin=hshp,See more great product recommendations,,20200522-1130
https://www.buzzfeed.com/mikespohr/mindblowing-facts?origin=web-hf,18 Random Facts That Absolutely Blew People's Minds On Twitter,,20200522-1130
/watch/video/102294,"We Didn't Use Toilet Paper For A Week 
Auri gets Steve to try reusable toilet paper, will he like it?",,20200522-1130
https://www.buzzfeed.com/tessafahey/iconic-rom-com-checklist?origin=web-hf,How Many Iconic Rom-Coms Have You Actually Seen?,,20200522-1130
https://www.buzzfeednews.com/article/davidmack/coronavirus-trump-test-positive-negative-answer-video?origin=shp,"Positive News! Trump Says He Tested Positively, Which Means Negative, For The Coronavirus.
“But that’s a way of saying it: positively toward the negative.”",,20200522-1130
https://www.buzzfeednews.com/article/janelytvynenko/coronavirus-spin-doctors?origin=shp,These Are The Fake Experts Pushing Pseudoscience And Conspiracy Theories About The Coronavirus Pandemic,,20200522-1130
https://www.buzzfeednews.com/article/clarissajanlim/doctor-congressional-hearing-coronavirus-second-wave-ppe?origin=shp,"A Doctor Told Lawmakers The Country Is Not ""Prepared For A Second Wave"" Of The Coronavirus",,20200522-1130
https://www.buzzfeednews.com/article/meghara/qatar-coronavirus-tracking-app-mandatory?origin=shp,Qatar Has Made Its Coronavirus Contact Tracing App Mandatory,,20200522-1130
https://www.buzzfeednews.com/article/lamvo/coronavirus-update-charts-unemployment-claims-laid-off-jobs?origin=shp,These Updating Charts Show The Record Number Of Americans Filing Unemployment Claims,,20200522-1130
https://bzfd.it/noc-show,The daily News O'Clock podcast is here.,,20200522-1130
https://www.buzzfeed.com/noradominick/celeb-iconic-characters-trivia-quiz?origin=web-hf,These Iconic TV And Movie Characters Were Played By The Same Actor — Can You Tell Them Apart?,,20200522-1130
https://www.buzzfeed.com/tatianatenreyrowhitlock/funniest-tweets-lana-del-rey-instagram-post-drama?origin=web-hf,15 Funny Tweets About The Lana Del Rey Instagram Post Drama,,20200522-1130
https://www.buzzfeed.com/tatianatenreyrowhitlock/lady-gaga-and-ariana-grande-song?origin=web-hf,"Lady Gaga And Ariana Grande Just Made The Weekend More Exciting By Dropping Their Song ""Rain On Me""",,20200522-1130
https://www.buzzfeed.com/jenniferabidor/jokes-about-disney-villains?origin=web-hf,21 Times The Internet Roasted The Disney Villains,,20200522-1130
https://www.buzzfeed.com/tatianatenreyrowhitlock/lana-del-rey-responds-to-backlash-over-instagram-post?origin=web-hf,"Lana Del Rey Responded To The Backlash Toward Her Instagram Post, Saying She's Sad People Made It A ""WOC Issue""",,20200522-1130
https://www.buzzfeed.com/victoriavouloumanos/stars-who-are-mixed-asian-pacific-islander?origin=shp,"34 Multiracial Celebs Who Are Actually Asian Or Pacific Islander
Relatable and inspirational icons, all of ‘em.",,20200522-1130
https://www.buzzfeed.com/nusrat21/a-guide-for-people-new-to-bollywood?origin=shp,30 Bollywood Films That Everyone Absolutely Must See,,20200522-1130
https://www.buzzfeed.com/michellemkim/asian-male-celebs-thirst?origin=shp,21 Asian Male Celebs That Have Us Feeling Oh So Very Thirsty,,20200522-1130
https://www.buzzfeed.com/michellemkim/which-anime-best-boy-are-you?origin=shp,Quiz: Which Anime Best Boy Are You?,,20200522-1130
https://www.buzzfeed.com/badge/apahm2020,See all of our APAHM coverage here,,20200522-1130
/watch/video/99501,"Boricua From The Island vs The Mainland 
Love one another, Puerto Ricans from around the world!",,20200522-1130
https://www.buzzfeed.com/huynht2510/can-we-guess-your-most-recent-emoji-by-this-quiz-eqcv8mgpxb?origin=web-hf,Build A House And We'll Accurately Guess Your Most Recently Used Emoji,,20200522-1130
https://www.buzzfeed.com/buzzfeedresearch/civicscience-main3-buzz,Let Your Voice Be Heard. Tell Us Your Opinions!,,20200522-1130
https://www.buzzfeed.com/farrahpenn/finals-week-zoom-university-fails?origin=web-hf,18 Times The Students Of Zoom University Really Struggled Through Finals Week,,20200522-1130
https://www.buzzfeed.com/yiyang/futuristic-products-thatll-probably-make-you-feel-like?origin=web-hf,35 Futuristic Products That’ll Probably Make You Feel Like You’re Living In 3020,,20200522-1130
https://www.buzzfeednews.com/article/laurenstrapagiel/influencers-say-instagram-is-more-likely-to-remove-photos?origin=web-hf,"Influencers Say Instagram Is Biased Against Plus-Size Bodies, And They May Be Right",,20200522-1130
https://www.buzzfeed.com/mjs538/early-2000s-pictures-for-millennials?origin=web-hf,33 Pictures That Millennials Will Have To Explain To Generation Alpha Someday,,20200522-1130
https://www.buzzfeed.com/morganmurrell/drake-called-kylie-jenner-side-piece-apology?origin=web-hf,"Drake Name-Dropped Kylie Jenner, Kendall Jenner, And Gigi Hadid In A Song, Then Issued An Apology Statement",,20200522-1130
https://www.buzzfeed.com/kaylayandoli/whats-your-favorite-behind-the-scenes-feud-in-tvmovie,What's The Most Iconic Behind The Scenes Feud From A TV Show Or Movie?,,20200522-1130
/watch/video/105540,"Camp Counselor Horror Stories
In honor of summer former camp counselors share their craziest, weirdest and funniest experiences from camp.",,20200522-1130
https://www.buzzfeed.com/christopherhudspeth/oh-come-on-facepalm-that-sucks-things?origin=web-hf,15 Facepalm-Worthy Things Humans Recently Did During This Pandemic That Make Me Hope Aliens Aren't Watching,,20200522-1130
https://www.buzzfeed.com/briangalindo/21-tbt-photos-celebs-posted-on-instagram-may-21?origin=web-hf,Here's What Chrissy Teigen And 20 Other Celebrities Shared This Week For #TBT,,20200522-1130
https://www.buzzfeednews.com/article/skbaer/ahmaud-arbery-death-william-bryan-arrest?origin=web-hf,The Man Who Recorded Video Of Ahmaud Arbery Being Shot Has Been Arrested On A Murder Charge,,20200522-1130
https://www.buzzfeed.com/tatianatenreyrowhitlock/michael-cera-aubrey-plaza-chuck-e-cheese-pic?origin=web-hf,Michael Cera And Aubrey Plaza's Chuck E. Cheese Photo Is Legendary And Now We Have The Whole Story,,20200522-1130
https://www.buzzfeed.com/briangalindo/chris-pratt-accidentally-deleted-over-35000-unread-emails?origin=web-hf,"Chris Pratt Accidentally Deleted More Than 35,000 Unread Emails After His Son Gasped At His Full Inbox",,20200522-1130
https://www.buzzfeed.com/sydrobinson1/before-and-after-pets-being-adopted-quarantine?origin=web-hf,21 Before-And-After Pictures Of Pets Who Were Adopted During Quarantine,,20200522-1130
https://www.buzzfeed.com/daves4/everyone-hates-but-does?origin=web-hf,27 Things Everyone On Earth Hates That They Do But Does Anyway,,20200522-1130
https://www.buzzfeed.com/hannahmarder/teen-drama-characters-that-did-not-need-to-die?origin=web-hf,20 Of The Most Tragically Unnecessary Deaths From Teen Dramas,,20200522-1130
/watch/video/105310,"Loren Gray Reads Her Instagram DMs
Loren Gray bravely sits down to do a deep dive into her Instagram DM requests, which include supportive fans, the obligatory haters, and even some marriage proposals from complete strangers. Check out Loren’s new single “Cake” now: https://www.youtube.com/watch?v=klwWrurkjgc",,20200522-1130
https://www.buzzfeed.com/tessafahey/identify-avatar-the-last-airbender-characters-quiz?origin=web-hf,"If You Can Identify 30/36 Of These ""Avatar: The Last Airbender"" Characters, You're A Master Bender",,20200522-1130
https://www.buzzfeed.com/rosethecorgi/choose-some-food-and-revile-your-soulmates-name-7gjir6fim?origin=web-hf,"If You Really Wanna Know The First Letter Of Your Soulmate's Name, Eat Some Food And We'll Tell You",,20200522-1130
https://www.buzzfeed.com/clareaston/my-bibliotherapy-prescription?origin=web-hf,"You Can Now Be ""Prescribed"" Books For Your Mental Health And These Six Were Meant To Help Me",,20200522-1130
https://www.buzzfeed.com/ehisosifo1/harry-potter-letter-p-trivia-quiz?origin=web-hf,"This ""Harry Potter"" Quiz Will Separate The Wizards From The Muggles And It All Depends On The Letter P",,20200522-1130
https://www.buzzfeed.com/mjs538/rose-on-90-day-fiance-and-big-ed?origin=web-hf,We Need To Stop Talking About Big Ed And Start Talking About Rose,,20200522-1130
https://www.buzzfeed.com/isabellalouise/can-you-sort-these-hogwarts-students-in-their-righ-klzvv4gs4?origin=web-hf,Only A Hogwarts Genius Can Match The Student To The House They Were Sorted Into,,20200522-1130
https://www.buzzfeed.com/fallon2/what-hunger-games-characters-belong-in-these-hogwa-ckb6eid9yq?origin=web-hf,"Would You Sort These Characters From ""The Hunger Games"" Into The Same Hogwarts Houses As Everyone Else?",,20200522-1130
https://www.buzzfeed.com/ehisosifo1/drastic-americas-next-top-model-makeovers?origin=web-hf,"23 ""ANTM"" Makeovers That Tyra Banks Actually Assigned To Contestants",,20200522-1130
/watch/video/105538,Can These Exes Be Friends?,,20200522-1130
https://www.buzzfeed.com/christopherhudspeth/people-believed-there-was-evidence-of-a-parallel-universe?origin=web-hf,"17 Of The Funniest Tweets About The Discovery Of ""Evidence"" That A Parallel Universe Exists",,20200522-1130
https://www.buzzfeed.com/alliehayes/books-so-good-you-cannot-put-them-down-flipped?origin=web-hf,"21 Books That Are So Good, People Literally Could Not Put Them Down",,20200522-1130
https://www.buzzfeed.com/avaerickson04/which-disney-prince-do-you-belong-with-1mtuff45b1?origin=web-hf,Which Disney Prince Is Your Soulmate?,,20200522-1130
https://www.buzzfeed.com/stephenlaconte/lana-del-rey-controversy-beyonce-ariana-grande-cardi-b?origin=web-hf,"Lana Del Rey Seemed To Drag Artists Like Beyoncé, Cardi B, And Ariana Grande In A Statement On Instagram, And People Are Pissed",,20200522-1130
https://www.buzzfeed.com/juliawilling/for-everyone-in-love-with-boxer?origin=web-hf,"Boxer From ""White Lines"" Is Pure Sexual Dynamo And These 23 Tweets Prove It",,20200522-1130
https://www.buzzfeednews.com/article/michaelblackmon/lana-del-rey-instagram-post-race?origin=web-hf,This Is Why People Are Mad At Lana Del Rey,,20200522-1130
https://www.buzzfeed.com/kristatorres/little-bugs-live-in-strawberries-so-you-should-al?origin=web-hf,"If You Wash Berries In Salt Water, Little Bugs Will Start To Crawl Out",,20200522-1130
https://www.buzzfeed.com/stephenlaconte/oprah-winfrey-big-cabbage-instagram?origin=web-hf,"Oprah Grew A Cabbage So Big She Could Barely Carry It, And You Really Need To See It To Believe It's Real",,20200522-1130
/watch/video/102332,"I Followed Bretman Rock's Oldest And Newest Makeup Tutorial
""This could either be a revelation or a giant mistake.""",,20200522-1130
https://www.buzzfeed.com/daniellaemanuel/water-popsicles-tiktok?origin=web-hf,"A Mom On TikTok Makes ""Water Popsicles"" For Her Kids And I'm Cracking Up",,20200522-1130
https://www.buzzfeed.com/katdo0907/the-office-and-friends-polls-1v8n4ssmtp?origin=web-hf,"These Polls Are For Fans Of ""Friends"" And ""The Office"" Only",,20200522-1130
https://www.buzzfeed.com/anoushkagadhwal/the-ultimate-harry-potter-and-the-sorcereras-sto-cn37ve6nwu?origin=web-hf,"I Bet You Can't Score 10/13 On This ""Harry Potter And The Sorcerer’s Stone"" Book Quiz",,20200522-1130
https://www.buzzfeed.com/ryanschocket2/people-are-sharing-the-worst-coworker-theyve-worked-with?origin=web-hf,"People Are Sharing The Worst Coworker They've Worked With And Wow, Just Wow",,20200522-1130
https://www.buzzfeed.com/marielasummerhays01/therapy-is-for-men?origin=web-hf,These 7 Men Will Convince You Therapy Is For Everyone,,20200522-1130
https://www.buzzfeed.com/victoriagasparowicz/dark-moments-from-kids-movies-that-are-probably-still?origin=web-hf,22 Unexpectedly Dark Kids Movie Moments That People Wish They Could Forget,,20200522-1130
https://www.buzzfeed.com/chilifritos1234/plan-a-wedding-a-well-tell-which-the-office-char-cvj3ackoya?origin=web-hf,"Design Your Dream Wedding And We'll Tell You Which Character From ""The Office"" You Belong With",,20200522-1130
https://www.buzzfeed.com/lyapalater/the-bar-is-so-low-that-im-emotion-because-adam-sa?origin=web-hf,The Bar Is So Low That I'm Emo Over Adam Sandler Buying Tampons For The Women In His Life,,20200522-1130
/watch/video/105809,"The ""Outer Banks"" Cast Answers Your Burning Questions
Your favorite Pogues return as the cast of the hit Netflix series “Outer Banks” (Chase Stokes, Madelyn Cline, Madison Bailey, Rudy Pankow, and Jonathan Daviss) all sit down to answer your burning questions, from how their lives have changed since the show’s debut, to what they think will happen in season two, all the way to which major roles they’ve auditioned for in the past but didn’t get…which leads to one cast member revealing that he very nearly spent some time in a galaxy far, far away.",,20200522-1130
https://www.buzzfeed.com/mjs538/a-news-clip-from-go-topless-jeep-weekend-is-going-viral?origin=web-hf,"A Video From ""Go Topless Jeep Weekend"" Is Going Viral Because ""Not Even SNL Could Write Something This Ridiculous""",,20200522-1130
https://www.buzzfeed.com/farrahpenn/new-ya-books-spring-2020?origin=web-hf,Here Are The 15 Young Adult Books We're Loving This Spring,,20200522-1130
https://www.buzzfeed.com/buzzfeedoznews/bye-buzzfeed-oz-news?origin=web-hf,This Is BuzzFeed News Australia’s Last Day. Here Are 37 Of Our Favourite Stories.,,20200522-1130
https://www.buzzfeed.com/jasminsuknanan/useful-beauty-products-on-sale?origin=web-hf,23 Useful Beauty Products You'll Probably Be Very Glad You Got On Sale,,20200522-1130
https://www.buzzfeed.com/hbraga/sephora-memorial-day-sale?origin=web-hf,Sephora Has Tons Of Products On Sale For Up To 50% Off Right Now,,20200522-1130
https://www.buzzfeed.com/hannahryan/refugees-phones-australia-whatsapp-interview?origin=web-hf,I WhatsApped Refugees To Ask Why They're So Freaked Out About The Government Taking Their Phones Away,,20200522-1130
https://www.buzzfeednews.com/article/tanyachen/a-man-is-being-trolled-for-making-a-leather-face-mask?origin=web-hf,This Guy Is Being Trolled After He Shared His Design For A Cool-Looking Leather Face Mask,,20200522-1130
https://www.buzzfeednews.com/article/rubycramer/joe-biden-tara-reade-allegations-senate-2020?origin=web-hf,Tara Reade Stood Apart In Joe Biden's 1990s Senate Staff,,20200522-1130
/watch/video/103610,Gadiel Gets Financial Tips For Surviving This Pandemic,,20200522-1130
https://www.buzzfeed.com/jmihaly/fathers-day-gifts-dads-wont-pretend?origin=web-hf,31 Father’s Day Gifts That Dads Won’t Have To Pretend To Like,,20200522-1130
https://www.buzzfeed.com/lakenbrooks222/we-know-your-soulmates-initials-based-on-the-shak-3thj8kp21b?origin=web-hf,We Know Your Soulmate's Initials Based On The Shakespearean Insults You Use To Describe Your Ex,,20200522-1130
https://www.buzzfeed.com/eleanorbate/gigi-hadid-pregnant-during-fashion-week?origin=web-hf,"Gigi Hadid Opened Up About Being ""A Few Months"" Pregnant During Fashion Week And How Her Body Has Changed",,20200522-1130
https://www.buzzfeed.com/yiyang/target-memorial-day-sale?origin=web-hf,All The Best Memorial Day Deals At Target,,20200522-1130
https://www.buzzfeed.com/whitneyjefferson/joaquin-phoenix-and-rooney-mara-baby-tweets?origin=web-hf,18 Perfect Tweets About Joaquin Phoenix And Rooney Mara Having A Baby,,20200522-1130
https://www.buzzfeed.com/kristatorres/jason-derulos-tried-to-eat-corn-off-a-power-drill?origin=web-hf,Jason Derulo Tried To Eat Corn Off A Power Drill And Things Did Not Go Well,,20200522-1130
https://www.buzzfeed.com/racheldunkel/sur-la-table-summer-sale?origin=web-hf,"Sur La Table's Having A Huge Summer Sale, So It's Time To Invest In Some Quality Kitchen Tools",,20200522-1130
https://www.buzzfeed.com/swiftienerd/do-you-agree-with-these-unpopular-book-opinions-e47xhgqlig?origin=web-hf,Do You Actually Agree With These Controversial Book Opinions?,,20200522-1130
/watch/video/103666,"Black Family Tries Each Others' Chocolate Chip Cookies
""I'm lactose intolerant, I don't need this!""",,20200522-1130
https://www.buzzfeed.com/lilianastephens21/make-a-friends-episode-and-ill-tell-you-which-fri-a59ionup2o?origin=web-hf,"Make A ""Friends"" Episode And I'll Tell You Which Character You Are",,20200522-1130
https://www.buzzfeed.com/isabellalouise/this-visual-quiz-will-reveal-which-elemental-bendi-687v2it35g?origin=web-hf,"This Visual Quiz Will Reveal Which ""Avatar: The Last Airbender"" Element You'd Master",,20200522-1130
https://www.buzzfeed.com/samanthawieder/overstocks-memorial-day-blowout-sale-2020?origin=web-hf,All The Best Deals At Overstock's Memorial Day Sale,,20200522-1130
https://www.buzzfeednews.com/article/salvadorhernandez/coronavirus-victim-white-house-butler-wilson-jerman?origin=web-hf,A White House Butler Who Worked For 11 US Presidents Died Of The Coronavirus,,20200522-1130
https://www.buzzfeed.com/kaylaboyd/fathers-day-gifts?origin=web-hf,34 Of The Best Father's Day Gifts To Give This Year,,20200522-1130
https://www.buzzfeed.com/angelicaamartinez/tiktok-vintage-makeup?origin=web-hf,TikTok Taught Me How Wild Vintage Makeup Compacts Were And I Desperately Need Them To Make A Comeback,,20200522-1130
https://www.buzzfeed.com/kirbybeaton/books-recommendations-traveling?origin=web-hf,19 Books To Read During Quarantine To Make You Feel Like You're Traveling,,20200522-1130
https://www.buzzfeed.com/malloryannp/fathers-day-gifts-over-35?origin=web-hf,50 Splurge-Worthy Gifts To Surprise Your Dad With This Father's Day,,20200522-1130
/watch/video/103443,Japanese And Mexican People Swap Board Games,,20200522-1130
https://www.buzzfeed.com/christopherhudspeth/photos-of-the-pandemic-world-different?origin=web-hf,19 Photos of Life Today That Would've Blown Your Mind A Year Ago,,20200522-1130
https://www.buzzfeed.com/audreyworboys/disney-movie-region-would-you-rather?origin=web-hf,"You Can Only Save One Disney Movie From Each Of These Regions, The Rest Are Deleted Forever",,20200522-1130
https://www.buzzfeed.com/lyapalater/heres-everything-new-coming-to-netflix-this-week-5-21?origin=web-hf,"Here's Everything New Coming To Netflix This Week, Starting May 21",,20200522-1130
https://www.buzzfeed.com/giannaudes/choose-celebrities-a-z-and-ill-tell-you-what-to-d-2r0na9k1lv?origin=web-hf,Choose A Celebrity For Every Letter Of The Alphabet And We'll Give You A New Activity To Try While You're At Home,,20200522-1130
https://www.buzzfeed.com/morganmurrell/serena-williams-daughter-instagram?origin=web-hf,Excuse Me While I Try To Contain My Baby Fever While Watching Serena Williams And Her Daughter,,20200522-1130
https://www.buzzfeed.com/briangalindo/queer-eye-new-season-5-trailer-netflix?origin=web-hf,"The Trailer For Season 5 Of ""Queer Eye"" Just Dropped And I Already Cried Six Times Watching It",,20200522-1130
https://www.buzzfeed.com/nataliebrown/products-youll-probably-use-every-single-day-2020?origin=web-hf,30 Products So Effective You'll Probably Use Them Every Single Day,,20200522-1130
https://www.buzzfeed.com/genevievescarano/fitness-fathers-day-for-athletic-dads?origin=web-hf,30 Father's Day Gifts For The Dad Who Loves To Exercise,,20200522-1130
/watch/video/105671,Black Women Go To Vegas Without Their Hair Done,,20200522-1130
https://www.buzzfeednews.com,BuzzFeed NewsReporting on what you care about. We hold major institutions accountable and expose wrongdoing.,,20200522-1200
https://www.tasty.co,"BuzzFeed TastySearch, watch, and cook every single Tasty recipe and video ever - all in one place!",,20200522-1200
https://www.buzzfeed.com/goodful,"BuzzFeed GoodfulSelf care and ideas to help you live a healthier, happier life.",,20200522-1200
https://www.buzzfeed.com/bringme,"BuzzFeed Bring MeObsessed with travel? Discover unique things to do, places to eat, and sights to see in the best destinations around the world with Bring Me!",,20200522-1200
https://www.buzzfeed.com/asis,"BuzzFeed As IsSomething for everyone interested in hair, makeup, style, and body positivity.",,20200522-1200
https://www.buzzfeednews.com/article/clarissajanlim/doctor-congressional-hearing-coronavirus-second-wave-ppe?ref=hpsplash&origin=spl,“I Do Not Think We Are Prepared For A Second Wave”: A Doctor Warned Lawmakers About A Serious Shortage Of PPE,,20200522-1200
https://www.buzzfeed.com/jmihaly/home-long-run-benefits?origin=hpp,31 Things For Your Home That Will Pay Off In The Long Run,,20200522-1200
https://www.buzzfeed.com/newsletters?ref=hplego,"WTF Is Happening Today? BuzzFeed Newsletters Can Help!
We have newsletters to help you stay in the loop AND newsletters to help you forget! Try one today!",,20200522-1200
https://www.buzzfeed.com/eleanorbate/kristen-bell-daughter-diapers-mom-shaming?origin=web-hf,"Kristen Bell Revealed Her Five-Year-Old Is ""Still In Diapers"" After Talking About Moms Judging Each Other",,20200522-1200
https://www.buzzfeed.com/benhenry/demi-lovato-boyfriend-max-ehrich-old-tweet?origin=web-hf,Demi Lovato Shared An Old Tweet Her Boyfriend Posted In 2011 About Wanting To Date Her And The Whole Thing Is Super Cute,,20200522-1200
https://www.buzzfeed.com/andrewziegler/quiz-party?origin=shp,"You Can Now Take BuzzFeed Quizzes In Real Time With Your Friends — You’re Welcome
Let’s get this party started.",,20200522-1200
https://www.buzzfeed.com/jenniferabidor/friends-a-to-z?origin=shp,"This ""Friends"" A–Z Quiz Will Reveal Which Main Character You Are",,20200522-1200
https://www.buzzfeed.com/sarahaspler/taste-in-disney-movies-age-quiz?origin=shp,Can We Accurately Guess Your Age Based On Your Taste In Disney Movies?,,20200522-1200
https://www.buzzfeed.com/andrewziegler/quiz-romantic-type?origin=shp,There Are Actually Only Four Romantic Types And We Can Accurately Guess Yours,,20200522-1200
https://www.buzzfeed.com/sarahaspler/everyone-has-a-fruit-that-matches-their-personalit?origin=shp,Everyone Has A Fruit That Matches Their Personality – Here’s Yours,,20200522-1200
https://www.buzzfeed.com/quizparty,Keep the quiz party going,,20200522-1200
https://www.buzzfeed.com/hanifahrahman/what-tv-show-inconsistency-will-you-never-forget?origin=web-hf,What TV Show Consistency Will Always Get On Your Nerves?,,20200522-1200
https://www.buzzfeednews.com/article/albertonardelli/trump-g7-coronavirus?origin=web-hf,Trump Wants To Hold The G7 Summit In Person But He Didn’t Ask Other World Leaders About The Idea Before Tweeting It,,20200522-1200
https://www.buzzfeed.com/maitlandquitmeyer/best-memorial-day-sales-deals-2020?origin=hshp,"All The Best Memorial Day Weekend Deals
The savings start now.",,20200522-1200
https://www.buzzfeed.com/kaylasuazo/all-the-best-memorial-day-mattress-sales-2020?origin=hshp,All Of The Best Memorial Day Mattress Sales,,20200522-1200
https://www.buzzfeed.com/emmalord9/best-deals-wayfair-memorial-day-sale?origin=hshp,All The Best Deals At Wayfair's Memorial Day Sale,,20200522-1200
https://www.buzzfeed.com/abbykass/zappos-memorial-day-sale?origin=hshp,You Can Save On *So* Many Popular Shoes During The Zappos Memorial Day Sale,,20200522-1200
https://www.buzzfeed.com/elenamgarcia/dyson-is-having-a-pretty-major-memorial-day-sale-no-better?origin=hshp,Dyson Is Having A Pretty Major Memorial Day Sale — No Better Time Than Now To Get Yourself A New Vacuum,,20200522-1200
https://www.buzzfeed.com/shopping?origin=hshp,See more great product recommendations,,20200522-1200
https://www.buzzfeed.com/emmamcanaw/masks-made-here-20-off-sale?origin=web-hf,"If You're Looking For New Face Masks, Masks Made Here Is Having A 20% Off Sale",,20200522-1200
/watch/video/102294,"We Didn't Use Toilet Paper For A Week 
Auri gets Steve to try reusable toilet paper, will he like it?",,20200522-1200
https://www.buzzfeed.com/zipporkella/what-percent-typical-nerd-are-you-c09ywjxe9m?origin=web-hf,"If You Check Off At Least 17/26 Things On This List, Then You're A Total Nerd",,20200522-1200
https://www.buzzfeednews.com/article/davidmack/coronavirus-trump-test-positive-negative-answer-video?origin=shp,"Positive News! Trump Says He Tested Positively, Which Means Negative, For The Coronavirus.
“But that’s a way of saying it: positively toward the negative.”",,20200522-1200
https://www.buzzfeednews.com/article/janelytvynenko/coronavirus-spin-doctors?origin=shp,These Are The Fake Experts Pushing Pseudoscience And Conspiracy Theories About The Coronavirus Pandemic,,20200522-1200
https://www.buzzfeednews.com/article/meghara/qatar-coronavirus-tracking-app-mandatory?origin=shp,Qatar Has Made Its Coronavirus Contact Tracing App Mandatory,,20200522-1200
https://www.buzzfeednews.com/article/lamvo/coronavirus-update-charts-unemployment-claims-laid-off-jobs?origin=shp,These Updating Charts Show The Record Number Of Americans Filing Unemployment Claims,,20200522-1200
https://bzfd.it/noc-show,The daily News O'Clock podcast is here.,,20200522-1200
https://www.buzzfeed.com/mikespohr/mindblowing-facts?origin=web-hf,18 Random Facts That Absolutely Blew People's Minds On Twitter,,20200522-1200
https://www.buzzfeed.com/tessafahey/iconic-rom-com-checklist?origin=web-hf,How Many Iconic Rom-Coms Have You Actually Seen?,,20200522-1200
https://www.buzzfeed.com/noradominick/celeb-iconic-characters-trivia-quiz?origin=web-hf,These Iconic TV And Movie Characters Were Played By The Same Actor — Can You Tell Them Apart?,,20200522-1200
https://www.buzzfeed.com/tatianatenreyrowhitlock/lady-gaga-and-ariana-grande-song?origin=web-hf,"Lady Gaga And Ariana Grande Just Made The Weekend More Exciting By Dropping Their Song ""Rain On Me""",,20200522-1200
https://www.buzzfeed.com/tatianatenreyrowhitlock/funniest-tweets-lana-del-rey-instagram-post-drama?origin=web-hf,15 Funny Tweets About The Lana Del Rey Instagram Post Drama,,20200522-1200
https://www.buzzfeed.com/victoriavouloumanos/stars-who-are-mixed-asian-pacific-islander?origin=shp,"34 Multiracial Celebs Who Are Actually Asian Or Pacific Islander
Relatable and inspirational icons, all of ‘em.",,20200522-1200
https://www.buzzfeed.com/nusrat21/a-guide-for-people-new-to-bollywood?origin=shp,30 Bollywood Films That Everyone Absolutely Must See,,20200522-1200
https://www.buzzfeed.com/michellemkim/asian-male-celebs-thirst?origin=shp,21 Asian Male Celebs That Have Us Feeling Oh So Very Thirsty,,20200522-1200
https://www.buzzfeed.com/michellemkim/which-anime-best-boy-are-you?origin=shp,Quiz: Which Anime Best Boy Are You?,,20200522-1200
https://www.buzzfeed.com/badge/apahm2020,See all of our APAHM coverage here,,20200522-1200
/watch/video/99501,"Boricua From The Island vs The Mainland 
Love one another, Puerto Ricans from around the world!",,20200522-1200
https://www.buzzfeed.com/jenniferabidor/jokes-about-disney-villains?origin=web-hf,21 Times The Internet Roasted The Disney Villains,,20200522-1200
https://www.buzzfeed.com/kirbybeaton/virtual-vacation-newsletter-bring-me,"If You're Missing Travel, Sign Up For Our ""Virtual Vacation"" Newsletter",,20200522-1200
https://www.buzzfeed.com/tatianatenreyrowhitlock/lana-del-rey-responds-to-backlash-over-instagram-post?origin=web-hf,"Lana Del Rey Responded To The Backlash Toward Her Instagram Post, Saying She's Sad People Made It A ""WOC Issue""",,20200522-1200
https://www.buzzfeed.com/huynht2510/can-we-guess-your-most-recent-emoji-by-this-quiz-eqcv8mgpxb?origin=web-hf,Build A House And We'll Accurately Guess Your Most Recently Used Emoji,,20200522-1200
https://www.buzzfeed.com/farrahpenn/finals-week-zoom-university-fails?origin=web-hf,18 Times The Students Of Zoom University Really Struggled Through Finals Week,,20200522-1200
https://www.buzzfeednews.com/article/laurenstrapagiel/influencers-say-instagram-is-more-likely-to-remove-photos?origin=web-hf,"Influencers Say Instagram Is Biased Against Plus-Size Bodies, And They May Be Right",,20200522-1200
https://www.buzzfeed.com/mjs538/early-2000s-pictures-for-millennials?origin=web-hf,33 Pictures That Millennials Will Have To Explain To Generation Alpha Someday,,20200522-1200
https://www.buzzfeed.com/hannahmarder/what-movies-about-mental-health-made-you-feel-seen,What Movies Got Mental Health Right?,,20200522-1200
/watch/video/105540,"Camp Counselor Horror Stories
In honor of summer former camp counselors share their craziest, weirdest and funniest experiences from camp.",,20200522-1200
https://www.buzzfeed.com/yiyang/futuristic-products-thatll-probably-make-you-feel-like?origin=web-hf,35 Futuristic Products That’ll Probably Make You Feel Like You’re Living In 3020,,20200522-1200
https://www.buzzfeed.com/morganmurrell/drake-called-kylie-jenner-side-piece-apology?origin=web-hf,"Drake Name-Dropped Kylie Jenner, Kendall Jenner, And Gigi Hadid In A Song, Then Issued An Apology Statement",,20200522-1200
https://www.buzzfeed.com/christopherhudspeth/oh-come-on-facepalm-that-sucks-things?origin=web-hf,15 Facepalm-Worthy Things Humans Recently Did During This Pandemic That Make Me Hope Aliens Aren't Watching,,20200522-1200
https://www.buzzfeed.com/briangalindo/21-tbt-photos-celebs-posted-on-instagram-may-21?origin=web-hf,Here's What Chrissy Teigen And 20 Other Celebrities Shared This Week For #TBT,,20200522-1200
https://www.buzzfeednews.com/article/skbaer/ahmaud-arbery-death-william-bryan-arrest?origin=web-hf,The Man Who Recorded Video Of Ahmaud Arbery Being Shot Has Been Arrested On A Murder Charge,,20200522-1200
https://www.buzzfeed.com/tatianatenreyrowhitlock/michael-cera-aubrey-plaza-chuck-e-cheese-pic?origin=web-hf,Michael Cera And Aubrey Plaza's Chuck E. Cheese Photo Is Legendary And Now We Have The Whole Story,,20200522-1200
https://www.buzzfeed.com/briangalindo/chris-pratt-accidentally-deleted-over-35000-unread-emails?origin=web-hf,"Chris Pratt Accidentally Deleted More Than 35,000 Unread Emails After His Son Gasped At His Full Inbox",,20200522-1200
https://www.buzzfeed.com/sydrobinson1/before-and-after-pets-being-adopted-quarantine?origin=web-hf,21 Before-And-After Pictures Of Pets Who Were Adopted During Quarantine,,20200522-1200
/watch/video/105310,"Loren Gray Reads Her Instagram DMs
Loren Gray bravely sits down to do a deep dive into her Instagram DM requests, which include supportive fans, the obligatory haters, and even some marriage proposals from complete strangers. Check out Loren’s new single “Cake” now: https://www.youtube.com/watch?v=klwWrurkjgc",,20200522-1200
https://www.buzzfeed.com/daves4/everyone-hates-but-does?origin=web-hf,27 Things Everyone On Earth Hates That They Do But Does Anyway,,20200522-1200
https://www.buzzfeed.com/hannahmarder/teen-drama-characters-that-did-not-need-to-die?origin=web-hf,20 Of The Most Tragically Unnecessary Deaths From Teen Dramas,,20200522-1200
https://www.buzzfeed.com/tessafahey/identify-avatar-the-last-airbender-characters-quiz?origin=web-hf,"If You Can Identify 30/36 Of These ""Avatar: The Last Airbender"" Characters, You're A Master Bender",,20200522-1200
https://www.buzzfeed.com/rosethecorgi/choose-some-food-and-revile-your-soulmates-name-7gjir6fim?origin=web-hf,"If You Really Wanna Know The First Letter Of Your Soulmate's Name, Eat Some Food And We'll Tell You",,20200522-1200
https://www.buzzfeed.com/clareaston/my-bibliotherapy-prescription?origin=web-hf,"You Can Now Be ""Prescribed"" Books For Your Mental Health And These Six Were Meant To Help Me",,20200522-1200
https://www.buzzfeed.com/ehisosifo1/harry-potter-letter-p-trivia-quiz?origin=web-hf,"This ""Harry Potter"" Quiz Will Separate The Wizards From The Muggles And It All Depends On The Letter P",,20200522-1200
https://www.buzzfeed.com/mjs538/rose-on-90-day-fiance-and-big-ed?origin=web-hf,We Need To Stop Talking About Big Ed And Start Talking About Rose,,20200522-1200
https://www.buzzfeed.com/isabellalouise/can-you-sort-these-hogwarts-students-in-their-righ-klzvv4gs4?origin=web-hf,Only A Hogwarts Genius Can Match The Student To The House They Were Sorted Into,,20200522-1200
/watch/video/105538,Can These Exes Be Friends?,,20200522-1200
https://www.buzzfeed.com/fallon2/what-hunger-games-characters-belong-in-these-hogwa-ckb6eid9yq?origin=web-hf,"Would You Sort These Characters From ""The Hunger Games"" Into The Same Hogwarts Houses As Everyone Else?",,20200522-1200
https://www.buzzfeed.com/ehisosifo1/drastic-americas-next-top-model-makeovers?origin=web-hf,"23 ""ANTM"" Makeovers That Tyra Banks Actually Assigned To Contestants",,20200522-1200
https://www.buzzfeed.com/christopherhudspeth/people-believed-there-was-evidence-of-a-parallel-universe?origin=web-hf,"17 Of The Funniest Tweets About The Discovery Of ""Evidence"" That A Parallel Universe Exists",,20200522-1200
https://www.buzzfeed.com/alliehayes/books-so-good-you-cannot-put-them-down-flipped?origin=web-hf,"21 Books That Are So Good, People Literally Could Not Put Them Down",,20200522-1200
https://www.buzzfeed.com/avaerickson04/which-disney-prince-do-you-belong-with-1mtuff45b1?origin=web-hf,Which Disney Prince Is Your Soulmate?,,20200522-1200
https://www.buzzfeed.com/stephenlaconte/lana-del-rey-controversy-beyonce-ariana-grande-cardi-b?origin=web-hf,"Lana Del Rey Seemed To Drag Artists Like Beyoncé, Cardi B, And Ariana Grande In A Statement On Instagram, And People Are Pissed",,20200522-1200
https://www.buzzfeed.com/juliawilling/for-everyone-in-love-with-boxer?origin=web-hf,"Boxer From ""White Lines"" Is Pure Sexual Dynamo And These 23 Tweets Prove It",,20200522-1200
https://www.buzzfeed.com/stephenlaconte/oprah-winfrey-big-cabbage-instagram?origin=web-hf,"Oprah Grew A Cabbage So Big She Could Barely Carry It, And You Really Need To See It To Believe It's Real",,20200522-1200
/watch/video/102332,"I Followed Bretman Rock's Oldest And Newest Makeup Tutorial
""This could either be a revelation or a giant mistake.""",,20200522-1200
https://www.buzzfeed.com/kristatorres/little-bugs-live-in-strawberries-so-you-should-al?origin=web-hf,"If You Wash Berries In Salt Water, Little Bugs Will Start To Crawl Out",,20200522-1200
https://www.buzzfeednews.com/article/michaelblackmon/lana-del-rey-instagram-post-race?origin=web-hf,This Is Why People Are Mad At Lana Del Rey,,20200522-1200
https://www.buzzfeed.com/daniellaemanuel/water-popsicles-tiktok?origin=web-hf,"A Mom On TikTok Makes ""Water Popsicles"" For Her Kids And I'm Cracking Up",,20200522-1200
https://www.buzzfeed.com/katdo0907/the-office-and-friends-polls-1v8n4ssmtp?origin=web-hf,"These Polls Are For Fans Of ""Friends"" And ""The Office"" Only",,20200522-1200
https://www.buzzfeed.com/anoushkagadhwal/the-ultimate-harry-potter-and-the-sorcereras-sto-cn37ve6nwu?origin=web-hf,"I Bet You Can't Score 10/13 On This ""Harry Potter And The Sorcerer’s Stone"" Book Quiz",,20200522-1200
https://www.buzzfeed.com/marielasummerhays01/therapy-is-for-men?origin=web-hf,These 7 Men Will Convince You Therapy Is For Everyone,,20200522-1200
https://www.buzzfeed.com/ryanschocket2/people-are-sharing-the-worst-coworker-theyve-worked-with?origin=web-hf,"People Are Sharing The Worst Coworker They've Worked With And Wow, Just Wow",,20200522-1200
https://www.buzzfeed.com/victoriagasparowicz/dark-moments-from-kids-movies-that-are-probably-still?origin=web-hf,22 Unexpectedly Dark Kids Movie Moments That People Wish They Could Forget,,20200522-1200
/watch/video/105809,"The ""Outer Banks"" Cast Answers Your Burning Questions
Your favorite Pogues return as the cast of the hit Netflix series “Outer Banks” (Chase Stokes, Madelyn Cline, Madison Bailey, Rudy Pankow, and Jonathan Daviss) all sit down to answer your burning questions, from how their lives have changed since the show’s debut, to what they think will happen in season two, all the way to which major roles they’ve auditioned for in the past but didn’t get…which leads to one cast member revealing that he very nearly spent some time in a galaxy far, far away.",,20200522-1200
https://www.buzzfeed.com/chilifritos1234/plan-a-wedding-a-well-tell-which-the-office-char-cvj3ackoya?origin=web-hf,"Design Your Dream Wedding And We'll Tell You Which Character From ""The Office"" You Belong With",,20200522-1200
https://www.buzzfeed.com/mjs538/a-news-clip-from-go-topless-jeep-weekend-is-going-viral?origin=web-hf,"A Video From ""Go Topless Jeep Weekend"" Is Going Viral Because ""Not Even SNL Could Write Something This Ridiculous""",,20200522-1200
https://www.buzzfeed.com/lyapalater/the-bar-is-so-low-that-im-emotion-because-adam-sa?origin=web-hf,The Bar Is So Low That I'm Emo Over Adam Sandler Buying Tampons For The Women In His Life,,20200522-1200
https://www.buzzfeed.com/farrahpenn/new-ya-books-spring-2020?origin=web-hf,Here Are The 15 Young Adult Books We're Loving This Spring,,20200522-1200
https://www.buzzfeed.com/buzzfeedoznews/bye-buzzfeed-oz-news?origin=web-hf,This Is BuzzFeed News Australia’s Last Day. Here Are 37 Of Our Favourite Stories.,,20200522-1200
https://www.buzzfeed.com/jasminsuknanan/useful-beauty-products-on-sale?origin=web-hf,23 Useful Beauty Products You'll Probably Be Very Glad You Got On Sale,,20200522-1200
https://www.buzzfeed.com/hbraga/sephora-memorial-day-sale?origin=web-hf,Sephora Has Tons Of Products On Sale For Up To 50% Off Right Now,,20200522-1200
https://www.buzzfeed.com/hannahryan/refugees-phones-australia-whatsapp-interview?origin=web-hf,I WhatsApped Refugees To Ask Why They're So Freaked Out About The Government Taking Their Phones Away,,20200522-1200
/watch/video/103610,Gadiel Gets Financial Tips For Surviving This Pandemic,,20200522-1200
https://www.buzzfeednews.com/article/tanyachen/a-man-is-being-trolled-for-making-a-leather-face-mask?origin=web-hf,This Guy Is Being Trolled After He Shared His Design For A Cool-Looking Leather Face Mask,,20200522-1200
https://www.buzzfeednews.com/article/rubycramer/joe-biden-tara-reade-allegations-senate-2020?origin=web-hf,Tara Reade Stood Apart In Joe Biden's 1990s Senate Staff,,20200522-1200
https://www.buzzfeed.com/jmihaly/fathers-day-gifts-dads-wont-pretend?origin=web-hf,31 Father’s Day Gifts That Dads Won’t Have To Pretend To Like,,20200522-1200
https://www.buzzfeed.com/lakenbrooks222/we-know-your-soulmates-initials-based-on-the-shak-3thj8kp21b?origin=web-hf,We Know Your Soulmate's Initials Based On The Shakespearean Insults You Use To Describe Your Ex,,20200522-1200
https://www.buzzfeed.com/eleanorbate/gigi-hadid-pregnant-during-fashion-week?origin=web-hf,"Gigi Hadid Opened Up About Being ""A Few Months"" Pregnant During Fashion Week And How Her Body Has Changed",,20200522-1200
https://www.buzzfeed.com/yiyang/target-memorial-day-sale?origin=web-hf,All The Best Memorial Day Deals At Target,,20200522-1200
https://www.buzzfeed.com/whitneyjefferson/joaquin-phoenix-and-rooney-mara-baby-tweets?origin=web-hf,18 Perfect Tweets About Joaquin Phoenix And Rooney Mara Having A Baby,,20200522-1200
https://www.buzzfeed.com/kristatorres/jason-derulos-tried-to-eat-corn-off-a-power-drill?origin=web-hf,Jason Derulo Tried To Eat Corn Off A Power Drill And Things Did Not Go Well,,20200522-1200
/watch/video/103666,"Black Family Tries Each Others' Chocolate Chip Cookies
""I'm lactose intolerant, I don't need this!""",,20200522-1200
https://www.buzzfeed.com/racheldunkel/sur-la-table-summer-sale?origin=web-hf,"Sur La Table's Having A Huge Summer Sale, So It's Time To Invest In Some Quality Kitchen Tools",,20200522-1200
https://www.buzzfeed.com/swiftienerd/do-you-agree-with-these-unpopular-book-opinions-e47xhgqlig?origin=web-hf,Do You Actually Agree With These Controversial Book Opinions?,,20200522-1200
https://www.buzzfeed.com/lilianastephens21/make-a-friends-episode-and-ill-tell-you-which-fri-a59ionup2o?origin=web-hf,"Make A ""Friends"" Episode And I'll Tell You Which Character You Are",,20200522-1200
https://www.buzzfeed.com/isabellalouise/this-visual-quiz-will-reveal-which-elemental-bendi-687v2it35g?origin=web-hf,"This Visual Quiz Will Reveal Which ""Avatar: The Last Airbender"" Element You'd Master",,20200522-1200
https://www.buzzfeed.com/samanthawieder/overstocks-memorial-day-blowout-sale-2020?origin=web-hf,All The Best Deals At Overstock's Memorial Day Sale,,20200522-1200
https://www.buzzfeednews.com/article/salvadorhernandez/coronavirus-victim-white-house-butler-wilson-jerman?origin=web-hf,A White House Butler Who Worked For 11 US Presidents Died Of The Coronavirus,,20200522-1200
https://www.buzzfeed.com/kaylaboyd/fathers-day-gifts?origin=web-hf,34 Of The Best Father's Day Gifts To Give This Year,,20200522-1200
https://www.buzzfeed.com/angelicaamartinez/tiktok-vintage-makeup?origin=web-hf,TikTok Taught Me How Wild Vintage Makeup Compacts Were And I Desperately Need Them To Make A Comeback,,20200522-1200
/watch/video/103443,Japanese And Mexican People Swap Board Games,,20200522-1200
https://www.buzzfeed.com/kirbybeaton/books-recommendations-traveling?origin=web-hf,19 Books To Read During Quarantine To Make You Feel Like You're Traveling,,20200522-1200
https://www.buzzfeed.com/malloryannp/fathers-day-gifts-over-35?origin=web-hf,50 Splurge-Worthy Gifts To Surprise Your Dad With This Father's Day,,20200522-1200
https://www.buzzfeed.com/shelbyheinrich/tiktok-music-festival-viral-heartwarming?origin=web-hf,"These Siblings On TikTok Threw Their Brother His Very Own Music Festival In Quarantine, And It's Officially Gone Viral",,20200522-1200
https://www.buzzfeed.com/christopherhudspeth/photos-of-the-pandemic-world-different?origin=web-hf,19 Photos of Life Today That Would've Blown Your Mind A Year Ago,,20200522-1200
https://www.buzzfeed.com/audreyworboys/disney-movie-region-would-you-rather?origin=web-hf,"You Can Only Save One Disney Movie From Each Of These Regions, The Rest Are Deleted Forever",,20200522-1200
https://www.buzzfeed.com/lyapalater/heres-everything-new-coming-to-netflix-this-week-5-21?origin=web-hf,"Here's Everything New Coming To Netflix This Week, Starting May 21",,20200522-1200
https://www.buzzfeed.com/giannaudes/choose-celebrities-a-z-and-ill-tell-you-what-to-d-2r0na9k1lv?origin=web-hf,Choose A Celebrity For Every Letter Of The Alphabet And We'll Give You A New Activity To Try While You're At Home,,20200522-1200
https://www.buzzfeed.com/morganmurrell/serena-williams-daughter-instagram?origin=web-hf,Excuse Me While I Try To Contain My Baby Fever While Watching Serena Williams And Her Daughter,,20200522-1200
/watch/video/105671,Black Women Go To Vegas Without Their Hair Done,,20200522-1200
https://www.buzzfeednews.com,BuzzFeed NewsReporting on what you care about. We hold major institutions accountable and expose wrongdoing.,,20200522-1230
https://www.tasty.co,"BuzzFeed TastySearch, watch, and cook every single Tasty recipe and video ever - all in one place!",,20200522-1230
https://www.buzzfeed.com/goodful,"BuzzFeed GoodfulSelf care and ideas to help you live a healthier, happier life.",,20200522-1230
https://www.buzzfeed.com/bringme,"BuzzFeed Bring MeObsessed with travel? Discover unique things to do, places to eat, and sights to see in the best destinations around the world with Bring Me!",,20200522-1230
https://www.buzzfeed.com/asis,"BuzzFeed As IsSomething for everyone interested in hair, makeup, style, and body positivity.",,20200522-1230
https://www.buzzfeednews.com/article/clarissajanlim/doctor-congressional-hearing-coronavirus-second-wave-ppe?ref=hpsplash&origin=spl,“I Do Not Think We Are Prepared For A Second Wave”: A Doctor Warned Lawmakers About A Serious Shortage Of PPE,,20200522-1230
https://www.buzzfeed.com/jmihaly/home-long-run-benefits?origin=hpp,31 Things To Buy For Your Home That'll Only Benefit You In The Long Run,,20200522-1230
https://www.buzzfeed.com/newsletters?ref=hplego,"WTF Is Happening Today? BuzzFeed Newsletters Can Help!
We have newsletters to help you stay in the loop AND newsletters to help you forget! Try one today!",,20200522-1230
https://www.buzzfeed.com/eleanorbate/kristen-bell-daughter-diapers-mom-shaming?origin=web-hf,"Kristen Bell Revealed Her Five-Year-Old Daughter Is ""Still In Diapers"" During A Conversation About Mom-Shaming",,20200522-1230
https://www.buzzfeed.com/benhenry/demi-lovato-boyfriend-max-ehrich-old-tweet?origin=web-hf,Demi Lovato Shared A Tweet Her Boyfriend Posted In 2011 Asking To Date Her So I Guess This Whole ~Manifestation~ Thing Works After All,,20200522-1230
https://www.buzzfeed.com/andrewziegler/quiz-party?origin=shp,"You Can Now Take BuzzFeed Quizzes In Real Time With Your Friends — You’re Welcome
Let’s get this party started.",,20200522-1230
https://www.buzzfeed.com/jenniferabidor/friends-a-to-z?origin=shp,"This ""Friends"" A–Z Quiz Will Reveal Which Main Character You Are",,20200522-1230
https://www.buzzfeed.com/sarahaspler/taste-in-disney-movies-age-quiz?origin=shp,Can We Accurately Guess Your Age Based On Your Taste In Disney Movies?,,20200522-1230
https://www.buzzfeed.com/andrewziegler/quiz-romantic-type?origin=shp,There Are Actually Only Four Romantic Types And We Can Accurately Guess Yours,,20200522-1230
https://www.buzzfeed.com/sarahaspler/everyone-has-a-fruit-that-matches-their-personalit?origin=shp,Everyone Has A Fruit That Matches Their Personality – Here’s Yours,,20200522-1230
https://www.buzzfeed.com/quizparty,Keep the quiz party going,,20200522-1230
https://www.buzzfeednews.com/article/tanyachen/are-shady-instagram-giveaways-the-new-mlms?origin=web-hf,Are Shady Instagram Giveaways The New MLMs?,,20200522-1230
https://www.buzzfeed.com/hanifahrahman/what-tv-show-inconsistency-will-you-never-forget?origin=web-hf,What's The Most Frustrating Consistency You've Seen In A TV Show?,,20200522-1230
https://www.buzzfeed.com/maitlandquitmeyer/best-memorial-day-sales-deals-2020?origin=hshp,"All The Best Memorial Day Weekend Deals
The savings start now.",,20200522-1230
https://www.buzzfeed.com/kaylasuazo/all-the-best-memorial-day-mattress-sales-2020?origin=hshp,All Of The Best Memorial Day Mattress Sales,,20200522-1230
https://www.buzzfeed.com/emmalord9/best-deals-wayfair-memorial-day-sale?origin=hshp,All The Best Deals At Wayfair's Memorial Day Sale,,20200522-1230
https://www.buzzfeed.com/abbykass/zappos-memorial-day-sale?origin=hshp,You Can Save On *So* Many Popular Shoes During The Zappos Memorial Day Sale,,20200522-1230
https://www.buzzfeed.com/elenamgarcia/dyson-is-having-a-pretty-major-memorial-day-sale-no-better?origin=hshp,Dyson Is Having A Pretty Major Memorial Day Sale — No Better Time Than Now To Get Yourself A New Vacuum,,20200522-1230
https://www.buzzfeed.com/shopping?origin=hshp,See more great product recommendations,,20200522-1230
https://www.buzzfeed.com/malloryannp/bed-frames-thatll-basically-be-the-star-of-your-bedroom?origin=web-hf,29 Bed Frames That'll Basically Be The Star Of Your Bedroom,,20200522-1230
/watch/video/102294,"We Didn't Use Toilet Paper For A Week 
Auri gets Steve to try reusable toilet paper, will he like it?",,20200522-1230
https://www.buzzfeednews.com/article/albertonardelli/trump-g7-coronavirus?origin=web-hf,Trump Wants To Hold The G7 Summit In Person But He Didn’t Ask Other World Leaders About The Idea Before Tweeting It,,20200522-1230
https://www.buzzfeednews.com/article/davidmack/coronavirus-trump-test-positive-negative-answer-video?origin=shp,"Positive News! Trump Says He Tested Positively, Which Means Negative, For The Coronavirus.
“But that’s a way of saying it: positively toward the negative.”",,20200522-1230
https://www.buzzfeednews.com/article/janelytvynenko/coronavirus-spin-doctors?origin=shp,These Are The Fake Experts Pushing Pseudoscience And Conspiracy Theories About The Coronavirus Pandemic,,20200522-1230
https://www.buzzfeednews.com/article/meghara/qatar-coronavirus-tracking-app-mandatory?origin=shp,Qatar Has Made Its Coronavirus Contact Tracing App Mandatory,,20200522-1230
https://www.buzzfeednews.com/article/lamvo/coronavirus-update-charts-unemployment-claims-laid-off-jobs?origin=shp,These Updating Charts Show The Record Number Of Americans Filing Unemployment Claims,,20200522-1230
https://bzfd.it/noc-show,The daily News O'Clock podcast is here.,,20200522-1230
https://www.buzzfeed.com/emmamcanaw/masks-made-here-20-off-sale?origin=web-hf,You Can Now Get Cute New Face Masks At Masks Made Here For 20% Off,,20200522-1230
https://www.buzzfeed.com/zipporkella/what-percent-typical-nerd-are-you-c09ywjxe9m?origin=web-hf,"If You Check Off At Least 17/26 Things On This List, Then You're A Total Nerd",,20200522-1230
https://www.buzzfeed.com/mikespohr/mindblowing-facts?origin=web-hf,18 Random Facts That Absolutely Blew People's Minds On Twitter,,20200522-1230
https://www.buzzfeed.com/tessafahey/iconic-rom-com-checklist?origin=web-hf,How Many Iconic Rom-Coms Have You Actually Seen?,,20200522-1230
https://www.buzzfeed.com/noradominick/celeb-iconic-characters-trivia-quiz?origin=web-hf,These Iconic TV And Movie Characters Were Played By The Same Actor — Can You Tell Them Apart?,,20200522-1230
https://www.buzzfeed.com/victoriavouloumanos/stars-who-are-mixed-asian-pacific-islander?origin=shp,"34 Multiracial Celebs Who Are Actually Asian Or Pacific Islander
Relatable and inspirational icons, all of ‘em.",,20200522-1230
https://www.buzzfeed.com/nusrat21/a-guide-for-people-new-to-bollywood?origin=shp,30 Bollywood Films That Everyone Absolutely Must See,,20200522-1230
https://www.buzzfeed.com/michellemkim/asian-male-celebs-thirst?origin=shp,21 Asian Male Celebs That Have Us Feeling Oh So Very Thirsty,,20200522-1230
https://www.buzzfeed.com/michellemkim/which-anime-best-boy-are-you?origin=shp,Quiz: Which Anime Best Boy Are You?,,20200522-1230
https://www.buzzfeed.com/badge/apahm2020,See all of our APAHM coverage here,,20200522-1230
/watch/video/99501,"Boricua From The Island vs The Mainland 
Love one another, Puerto Ricans from around the world!",,20200522-1230
https://www.buzzfeed.com/tatianatenreyrowhitlock/funniest-tweets-lana-del-rey-instagram-post-drama?origin=web-hf,15 Funny Tweets About The Lana Del Rey Instagram Post Drama,,20200522-1230
https://www.buzzfeed.com/kirbybeaton/virtual-vacation-newsletter-bring-me,"If You're Missing Travel, Sign Up For Our ""Virtual Vacation"" Newsletter",,20200522-1230
https://www.buzzfeed.com/tatianatenreyrowhitlock/lady-gaga-and-ariana-grande-song?origin=web-hf,"Lady Gaga And Ariana Grande Just Made The Weekend More Exciting By Dropping Their Song ""Rain On Me""",,20200522-1230
https://www.buzzfeed.com/jenniferabidor/jokes-about-disney-villains?origin=web-hf,21 Times The Internet Roasted The Disney Villains,,20200522-1230
https://www.buzzfeed.com/tatianatenreyrowhitlock/lana-del-rey-responds-to-backlash-over-instagram-post?origin=web-hf,"Lana Del Rey Responded To The Backlash Toward Her Instagram Post, Saying She's Sad People Made It A ""WOC Issue""",,20200522-1230
https://www.buzzfeed.com/huynht2510/can-we-guess-your-most-recent-emoji-by-this-quiz-eqcv8mgpxb?origin=web-hf,Build A House And We'll Accurately Guess Your Most Recently Used Emoji,,20200522-1230
https://www.buzzfeed.com/farrahpenn/finals-week-zoom-university-fails?origin=web-hf,18 Times The Students Of Zoom University Really Struggled Through Finals Week,,20200522-1230
https://www.buzzfeed.com/kaylayandoli/whats-your-favorite-behind-the-scenes-feud-in-tvmovie,What's The Most Iconic Behind The Scenes Feud From A TV Show Or Movie?,,20200522-1230
/watch/video/105540,"Camp Counselor Horror Stories
In honor of summer former camp counselors share their craziest, weirdest and funniest experiences from camp.",,20200522-1230
https://www.buzzfeednews.com/article/laurenstrapagiel/influencers-say-instagram-is-more-likely-to-remove-photos?origin=web-hf,"Influencers Say Instagram Is Biased Against Plus-Size Bodies, And They May Be Right",,20200522-1230
https://www.buzzfeed.com/mjs538/early-2000s-pictures-for-millennials?origin=web-hf,33 Pictures That Millennials Will Have To Explain To Generation Alpha Someday,,20200522-1230
https://www.buzzfeed.com/morganmurrell/drake-called-kylie-jenner-side-piece-apology?origin=web-hf,"Drake Name-Dropped Kylie Jenner, Kendall Jenner, And Gigi Hadid In A Song, Then Issued An Apology Statement",,20200522-1230
https://www.buzzfeed.com/yiyang/futuristic-products-thatll-probably-make-you-feel-like?origin=web-hf,35 Futuristic Products That’ll Probably Make You Feel Like You’re Living In 3020,,20200522-1230
https://www.buzzfeed.com/christopherhudspeth/oh-come-on-facepalm-that-sucks-things?origin=web-hf,15 Facepalm-Worthy Things Humans Recently Did During This Pandemic That Make Me Hope Aliens Aren't Watching,,20200522-1230
https://www.buzzfeed.com/briangalindo/21-tbt-photos-celebs-posted-on-instagram-may-21?origin=web-hf,Here's What Chrissy Teigen And 20 Other Celebrities Shared This Week For #TBT,,20200522-1230
https://www.buzzfeednews.com/article/skbaer/ahmaud-arbery-death-william-bryan-arrest?origin=web-hf,The Man Who Recorded Video Of Ahmaud Arbery Being Shot Has Been Arrested On A Murder Charge,,20200522-1230
https://www.buzzfeed.com/tatianatenreyrowhitlock/michael-cera-aubrey-plaza-chuck-e-cheese-pic?origin=web-hf,Michael Cera And Aubrey Plaza's Chuck E. Cheese Photo Is Legendary And Now We Have The Whole Story,,20200522-1230
/watch/video/105310,"Loren Gray Reads Her Instagram DMs
Loren Gray bravely sits down to do a deep dive into her Instagram DM requests, which include supportive fans, the obligatory haters, and even some marriage proposals from complete strangers. Check out Loren’s new single “Cake” now: https://www.youtube.com/watch?v=klwWrurkjgc",,20200522-1230
https://www.buzzfeed.com/briangalindo/chris-pratt-accidentally-deleted-over-35000-unread-emails?origin=web-hf,"Chris Pratt Accidentally Deleted More Than 35,000 Unread Emails After His Son Gasped At His Full Inbox",,20200522-1230
https://www.buzzfeed.com/sydrobinson1/before-and-after-pets-being-adopted-quarantine?origin=web-hf,21 Before-And-After Pictures Of Pets Who Were Adopted During Quarantine,,20200522-1230
https://www.buzzfeed.com/daves4/everyone-hates-but-does?origin=web-hf,27 Things Everyone On Earth Hates That They Do But Does Anyway,,20200522-1230
https://www.buzzfeed.com/hannahmarder/teen-drama-characters-that-did-not-need-to-die?origin=web-hf,20 Of The Most Tragically Unnecessary Deaths From Teen Dramas,,20200522-1230
https://www.buzzfeed.com/tessafahey/identify-avatar-the-last-airbender-characters-quiz?origin=web-hf,"If You Can Identify 30/36 Of These ""Avatar: The Last Airbender"" Characters, You're A Master Bender",,20200522-1230
https://www.buzzfeed.com/clareaston/my-bibliotherapy-prescription?origin=web-hf,"You Can Now Be ""Prescribed"" Books For Your Mental Health And These Six Were Meant To Help Me",,20200522-1230
https://www.buzzfeed.com/rosethecorgi/choose-some-food-and-revile-your-soulmates-name-7gjir6fim?origin=web-hf,"If You Really Wanna Know The First Letter Of Your Soulmate's Name, Eat Some Food And We'll Tell You",,20200522-1230
https://www.buzzfeed.com/ehisosifo1/harry-potter-letter-p-trivia-quiz?origin=web-hf,"This ""Harry Potter"" Quiz Will Separate The Wizards From The Muggles And It All Depends On The Letter P",,20200522-1230
/watch/video/105538,Can These Exes Be Friends?,,20200522-1230
https://www.buzzfeed.com/mjs538/rose-on-90-day-fiance-and-big-ed?origin=web-hf,We Need To Stop Talking About Big Ed And Start Talking About Rose,,20200522-1230
https://www.buzzfeed.com/isabellalouise/can-you-sort-these-hogwarts-students-in-their-righ-klzvv4gs4?origin=web-hf,Only A Hogwarts Genius Can Match The Student To The House They Were Sorted Into,,20200522-1230
https://www.buzzfeed.com/fallon2/what-hunger-games-characters-belong-in-these-hogwa-ckb6eid9yq?origin=web-hf,"Would You Sort These Characters From ""The Hunger Games"" Into The Same Hogwarts Houses As Everyone Else?",,20200522-1230
https://www.buzzfeed.com/christopherhudspeth/people-believed-there-was-evidence-of-a-parallel-universe?origin=web-hf,"17 Of The Funniest Tweets About The Discovery Of ""Evidence"" That A Parallel Universe Exists",,20200522-1230
https://www.buzzfeed.com/ehisosifo1/drastic-americas-next-top-model-makeovers?origin=web-hf,"23 ""ANTM"" Makeovers That Tyra Banks Actually Assigned To Contestants",,20200522-1230
https://www.buzzfeed.com/alliehayes/books-so-good-you-cannot-put-them-down-flipped?origin=web-hf,"21 Books That Are So Good, People Literally Could Not Put Them Down",,20200522-1230
https://www.buzzfeed.com/avaerickson04/which-disney-prince-do-you-belong-with-1mtuff45b1?origin=web-hf,Which Disney Prince Is Your Soulmate?,,20200522-1230
https://www.buzzfeed.com/stephenlaconte/lana-del-rey-controversy-beyonce-ariana-grande-cardi-b?origin=web-hf,"Lana Del Rey Seemed To Drag Artists Like Beyoncé, Cardi B, And Ariana Grande In A Statement On Instagram, And People Are Pissed",,20200522-1230
/watch/video/102332,"I Followed Bretman Rock's Oldest And Newest Makeup Tutorial
""This could either be a revelation or a giant mistake.""",,20200522-1230
https://www.buzzfeed.com/juliawilling/for-everyone-in-love-with-boxer?origin=web-hf,"Boxer From ""White Lines"" Is Pure Sexual Dynamo And These 23 Tweets Prove It",,20200522-1230
https://www.buzzfeed.com/stephenlaconte/oprah-winfrey-big-cabbage-instagram?origin=web-hf,"Oprah Grew A Cabbage So Big She Could Barely Carry It, And You Really Need To See It To Believe It's Real",,20200522-1230
https://www.buzzfeed.com/kristatorres/little-bugs-live-in-strawberries-so-you-should-al?origin=web-hf,"If You Wash Berries In Salt Water, Little Bugs Will Start To Crawl Out",,20200522-1230
https://www.buzzfeednews.com/article/michaelblackmon/lana-del-rey-instagram-post-race?origin=web-hf,This Is Why People Are Mad At Lana Del Rey,,20200522-1230
https://www.buzzfeed.com/daniellaemanuel/water-popsicles-tiktok?origin=web-hf,"A Mom On TikTok Makes ""Water Popsicles"" For Her Kids And I'm Cracking Up",,20200522-1230
https://www.buzzfeed.com/katdo0907/the-office-and-friends-polls-1v8n4ssmtp?origin=web-hf,"These Polls Are For Fans Of ""Friends"" And ""The Office"" Only",,20200522-1230
https://www.buzzfeed.com/anoushkagadhwal/the-ultimate-harry-potter-and-the-sorcereras-sto-cn37ve6nwu?origin=web-hf,"I Bet You Can't Score 10/13 On This ""Harry Potter And The Sorcerer’s Stone"" Book Quiz",,20200522-1230
https://www.buzzfeed.com/marielasummerhays01/therapy-is-for-men?origin=web-hf,These 7 Men Will Convince You Therapy Is For Everyone,,20200522-1230
/watch/video/105809,"The ""Outer Banks"" Cast Answers Your Burning Questions
Your favorite Pogues return as the cast of the hit Netflix series “Outer Banks” (Chase Stokes, Madelyn Cline, Madison Bailey, Rudy Pankow, and Jonathan Daviss) all sit down to answer your burning questions, from how their lives have changed since the show’s debut, to what they think will happen in season two, all the way to which major roles they’ve auditioned for in the past but didn’t get…which leads to one cast member revealing that he very nearly spent some time in a galaxy far, far away.",,20200522-1230
https://www.buzzfeed.com/ryanschocket2/people-are-sharing-the-worst-coworker-theyve-worked-with?origin=web-hf,"People Are Sharing The Worst Coworker They've Worked With And Wow, Just Wow",,20200522-1230
https://www.buzzfeed.com/victoriagasparowicz/dark-moments-from-kids-movies-that-are-probably-still?origin=web-hf,22 Unexpectedly Dark Kids Movie Moments That People Wish They Could Forget,,20200522-1230
https://www.buzzfeed.com/chilifritos1234/plan-a-wedding-a-well-tell-which-the-office-char-cvj3ackoya?origin=web-hf,"Design Your Dream Wedding And We'll Tell You Which Character From ""The Office"" You Belong With",,20200522-1230
https://www.buzzfeed.com/mjs538/a-news-clip-from-go-topless-jeep-weekend-is-going-viral?origin=web-hf,"A Video From ""Go Topless Jeep Weekend"" Is Going Viral Because ""Not Even SNL Could Write Something This Ridiculous""",,20200522-1230
https://www.buzzfeed.com/lyapalater/the-bar-is-so-low-that-im-emotion-because-adam-sa?origin=web-hf,The Bar Is So Low That I'm Emo Over Adam Sandler Buying Tampons For The Women In His Life,,20200522-1230
https://www.buzzfeed.com/farrahpenn/new-ya-books-spring-2020?origin=web-hf,Here Are The 15 Young Adult Books We're Loving This Spring,,20200522-1230
https://www.buzzfeed.com/buzzfeedoznews/bye-buzzfeed-oz-news?origin=web-hf,This Is BuzzFeed News Australia’s Last Day. Here Are 37 Of Our Favourite Stories.,,20200522-1230
https://www.buzzfeed.com/jasminsuknanan/useful-beauty-products-on-sale?origin=web-hf,23 Useful Beauty Products You'll Probably Be Very Glad You Got On Sale,,20200522-1230
/watch/video/103610,Gadiel Gets Financial Tips For Surviving This Pandemic,,20200522-1230
https://www.buzzfeed.com/hbraga/sephora-memorial-day-sale?origin=web-hf,Sephora Has Tons Of Products On Sale For Up To 50% Off Right Now,,20200522-1230
https://www.buzzfeed.com/hannahryan/refugees-phones-australia-whatsapp-interview?origin=web-hf,I WhatsApped Refugees To Ask Why They're So Freaked Out About The Government Taking Their Phones Away,,20200522-1230
https://www.buzzfeednews.com/article/tanyachen/a-man-is-being-trolled-for-making-a-leather-face-mask?origin=web-hf,This Guy Is Being Trolled After He Shared His Design For A Cool-Looking Leather Face Mask,,20200522-1230
https://www.buzzfeednews.com/article/rubycramer/joe-biden-tara-reade-allegations-senate-2020?origin=web-hf,Tara Reade Stood Apart In Joe Biden's 1990s Senate Staff,,20200522-1230
https://www.buzzfeed.com/jmihaly/fathers-day-gifts-dads-wont-pretend?origin=web-hf,31 Father’s Day Gifts That Dads Won’t Have To Pretend To Like,,20200522-1230
https://www.buzzfeed.com/lakenbrooks222/we-know-your-soulmates-initials-based-on-the-shak-3thj8kp21b?origin=web-hf,We Know Your Soulmate's Initials Based On The Shakespearean Insults You Use To Describe Your Ex,,20200522-1230
https://www.buzzfeed.com/eleanorbate/gigi-hadid-pregnant-during-fashion-week?origin=web-hf,"Gigi Hadid Opened Up About Being ""A Few Months"" Pregnant During Fashion Week And How Her Body Has Changed",,20200522-1230
https://www.buzzfeed.com/yiyang/target-memorial-day-sale?origin=web-hf,All The Best Memorial Day Deals At Target,,20200522-1230
/watch/video/103666,"Black Family Tries Each Others' Chocolate Chip Cookies
""I'm lactose intolerant, I don't need this!""",,20200522-1230
https://www.buzzfeed.com/whitneyjefferson/joaquin-phoenix-and-rooney-mara-baby-tweets?origin=web-hf,18 Perfect Tweets About Joaquin Phoenix And Rooney Mara Having A Baby,,20200522-1230
https://www.buzzfeed.com/kristatorres/jason-derulos-tried-to-eat-corn-off-a-power-drill?origin=web-hf,Jason Derulo Tried To Eat Corn Off A Power Drill And Things Did Not Go Well,,20200522-1230
https://www.buzzfeed.com/racheldunkel/sur-la-table-summer-sale?origin=web-hf,"Sur La Table's Having A Huge Summer Sale, So It's Time To Invest In Some Quality Kitchen Tools",,20200522-1230
https://www.buzzfeed.com/swiftienerd/do-you-agree-with-these-unpopular-book-opinions-e47xhgqlig?origin=web-hf,Do You Actually Agree With These Controversial Book Opinions?,,20200522-1230
https://www.buzzfeed.com/lilianastephens21/make-a-friends-episode-and-ill-tell-you-which-fri-a59ionup2o?origin=web-hf,"Make A ""Friends"" Episode And I'll Tell You Which Character You Are",,20200522-1230
https://www.buzzfeed.com/isabellalouise/this-visual-quiz-will-reveal-which-elemental-bendi-687v2it35g?origin=web-hf,"This Visual Quiz Will Reveal Which ""Avatar: The Last Airbender"" Element You'd Master",,20200522-1230
https://www.buzzfeed.com/samanthawieder/overstocks-memorial-day-blowout-sale-2020?origin=web-hf,All The Best Deals At Overstock's Memorial Day Sale,,20200522-1230
https://www.buzzfeednews.com/article/salvadorhernandez/coronavirus-victim-white-house-butler-wilson-jerman?origin=web-hf,A White House Butler Who Worked For 11 US Presidents Died Of The Coronavirus,,20200522-1230
/watch/video/103443,Japanese And Mexican People Swap Board Games,,20200522-1230
https://www.buzzfeed.com/kaylaboyd/fathers-day-gifts?origin=web-hf,34 Of The Best Father's Day Gifts To Give This Year,,20200522-1230
https://www.buzzfeed.com/angelicaamartinez/tiktok-vintage-makeup?origin=web-hf,TikTok Taught Me How Wild Vintage Makeup Compacts Were And I Desperately Need Them To Make A Comeback,,20200522-1230
https://www.buzzfeed.com/kirbybeaton/books-recommendations-traveling?origin=web-hf,19 Books To Read During Quarantine To Make You Feel Like You're Traveling,,20200522-1230
https://www.buzzfeed.com/malloryannp/fathers-day-gifts-over-35?origin=web-hf,50 Splurge-Worthy Gifts To Surprise Your Dad With This Father's Day,,20200522-1230
https://www.buzzfeed.com/shelbyheinrich/tiktok-music-festival-viral-heartwarming?origin=web-hf,"These Siblings On TikTok Threw Their Brother His Very Own Music Festival In Quarantine, And It's Officially Gone Viral",,20200522-1230
https://www.buzzfeed.com/christopherhudspeth/photos-of-the-pandemic-world-different?origin=web-hf,19 Photos of Life Today That Would've Blown Your Mind A Year Ago,,20200522-1230
https://www.buzzfeed.com/audreyworboys/disney-movie-region-would-you-rather?origin=web-hf,"You Can Only Save One Disney Movie From Each Of These Regions, The Rest Are Deleted Forever",,20200522-1230
https://www.buzzfeed.com/lyapalater/heres-everything-new-coming-to-netflix-this-week-5-21?origin=web-hf,"Here's Everything New Coming To Netflix This Week, Starting May 21",,20200522-1230
/watch/video/105671,Black Women Go To Vegas Without Their Hair Done,,20200522-1230
https://www.buzzfeednews.com,BuzzFeed NewsReporting on what you care about. We hold major institutions accountable and expose wrongdoing.,,20200522-1300
https://www.tasty.co,"BuzzFeed TastySearch, watch, and cook every single Tasty recipe and video ever - all in one place!",,20200522-1300
https://www.buzzfeed.com/goodful,"BuzzFeed GoodfulSelf care and ideas to help you live a healthier, happier life.",,20200522-1300
https://www.buzzfeed.com/bringme,"BuzzFeed Bring MeObsessed with travel? Discover unique things to do, places to eat, and sights to see in the best destinations around the world with Bring Me!",,20200522-1300
https://www.buzzfeed.com/asis,"BuzzFeed As IsSomething for everyone interested in hair, makeup, style, and body positivity.",,20200522-1300
https://www.buzzfeednews.com/article/clarissajanlim/doctor-congressional-hearing-coronavirus-second-wave-ppe?ref=hpsplash&origin=spl,“I Do Not Think We Are Prepared For A Second Wave”: A Doctor Warned Lawmakers About A Serious Shortage Of PPE,,20200522-1300
https://www.buzzfeed.com/jmihaly/home-long-run-benefits?origin=hpp,31 Things To Buy For Your Home That'll Only Benefit You In The Long Run,,20200522-1300
https://www.buzzfeed.com/newsletters?ref=hplego,"WTF Is Happening Today? BuzzFeed Newsletters Can Help!
We have newsletters to help you stay in the loop AND newsletters to help you forget! Try one today!",,20200522-1300
https://www.buzzfeed.com/eleanorbate/kristen-bell-daughter-diapers-mom-shaming?origin=web-hf,"Kristen Bell Revealed Her Five-Year-Old Daughter Is ""Still In Diapers"" During A Conversation About Mom-Shaming",,20200522-1300
https://www.buzzfeed.com/laurengarafano/pick-one-hot-guy-per-teen-drama-poll?origin=web-hf,This Quiz Makes You Choose Only One Hot Guy From Each Teen Drama,,20200522-1300
https://www.buzzfeed.com/andrewziegler/quiz-party?origin=shp,"You Can Now Take BuzzFeed Quizzes In Real Time With Your Friends — You’re Welcome
Let’s get this party started.",,20200522-1300
https://www.buzzfeed.com/jenniferabidor/friends-a-to-z?origin=shp,"This ""Friends"" A–Z Quiz Will Reveal Which Main Character You Are",,20200522-1300
https://www.buzzfeed.com/sarahaspler/taste-in-disney-movies-age-quiz?origin=shp,Can We Accurately Guess Your Age Based On Your Taste In Disney Movies?,,20200522-1300
https://www.buzzfeed.com/andrewziegler/quiz-romantic-type?origin=shp,There Are Actually Only Four Romantic Types And We Can Accurately Guess Yours,,20200522-1300
https://www.buzzfeed.com/sarahaspler/everyone-has-a-fruit-that-matches-their-personalit?origin=shp,Everyone Has A Fruit That Matches Their Personality – Here’s Yours,,20200522-1300
https://www.buzzfeed.com/quizparty,Keep the quiz party going,,20200522-1300
https://www.buzzfeed.com/benhenry/demi-lovato-boyfriend-max-ehrich-old-tweet?origin=web-hf,Demi Lovato's Boyfriend Tweeting That He Wanted To Date Her Back In 2011 Is Basically Proof That We Should Start Shooting Our Shot,,20200522-1300
https://www.buzzfeednews.com/article/tanyachen/are-shady-instagram-giveaways-the-new-mlms?origin=web-hf,Are Shady Instagram Giveaways The New MLMs?,,20200522-1300
https://www.buzzfeed.com/maitlandquitmeyer/best-memorial-day-sales-deals-2020?origin=hshp,"All The Best Memorial Day Weekend Deals
The savings start now.",,20200522-1300
https://www.buzzfeed.com/kaylasuazo/all-the-best-memorial-day-mattress-sales-2020?origin=hshp,All Of The Best Memorial Day Mattress Sales,,20200522-1300
https://www.buzzfeed.com/emmalord9/best-deals-wayfair-memorial-day-sale?origin=hshp,All The Best Deals At Wayfair's Memorial Day Sale,,20200522-1300
https://www.buzzfeed.com/abbykass/zappos-memorial-day-sale?origin=hshp,You Can Save On *So* Many Popular Shoes During The Zappos Memorial Day Sale,,20200522-1300
https://www.buzzfeed.com/elenamgarcia/dyson-is-having-a-pretty-major-memorial-day-sale-no-better?origin=hshp,Dyson Is Having A Pretty Major Memorial Day Sale — No Better Time Than Now To Get Yourself A New Vacuum,,20200522-1300
https://www.buzzfeed.com/shopping?origin=hshp,See more great product recommendations,,20200522-1300
https://www.buzzfeed.com/hanifahrahman/what-tv-show-inconsistency-will-you-never-forget?origin=web-hf,What's The Most Frustrating Consistency You've Seen In A TV Show?,,20200522-1300
/watch/video/102294,"We Didn't Use Toilet Paper For A Week 
Auri gets Steve to try reusable toilet paper, will he like it?",,20200522-1300
https://www.buzzfeed.com/malloryannp/bed-frames-thatll-basically-be-the-star-of-your-bedroom?origin=web-hf,29 Bed Frames That'll Basically Be The Star Of Your Bedroom,,20200522-1300
https://www.buzzfeednews.com/article/davidmack/coronavirus-trump-test-positive-negative-answer-video?origin=shp,"Positive News! Trump Says He Tested Positively, Which Means Negative, For The Coronavirus.
“But that’s a way of saying it: positively toward the negative.”",,20200522-1300
https://www.buzzfeednews.com/article/janelytvynenko/coronavirus-spin-doctors?origin=shp,These Are The Fake Experts Pushing Pseudoscience And Conspiracy Theories About The Coronavirus Pandemic,,20200522-1300
https://www.buzzfeednews.com/article/meghara/qatar-coronavirus-tracking-app-mandatory?origin=shp,Qatar Has Made Its Coronavirus Contact Tracing App Mandatory,,20200522-1300
https://www.buzzfeednews.com/article/lamvo/coronavirus-update-charts-unemployment-claims-laid-off-jobs?origin=shp,These Updating Charts Show The Record Number Of Americans Filing Unemployment Claims,,20200522-1300
https://bzfd.it/noc-show,The daily News O'Clock podcast is here.,,20200522-1300
https://www.buzzfeednews.com/article/albertonardelli/trump-g7-coronavirus?origin=web-hf,Trump Wants To Hold The G7 Summit In Person But He Didn’t Ask Other World Leaders About The Idea Before Tweeting It,,20200522-1300
https://www.buzzfeed.com/emmamcanaw/masks-made-here-20-off-sale?origin=web-hf,"If You're Looking For New Face Masks, Masks Made Here Is Having A 20% Off Sale",,20200522-1300
https://www.buzzfeed.com/mikespohr/mindblowing-facts?origin=web-hf,18 Random Facts That Absolutely Blew People's Minds On Twitter,,20200522-1300
https://www.buzzfeed.com/zipporkella/what-percent-typical-nerd-are-you-c09ywjxe9m?origin=web-hf,"If You Check Off At Least 17/26 Things On This List, Then You're A Total Nerd",,20200522-1300
https://www.buzzfeed.com/tessafahey/iconic-rom-com-checklist?origin=web-hf,How Many Iconic Rom-Coms Have You Actually Seen?,,20200522-1300
https://www.buzzfeed.com/victoriavouloumanos/stars-who-are-mixed-asian-pacific-islander?origin=shp,"34 Multiracial Celebs Who Are Actually Asian Or Pacific Islander
Relatable and inspirational icons, all of ‘em.",,20200522-1300
https://www.buzzfeed.com/nusrat21/a-guide-for-people-new-to-bollywood?origin=shp,30 Bollywood Films That Everyone Absolutely Must See,,20200522-1300
https://www.buzzfeed.com/michellemkim/asian-male-celebs-thirst?origin=shp,21 Asian Male Celebs That Have Us Feeling Oh So Very Thirsty,,20200522-1300
https://www.buzzfeed.com/michellemkim/which-anime-best-boy-are-you?origin=shp,Quiz: Which Anime Best Boy Are You?,,20200522-1300
https://www.buzzfeed.com/badge/apahm2020,See all of our APAHM coverage here,,20200522-1300
/watch/video/99501,"Boricua From The Island vs The Mainland 
Love one another, Puerto Ricans from around the world!",,20200522-1300
https://www.buzzfeed.com/noradominick/celeb-iconic-characters-trivia-quiz?origin=web-hf,These Iconic TV And Movie Characters Were Played By The Same Actor — Can You Tell Them Apart?,,20200522-1300
https://www.buzzfeed.com/buzzfeedresearch/civicscience-main3-buzz,Let Your Voice Be Heard. Tell Us Your Opinions!,,20200522-1300
https://www.buzzfeed.com/tatianatenreyrowhitlock/lady-gaga-and-ariana-grande-song?origin=web-hf,"Lady Gaga And Ariana Grande Just Made The Weekend More Exciting By Dropping Their Song ""Rain On Me""",,20200522-1300
https://www.buzzfeed.com/tatianatenreyrowhitlock/funniest-tweets-lana-del-rey-instagram-post-drama?origin=web-hf,15 Funny Tweets About The Lana Del Rey Instagram Post Drama,,20200522-1300
https://www.buzzfeed.com/jenniferabidor/jokes-about-disney-villains?origin=web-hf,21 Times The Internet Roasted The Disney Villains,,20200522-1300
https://www.buzzfeed.com/tatianatenreyrowhitlock/lana-del-rey-responds-to-backlash-over-instagram-post?origin=web-hf,"Lana Del Rey Responded To The Backlash Toward Her Instagram Post, Saying She's Sad People Made It A ""WOC Issue""",,20200522-1300
https://www.buzzfeed.com/huynht2510/can-we-guess-your-most-recent-emoji-by-this-quiz-eqcv8mgpxb?origin=web-hf,Build A House And We'll Accurately Guess Your Most Recently Used Emoji,,20200522-1300
https://www.buzzfeed.com/melanie_aman/what-is-the-best-place-to-buy-bras-if-you-have-small-boobs,What's The Best Place To Buy Bras If You Have Small Boobs?,,20200522-1300
/watch/video/105540,"Camp Counselor Horror Stories
In honor of summer former camp counselors share their craziest, weirdest and funniest experiences from camp.",,20200522-1300
https://www.buzzfeed.com/farrahpenn/finals-week-zoom-university-fails?origin=web-hf,18 Times The Students Of Zoom University Really Struggled Through Finals Week,,20200522-1300
https://www.buzzfeednews.com/article/laurenstrapagiel/influencers-say-instagram-is-more-likely-to-remove-photos?origin=web-hf,"Influencers Say Instagram Is Biased Against Plus-Size Bodies, And They May Be Right",,20200522-1300
https://www.buzzfeed.com/mjs538/early-2000s-pictures-for-millennials?origin=web-hf,33 Pictures That Millennials Will Have To Explain To Generation Alpha Someday,,20200522-1300
https://www.buzzfeed.com/morganmurrell/drake-called-kylie-jenner-side-piece-apology?origin=web-hf,"Drake Name-Dropped Kylie Jenner, Kendall Jenner, And Gigi Hadid In A Song, Then Issued An Apology Statement",,20200522-1300
https://www.buzzfeed.com/yiyang/futuristic-products-thatll-probably-make-you-feel-like?origin=web-hf,35 Futuristic Products That’ll Probably Make You Feel Like You’re Living In 3020,,20200522-1300
https://www.buzzfeed.com/christopherhudspeth/oh-come-on-facepalm-that-sucks-things?origin=web-hf,15 Facepalm-Worthy Things Humans Recently Did During This Pandemic That Make Me Hope Aliens Aren't Watching,,20200522-1300
https://www.buzzfeed.com/briangalindo/21-tbt-photos-celebs-posted-on-instagram-may-21?origin=web-hf,Here's What Chrissy Teigen And 20 Other Celebrities Shared This Week For #TBT,,20200522-1300
https://www.buzzfeednews.com/article/skbaer/ahmaud-arbery-death-william-bryan-arrest?origin=web-hf,The Man Who Recorded Video Of Ahmaud Arbery Being Shot Has Been Arrested On A Murder Charge,,20200522-1300
/watch/video/105310,"Loren Gray Reads Her Instagram DMs
Loren Gray bravely sits down to do a deep dive into her Instagram DM requests, which include supportive fans, the obligatory haters, and even some marriage proposals from complete strangers. Check out Loren’s new single “Cake” now: https://www.youtube.com/watch?v=klwWrurkjgc",,20200522-1300
https://www.buzzfeed.com/tatianatenreyrowhitlock/michael-cera-aubrey-plaza-chuck-e-cheese-pic?origin=web-hf,Michael Cera And Aubrey Plaza's Chuck E. Cheese Photo Is Legendary And Now We Have The Whole Story,,20200522-1300
https://www.buzzfeed.com/briangalindo/chris-pratt-accidentally-deleted-over-35000-unread-emails?origin=web-hf,"Chris Pratt Accidentally Deleted More Than 35,000 Unread Emails After His Son Gasped At His Full Inbox",,20200522-1300
https://www.buzzfeed.com/sydrobinson1/before-and-after-pets-being-adopted-quarantine?origin=web-hf,21 Before-And-After Pictures Of Pets Who Were Adopted During Quarantine,,20200522-1300
https://www.buzzfeed.com/daves4/everyone-hates-but-does?origin=web-hf,27 Things Everyone On Earth Hates That They Do But Does Anyway,,20200522-1300
https://www.buzzfeed.com/hannahmarder/teen-drama-characters-that-did-not-need-to-die?origin=web-hf,20 Of The Most Tragically Unnecessary Deaths From Teen Dramas,,20200522-1300
https://www.buzzfeed.com/tessafahey/identify-avatar-the-last-airbender-characters-quiz?origin=web-hf,"If You Can Identify 30/36 Of These ""Avatar: The Last Airbender"" Characters, You're A Master Bender",,20200522-1300
https://www.buzzfeed.com/clareaston/my-bibliotherapy-prescription?origin=web-hf,"You Can Now Be ""Prescribed"" Books For Your Mental Health And These Six Were Meant To Help Me",,20200522-1300
https://www.buzzfeed.com/rosethecorgi/choose-some-food-and-revile-your-soulmates-name-7gjir6fim?origin=web-hf,"If You Really Wanna Know The First Letter Of Your Soulmate's Name, Eat Some Food And We'll Tell You",,20200522-1300
/watch/video/105538,Can These Exes Be Friends?,,20200522-1300
https://www.buzzfeed.com/ehisosifo1/harry-potter-letter-p-trivia-quiz?origin=web-hf,"This ""Harry Potter"" Quiz Will Separate The Wizards From The Muggles And It All Depends On The Letter P",,20200522-1300
https://www.buzzfeed.com/mjs538/rose-on-90-day-fiance-and-big-ed?origin=web-hf,We Need To Stop Talking About Big Ed And Start Talking About Rose,,20200522-1300
https://www.buzzfeed.com/isabellalouise/can-you-sort-these-hogwarts-students-in-their-righ-klzvv4gs4?origin=web-hf,Only A Hogwarts Genius Can Match The Student To The House They Were Sorted Into,,20200522-1300
https://www.buzzfeed.com/christopherhudspeth/people-believed-there-was-evidence-of-a-parallel-universe?origin=web-hf,"17 Of The Funniest Tweets About The Discovery Of ""Evidence"" That A Parallel Universe Exists",,20200522-1300
https://www.buzzfeed.com/ehisosifo1/drastic-americas-next-top-model-makeovers?origin=web-hf,"23 ""ANTM"" Makeovers That Tyra Banks Actually Assigned To Contestants",,20200522-1300
https://www.buzzfeed.com/alliehayes/books-so-good-you-cannot-put-them-down-flipped?origin=web-hf,"21 Books That Are So Good, People Literally Could Not Put Them Down",,20200522-1300
https://www.buzzfeed.com/fallon2/what-hunger-games-characters-belong-in-these-hogwa-ckb6eid9yq?origin=web-hf,"Would You Sort These Characters From ""The Hunger Games"" Into The Same Hogwarts Houses As Everyone Else?",,20200522-1300
https://www.buzzfeed.com/avaerickson04/which-disney-prince-do-you-belong-with-1mtuff45b1?origin=web-hf,Which Disney Prince Is Your Soulmate?,,20200522-1300
/watch/video/102332,"I Followed Bretman Rock's Oldest And Newest Makeup Tutorial
""This could either be a revelation or a giant mistake.""",,20200522-1300
https://www.buzzfeed.com/stephenlaconte/lana-del-rey-controversy-beyonce-ariana-grande-cardi-b?origin=web-hf,"Lana Del Rey Seemed To Drag Artists Like Beyoncé, Cardi B, And Ariana Grande In A Statement On Instagram, And People Are Pissed",,20200522-1300
https://www.buzzfeed.com/juliawilling/for-everyone-in-love-with-boxer?origin=web-hf,"Boxer From ""White Lines"" Is Pure Sexual Dynamo And These 23 Tweets Prove It",,20200522-1300
https://www.buzzfeed.com/stephenlaconte/oprah-winfrey-big-cabbage-instagram?origin=web-hf,"Oprah Grew A Cabbage So Big She Could Barely Carry It, And You Really Need To See It To Believe It's Real",,20200522-1300
https://www.buzzfeed.com/kristatorres/little-bugs-live-in-strawberries-so-you-should-al?origin=web-hf,"If You Wash Berries In Salt Water, Little Bugs Will Start To Crawl Out",,20200522-1300
https://www.buzzfeednews.com/article/michaelblackmon/lana-del-rey-instagram-post-race?origin=web-hf,This Is Why People Are Mad At Lana Del Rey,,20200522-1300
https://www.buzzfeed.com/daniellaemanuel/water-popsicles-tiktok?origin=web-hf,"A Mom On TikTok Makes ""Water Popsicles"" For Her Kids And I'm Cracking Up",,20200522-1300
https://www.buzzfeed.com/katdo0907/the-office-and-friends-polls-1v8n4ssmtp?origin=web-hf,"These Polls Are For Fans Of ""Friends"" And ""The Office"" Only",,20200522-1300
https://www.buzzfeed.com/marielasummerhays01/therapy-is-for-men?origin=web-hf,These 7 Men Will Convince You Therapy Is For Everyone,,20200522-1300
/watch/video/105809,"The ""Outer Banks"" Cast Answers Your Burning Questions
Your favorite Pogues return as the cast of the hit Netflix series “Outer Banks” (Chase Stokes, Madelyn Cline, Madison Bailey, Rudy Pankow, and Jonathan Daviss) all sit down to answer your burning questions, from how their lives have changed since the show’s debut, to what they think will happen in season two, all the way to which major roles they’ve auditioned for in the past but didn’t get…which leads to one cast member revealing that he very nearly spent some time in a galaxy far, far away.",,20200522-1300
https://www.buzzfeed.com/anoushkagadhwal/the-ultimate-harry-potter-and-the-sorcereras-sto-cn37ve6nwu?origin=web-hf,"I Bet You Can't Score 10/13 On This ""Harry Potter And The Sorcerer’s Stone"" Book Quiz",,20200522-1300
https://www.buzzfeed.com/ryanschocket2/people-are-sharing-the-worst-coworker-theyve-worked-with?origin=web-hf,"People Are Sharing The Worst Coworker They've Worked With And Wow, Just Wow",,20200522-1300
https://www.buzzfeed.com/victoriagasparowicz/dark-moments-from-kids-movies-that-are-probably-still?origin=web-hf,22 Unexpectedly Dark Kids Movie Moments That People Wish They Could Forget,,20200522-1300
https://www.buzzfeed.com/chilifritos1234/plan-a-wedding-a-well-tell-which-the-office-char-cvj3ackoya?origin=web-hf,"Design Your Dream Wedding And We'll Tell You Which Character From ""The Office"" You Belong With",,20200522-1300
https://www.buzzfeed.com/mjs538/a-news-clip-from-go-topless-jeep-weekend-is-going-viral?origin=web-hf,"A Video From ""Go Topless Jeep Weekend"" Is Going Viral Because ""Not Even SNL Could Write Something This Ridiculous""",,20200522-1300
https://www.buzzfeed.com/lyapalater/the-bar-is-so-low-that-im-emotion-because-adam-sa?origin=web-hf,The Bar Is So Low That I'm Emo Over Adam Sandler Buying Tampons For The Women In His Life,,20200522-1300
https://www.buzzfeed.com/farrahpenn/new-ya-books-spring-2020?origin=web-hf,Here Are The 15 Young Adult Books We're Loving This Spring,,20200522-1300
https://www.buzzfeed.com/buzzfeedoznews/bye-buzzfeed-oz-news?origin=web-hf,This Is BuzzFeed News Australia’s Last Day. Here Are 37 Of Our Favourite Stories.,,20200522-1300
/watch/video/103610,Gadiel Gets Financial Tips For Surviving This Pandemic,,20200522-1300
https://www.buzzfeed.com/jasminsuknanan/useful-beauty-products-on-sale?origin=web-hf,23 Useful Beauty Products You'll Probably Be Very Glad You Got On Sale,,20200522-1300
https://www.buzzfeed.com/hbraga/sephora-memorial-day-sale?origin=web-hf,Sephora Has Tons Of Products On Sale For Up To 50% Off Right Now,,20200522-1300
https://www.buzzfeed.com/hannahryan/refugees-phones-australia-whatsapp-interview?origin=web-hf,I WhatsApped Refugees To Ask Why They're So Freaked Out About The Government Taking Their Phones Away,,20200522-1300
https://www.buzzfeednews.com/article/tanyachen/a-man-is-being-trolled-for-making-a-leather-face-mask?origin=web-hf,This Guy Is Being Trolled After He Shared His Design For A Cool-Looking Leather Face Mask,,20200522-1300
https://www.buzzfeednews.com/article/rubycramer/joe-biden-tara-reade-allegations-senate-2020?origin=web-hf,Tara Reade Stood Apart In Joe Biden's 1990s Senate Staff,,20200522-1300
https://www.buzzfeed.com/jmihaly/fathers-day-gifts-dads-wont-pretend?origin=web-hf,31 Father’s Day Gifts That Dads Won’t Have To Pretend To Like,,20200522-1300
https://www.buzzfeed.com/lakenbrooks222/we-know-your-soulmates-initials-based-on-the-shak-3thj8kp21b?origin=web-hf,We Know Your Soulmate's Initials Based On The Shakespearean Insults You Use To Describe Your Ex,,20200522-1300
https://www.buzzfeed.com/eleanorbate/gigi-hadid-pregnant-during-fashion-week?origin=web-hf,"Gigi Hadid Opened Up About Being ""A Few Months"" Pregnant During Fashion Week And How Her Body Has Changed",,20200522-1300
/watch/video/103666,"Black Family Tries Each Others' Chocolate Chip Cookies
""I'm lactose intolerant, I don't need this!""",,20200522-1300
https://www.buzzfeed.com/yiyang/target-memorial-day-sale?origin=web-hf,All The Best Memorial Day Deals At Target,,20200522-1300
https://www.buzzfeed.com/whitneyjefferson/joaquin-phoenix-and-rooney-mara-baby-tweets?origin=web-hf,18 Perfect Tweets About Joaquin Phoenix And Rooney Mara Having A Baby,,20200522-1300
https://www.buzzfeed.com/racheldunkel/sur-la-table-summer-sale?origin=web-hf,"Sur La Table's Having A Huge Summer Sale, So It's Time To Invest In Some Quality Kitchen Tools",,20200522-1300
https://www.buzzfeed.com/kristatorres/jason-derulos-tried-to-eat-corn-off-a-power-drill?origin=web-hf,Jason Derulo Tried To Eat Corn Off A Power Drill And Things Did Not Go Well,,20200522-1300
https://www.buzzfeed.com/swiftienerd/do-you-agree-with-these-unpopular-book-opinions-e47xhgqlig?origin=web-hf,Do You Actually Agree With These Controversial Book Opinions?,,20200522-1300
https://www.buzzfeed.com/lilianastephens21/make-a-friends-episode-and-ill-tell-you-which-fri-a59ionup2o?origin=web-hf,"Make A ""Friends"" Episode And I'll Tell You Which Character You Are",,20200522-1300
https://www.buzzfeed.com/isabellalouise/this-visual-quiz-will-reveal-which-elemental-bendi-687v2it35g?origin=web-hf,"This Visual Quiz Will Reveal Which ""Avatar: The Last Airbender"" Element You'd Master",,20200522-1300
https://www.buzzfeed.com/samanthawieder/overstocks-memorial-day-blowout-sale-2020?origin=web-hf,All The Best Deals At Overstock's Memorial Day Sale,,20200522-1300
/watch/video/103443,Japanese And Mexican People Swap Board Games,,20200522-1300
https://www.buzzfeednews.com/article/salvadorhernandez/coronavirus-victim-white-house-butler-wilson-jerman?origin=web-hf,A White House Butler Who Worked For 11 US Presidents Died Of The Coronavirus,,20200522-1300
https://www.buzzfeed.com/kaylaboyd/fathers-day-gifts?origin=web-hf,34 Of The Best Father's Day Gifts To Give This Year,,20200522-1300
https://www.buzzfeed.com/angelicaamartinez/tiktok-vintage-makeup?origin=web-hf,TikTok Taught Me How Wild Vintage Makeup Compacts Were And I Desperately Need Them To Make A Comeback,,20200522-1300
https://www.buzzfeed.com/kirbybeaton/books-recommendations-traveling?origin=web-hf,19 Books To Read During Quarantine To Make You Feel Like You're Traveling,,20200522-1300
https://www.buzzfeed.com/malloryannp/fathers-day-gifts-over-35?origin=web-hf,50 Splurge-Worthy Gifts To Surprise Your Dad With This Father's Day,,20200522-1300
https://www.buzzfeed.com/christopherhudspeth/photos-of-the-pandemic-world-different?origin=web-hf,19 Photos of Life Today That Would've Blown Your Mind A Year Ago,,20200522-1300
https://www.buzzfeed.com/shelbyheinrich/tiktok-music-festival-viral-heartwarming?origin=web-hf,"These Siblings On TikTok Threw Their Brother His Very Own Music Festival In Quarantine, And It's Officially Gone Viral",,20200522-1300
https://www.buzzfeed.com/audreyworboys/disney-movie-region-would-you-rather?origin=web-hf,"You Can Only Save One Disney Movie From Each Of These Regions, The Rest Are Deleted Forever",,20200522-1300
/watch/video/105671,Black Women Go To Vegas Without Their Hair Done,,20200522-1300
https://www.buzzfeednews.com,BuzzFeed NewsReporting on what you care about. We hold major institutions accountable and expose wrongdoing.,,20200522-1330
https://www.tasty.co,"BuzzFeed TastySearch, watch, and cook every single Tasty recipe and video ever - all in one place!",,20200522-1330
https://www.buzzfeed.com/goodful,"BuzzFeed GoodfulSelf care and ideas to help you live a healthier, happier life.",,20200522-1330
https://www.buzzfeed.com/bringme,"BuzzFeed Bring MeObsessed with travel? Discover unique things to do, places to eat, and sights to see in the best destinations around the world with Bring Me!",,20200522-1330
https://www.buzzfeed.com/asis,"BuzzFeed As IsSomething for everyone interested in hair, makeup, style, and body positivity.",,20200522-1330
https://www.buzzfeed.com/kirbybeaton/books-recommendations-traveling?ref=hpsplash&origin=spl,19 Books To Read During Quarantine To Make You Feel Like You’re Traveling,,20200522-1330
https://www.buzzfeed.com/jmihaly/home-long-run-benefits?origin=hpp,31 Somewhat Random Things To Buy For Your Home That'll Benefit You In The Long Run,,20200522-1330
https://www.buzzfeed.com/newsletters?ref=hplego,"WTF Is Happening Today? BuzzFeed Newsletters Can Help!
We have newsletters to help you stay in the loop AND newsletters to help you forget! Try one today!",,20200522-1330
https://www.buzzfeed.com/eleanorbate/kristen-bell-daughter-diapers-mom-shaming?origin=web-hf,"Kristen Bell Opened Up About Mom-Shaming And Revealed Her Five-Year-Old Daughter Is ""Still In Diapers""",,20200522-1330
https://www.buzzfeed.com/farrahpenn/phytophotodermatitis-sunlight-lime-photos?origin=web-hf,These Graphic Pictures Show What Can Happen If You Go Outside After Handling Limes,,20200522-1330
https://www.buzzfeed.com/andrewziegler/quiz-party?origin=shp,"You Can Now Take BuzzFeed Quizzes In Real Time With Your Friends — You’re Welcome
Let’s get this party started.",,20200522-1330
https://www.buzzfeed.com/jenniferabidor/friends-a-to-z?origin=shp,"This ""Friends"" A–Z Quiz Will Reveal Which Main Character You Are",,20200522-1330
https://www.buzzfeed.com/sarahaspler/taste-in-disney-movies-age-quiz?origin=shp,Can We Accurately Guess Your Age Based On Your Taste In Disney Movies?,,20200522-1330
https://www.buzzfeed.com/andrewziegler/quiz-romantic-type?origin=shp,There Are Actually Only Four Romantic Types And We Can Accurately Guess Yours,,20200522-1330
https://www.buzzfeed.com/sarahaspler/everyone-has-a-fruit-that-matches-their-personalit?origin=shp,Everyone Has A Fruit That Matches Their Personality – Here’s Yours,,20200522-1330
https://www.buzzfeed.com/quizparty,Keep the quiz party going,,20200522-1330
https://www.buzzfeed.com/frazyeah/plan-a-european-road-trip-and-ill-give-you-an-und-d9677ttbfw?origin=web-hf,We'll Give You An Underrated Netflix Movie To Watch Based On The European Road Trip You Plan,,20200522-1330
https://www.buzzfeed.com/laurengarafano/pick-one-hot-guy-per-teen-drama-poll?origin=web-hf,I Regret To Inform You That You Can Only Pick One Hot Guy Per TV Show,,20200522-1330
https://www.buzzfeed.com/maitlandquitmeyer/best-memorial-day-sales-deals-2020?origin=hshp,"All The Best Memorial Day Weekend Deals
The savings start now.",,20200522-1330
https://www.buzzfeed.com/kaylasuazo/all-the-best-memorial-day-mattress-sales-2020?origin=hshp,All Of The Best Memorial Day Mattress Sales,,20200522-1330
https://www.buzzfeed.com/emmalord9/best-deals-wayfair-memorial-day-sale?origin=hshp,All The Best Deals At Wayfair's Memorial Day Sale,,20200522-1330
https://www.buzzfeed.com/abbykass/zappos-memorial-day-sale?origin=hshp,You Can Save On *So* Many Popular Shoes During The Zappos Memorial Day Sale,,20200522-1330
https://www.buzzfeed.com/elenamgarcia/dyson-is-having-a-pretty-major-memorial-day-sale-no-better?origin=hshp,Dyson Is Having A Pretty Major Memorial Day Sale — No Better Time Than Now To Get Yourself A New Vacuum,,20200522-1330
https://www.buzzfeed.com/shopping?origin=hshp,See more great product recommendations,,20200522-1330
https://www.buzzfeed.com/benhenry/demi-lovato-boyfriend-max-ehrich-old-tweet?origin=web-hf,Demi Lovato Shared An Old Tweet Her Boyfriend Posted In 2011 About Wanting To Date Her And The Whole Thing Is Super Cute,,20200522-1330
/watch/video/102294,"We Didn't Use Toilet Paper For A Week 
Auri gets Steve to try reusable toilet paper, will he like it?",,20200522-1330
https://www.buzzfeed.com/hanifahrahman/what-tv-show-inconsistency-will-you-never-forget?origin=web-hf,Tell Us The Most Annoying TV Inconsistency You Know,,20200522-1330
https://www.buzzfeednews.com/article/davidmack/coronavirus-trump-test-positive-negative-answer-video?origin=shp,"Positive News! Trump Says He Tested Positively, Which Means Negative, For The Coronavirus.
“But that’s a way of saying it: positively toward the negative.”",,20200522-1330
https://www.buzzfeednews.com/article/janelytvynenko/coronavirus-spin-doctors?origin=shp,These Are The Fake Experts Pushing Pseudoscience And Conspiracy Theories About The Coronavirus Pandemic,,20200522-1330
https://www.buzzfeednews.com/article/clarissajanlim/doctor-congressional-hearing-coronavirus-second-wave-ppe?origin=shp,"A Doctor Told Lawmakers The Country Is Not ""Prepared For A Second Wave"" Of The Coronavirus",,20200522-1330
https://www.buzzfeednews.com/article/meghara/qatar-coronavirus-tracking-app-mandatory?origin=shp,Qatar Has Made Its Coronavirus Contact Tracing App Mandatory,,20200522-1330
https://www.buzzfeednews.com/article/lamvo/coronavirus-update-charts-unemployment-claims-laid-off-jobs?origin=shp,These Updating Charts Show The Record Number Of Americans Filing Unemployment Claims,,20200522-1330
https://bzfd.it/noc-show,The daily News O'Clock podcast is here.,,20200522-1330
https://www.buzzfeed.com/malloryannp/bed-frames-thatll-basically-be-the-star-of-your-bedroom?origin=web-hf,29 Bed Frames That'll Basically Be The Star Of Your Bedroom,,20200522-1330
https://www.buzzfeednews.com/article/tanyachen/are-shady-instagram-giveaways-the-new-mlms?origin=web-hf,These Controversial Loop Giveaways On Instagram Have Some Things In Common With MLMs,,20200522-1330
https://www.buzzfeednews.com/article/albertonardelli/trump-g7-coronavirus?origin=web-hf,Trump Wants To Hold The G7 Summit In Person But He Didn’t Ask Other World Leaders About The Idea Before Tweeting It,,20200522-1330
https://www.buzzfeed.com/emmamcanaw/masks-made-here-20-off-sale?origin=web-hf,"If You're Bored Of Your Face Mask, Masks Made Here Is Having A 20% Off Sale",,20200522-1330
https://www.buzzfeed.com/mikespohr/mindblowing-facts?origin=web-hf,18 Random Facts That Absolutely Blew People's Minds On Twitter,,20200522-1330
https://www.buzzfeed.com/victoriavouloumanos/stars-who-are-mixed-asian-pacific-islander?origin=shp,"34 Multiracial Celebs Who Are Actually Asian Or Pacific Islander
Relatable and inspirational icons, all of ‘em.",,20200522-1330
https://www.buzzfeed.com/nusrat21/a-guide-for-people-new-to-bollywood?origin=shp,30 Bollywood Films That Everyone Absolutely Must See,,20200522-1330
https://www.buzzfeed.com/michellemkim/asian-male-celebs-thirst?origin=shp,21 Asian Male Celebs That Have Us Feeling Oh So Very Thirsty,,20200522-1330
https://www.buzzfeed.com/michellemkim/which-anime-best-boy-are-you?origin=shp,Quiz: Which Anime Best Boy Are You?,,20200522-1330
https://www.buzzfeed.com/badge/apahm2020,See all of our APAHM coverage here,,20200522-1330
/watch/video/99501,"Boricua From The Island vs The Mainland 
Love one another, Puerto Ricans from around the world!",,20200522-1330
https://www.buzzfeed.com/zipporkella/what-percent-typical-nerd-are-you-c09ywjxe9m?origin=web-hf,"If You Check Off At Least 17/26 Things On This List, Then You're A Total Nerd",,20200522-1330
https://www.buzzfeed.com/kirbybeaton/virtual-vacation-newsletter-bring-me,"If You're Missing Travel, Sign Up For Our ""Virtual Vacation"" Newsletter",,20200522-1330
https://www.buzzfeed.com/tessafahey/iconic-rom-com-checklist?origin=web-hf,How Many Iconic Rom-Coms Have You Actually Seen?,,20200522-1330
https://www.buzzfeed.com/noradominick/celeb-iconic-characters-trivia-quiz?origin=web-hf,These Iconic TV And Movie Characters Were Played By The Same Actor — Can You Tell Them Apart?,,20200522-1330
https://www.buzzfeed.com/tatianatenreyrowhitlock/funniest-tweets-lana-del-rey-instagram-post-drama?origin=web-hf,15 Funny Tweets About The Lana Del Rey Instagram Post Drama,,20200522-1330
https://www.buzzfeed.com/tatianatenreyrowhitlock/lady-gaga-and-ariana-grande-song?origin=web-hf,"Lady Gaga And Ariana Grande Just Made The Weekend More Exciting By Dropping Their Song ""Rain On Me""",,20200522-1330
https://www.buzzfeed.com/jenniferabidor/jokes-about-disney-villains?origin=web-hf,21 Times The Internet Roasted The Disney Villains,,20200522-1330
https://www.buzzfeed.com/hannahmarder/what-movies-about-mental-health-made-you-feel-seen,What Movies Got Mental Health Right?,,20200522-1330
/watch/video/105540,"Camp Counselor Horror Stories
In honor of summer former camp counselors share their craziest, weirdest and funniest experiences from camp.",,20200522-1330
https://www.buzzfeed.com/tatianatenreyrowhitlock/lana-del-rey-responds-to-backlash-over-instagram-post?origin=web-hf,"Lana Del Rey Responded To The Backlash Toward Her Instagram Post, Saying She's Sad People Made It A ""WOC Issue""",,20200522-1330
https://www.buzzfeed.com/huynht2510/can-we-guess-your-most-recent-emoji-by-this-quiz-eqcv8mgpxb?origin=web-hf,Build A House And We'll Accurately Guess Your Most Recently Used Emoji,,20200522-1330
https://www.buzzfeed.com/farrahpenn/finals-week-zoom-university-fails?origin=web-hf,18 Times The Students Of Zoom University Really Struggled Through Finals Week,,20200522-1330
https://www.buzzfeednews.com/article/laurenstrapagiel/influencers-say-instagram-is-more-likely-to-remove-photos?origin=web-hf,"Influencers Say Instagram Is Biased Against Plus-Size Bodies, And They May Be Right",,20200522-1330
https://www.buzzfeed.com/mjs538/early-2000s-pictures-for-millennials?origin=web-hf,33 Pictures That Millennials Will Have To Explain To Generation Alpha Someday,,20200522-1330
https://www.buzzfeed.com/morganmurrell/drake-called-kylie-jenner-side-piece-apology?origin=web-hf,"Drake Name-Dropped Kylie Jenner, Kendall Jenner, And Gigi Hadid In A Song, Then Issued An Apology Statement",,20200522-1330
https://www.buzzfeed.com/yiyang/futuristic-products-thatll-probably-make-you-feel-like?origin=web-hf,35 Futuristic Products That’ll Probably Make You Feel Like You’re Living In 3020,,20200522-1330
https://www.buzzfeed.com/christopherhudspeth/oh-come-on-facepalm-that-sucks-things?origin=web-hf,15 Facepalm-Worthy Things Humans Recently Did During This Pandemic That Make Me Hope Aliens Aren't Watching,,20200522-1330
/watch/video/105310,"Loren Gray Reads Her Instagram DMs
Loren Gray bravely sits down to do a deep dive into her Instagram DM requests, which include supportive fans, the obligatory haters, and even some marriage proposals from complete strangers. Check out Loren’s new single “Cake” now: https://www.youtube.com/watch?v=klwWrurkjgc",,20200522-1330
https://www.buzzfeed.com/briangalindo/21-tbt-photos-celebs-posted-on-instagram-may-21?origin=web-hf,Here's What Chrissy Teigen And 20 Other Celebrities Shared This Week For #TBT,,20200522-1330
https://www.buzzfeed.com/tatianatenreyrowhitlock/michael-cera-aubrey-plaza-chuck-e-cheese-pic?origin=web-hf,Michael Cera And Aubrey Plaza's Chuck E. Cheese Photo Is Legendary And Now We Have The Whole Story,,20200522-1330
https://www.buzzfeednews.com/article/skbaer/ahmaud-arbery-death-william-bryan-arrest?origin=web-hf,The Man Who Recorded Video Of Ahmaud Arbery Being Shot Has Been Arrested On A Murder Charge,,20200522-1330
https://www.buzzfeed.com/briangalindo/chris-pratt-accidentally-deleted-over-35000-unread-emails?origin=web-hf,"Chris Pratt Accidentally Deleted More Than 35,000 Unread Emails After His Son Gasped At His Full Inbox",,20200522-1330
https://www.buzzfeed.com/sydrobinson1/before-and-after-pets-being-adopted-quarantine?origin=web-hf,21 Before-And-After Pictures Of Pets Who Were Adopted During Quarantine,,20200522-1330
https://www.buzzfeed.com/daves4/everyone-hates-but-does?origin=web-hf,27 Things Everyone On Earth Hates That They Do But Does Anyway,,20200522-1330
https://www.buzzfeed.com/hannahmarder/teen-drama-characters-that-did-not-need-to-die?origin=web-hf,20 Of The Most Tragically Unnecessary Deaths From Teen Dramas,,20200522-1330
https://www.buzzfeed.com/tessafahey/identify-avatar-the-last-airbender-characters-quiz?origin=web-hf,"If You Can Identify 30/36 Of These ""Avatar: The Last Airbender"" Characters, You're A Master Bender",,20200522-1330
/watch/video/105538,Can These Exes Be Friends?,,20200522-1330
https://www.buzzfeed.com/clareaston/my-bibliotherapy-prescription?origin=web-hf,"You Can Now Be ""Prescribed"" Books For Your Mental Health And These Six Were Meant To Help Me",,20200522-1330
https://www.buzzfeed.com/rosethecorgi/choose-some-food-and-revile-your-soulmates-name-7gjir6fim?origin=web-hf,"If You Really Wanna Know The First Letter Of Your Soulmate's Name, Eat Some Food And We'll Tell You",,20200522-1330
https://www.buzzfeed.com/ehisosifo1/harry-potter-letter-p-trivia-quiz?origin=web-hf,"This ""Harry Potter"" Quiz Will Separate The Wizards From The Muggles And It All Depends On The Letter P",,20200522-1330
https://www.buzzfeed.com/mjs538/rose-on-90-day-fiance-and-big-ed?origin=web-hf,We Need To Stop Talking About Big Ed And Start Talking About Rose,,20200522-1330
https://www.buzzfeed.com/isabellalouise/can-you-sort-these-hogwarts-students-in-their-righ-klzvv4gs4?origin=web-hf,Only A Hogwarts Genius Can Match The Student To The House They Were Sorted Into,,20200522-1330
https://www.buzzfeed.com/christopherhudspeth/people-believed-there-was-evidence-of-a-parallel-universe?origin=web-hf,"17 Of The Funniest Tweets About The Discovery Of ""Evidence"" That A Parallel Universe Exists",,20200522-1330
https://www.buzzfeed.com/ehisosifo1/drastic-americas-next-top-model-makeovers?origin=web-hf,"23 ""ANTM"" Makeovers That Tyra Banks Actually Assigned To Contestants",,20200522-1330
https://www.buzzfeed.com/alliehayes/books-so-good-you-cannot-put-them-down-flipped?origin=web-hf,"21 Books That Are So Good, People Literally Could Not Put Them Down",,20200522-1330
/watch/video/102332,"I Followed Bretman Rock's Oldest And Newest Makeup Tutorial
""This could either be a revelation or a giant mistake.""",,20200522-1330
https://www.buzzfeed.com/fallon2/what-hunger-games-characters-belong-in-these-hogwa-ckb6eid9yq?origin=web-hf,"Would You Sort These Characters From ""The Hunger Games"" Into The Same Hogwarts Houses As Everyone Else?",,20200522-1330
https://www.buzzfeed.com/avaerickson04/which-disney-prince-do-you-belong-with-1mtuff45b1?origin=web-hf,Which Disney Prince Is Your Soulmate?,,20200522-1330
https://www.buzzfeed.com/juliawilling/for-everyone-in-love-with-boxer?origin=web-hf,"Boxer From ""White Lines"" Is Pure Sexual Dynamo And These 23 Tweets Prove It",,20200522-1330
https://www.buzzfeed.com/stephenlaconte/lana-del-rey-controversy-beyonce-ariana-grande-cardi-b?origin=web-hf,"Lana Del Rey Seemed To Drag Artists Like Beyoncé, Cardi B, And Ariana Grande In A Statement On Instagram, And People Are Pissed",,20200522-1330
https://www.buzzfeed.com/stephenlaconte/oprah-winfrey-big-cabbage-instagram?origin=web-hf,"Oprah Grew A Cabbage So Big She Could Barely Carry It, And You Really Need To See It To Believe It's Real",,20200522-1330
https://www.buzzfeednews.com/article/michaelblackmon/lana-del-rey-instagram-post-race?origin=web-hf,This Is Why People Are Mad At Lana Del Rey,,20200522-1330
https://www.buzzfeed.com/kristatorres/little-bugs-live-in-strawberries-so-you-should-al?origin=web-hf,"If You Wash Berries In Salt Water, Little Bugs Will Start To Crawl Out",,20200522-1330
https://www.buzzfeed.com/daniellaemanuel/water-popsicles-tiktok?origin=web-hf,"A Mom On TikTok Makes ""Water Popsicles"" For Her Kids And I'm Cracking Up",,20200522-1330
/watch/video/105809,"The ""Outer Banks"" Cast Answers Your Burning Questions
Your favorite Pogues return as the cast of the hit Netflix series “Outer Banks” (Chase Stokes, Madelyn Cline, Madison Bailey, Rudy Pankow, and Jonathan Daviss) all sit down to answer your burning questions, from how their lives have changed since the show’s debut, to what they think will happen in season two, all the way to which major roles they’ve auditioned for in the past but didn’t get…which leads to one cast member revealing that he very nearly spent some time in a galaxy far, far away.",,20200522-1330
https://www.buzzfeed.com/marielasummerhays01/therapy-is-for-men?origin=web-hf,These 7 Men Will Convince You Therapy Is For Everyone,,20200522-1330
https://www.buzzfeed.com/katdo0907/the-office-and-friends-polls-1v8n4ssmtp?origin=web-hf,"These Polls Are For Fans Of ""Friends"" And ""The Office"" Only",,20200522-1330
https://www.buzzfeed.com/anoushkagadhwal/the-ultimate-harry-potter-and-the-sorcereras-sto-cn37ve6nwu?origin=web-hf,"I Bet You Can't Score 10/13 On This ""Harry Potter And The Sorcerer’s Stone"" Book Quiz",,20200522-1330
https://www.buzzfeed.com/ryanschocket2/people-are-sharing-the-worst-coworker-theyve-worked-with?origin=web-hf,"People Are Sharing The Worst Coworker They've Worked With And Wow, Just Wow",,20200522-1330
https://www.buzzfeed.com/victoriagasparowicz/dark-moments-from-kids-movies-that-are-probably-still?origin=web-hf,22 Unexpectedly Dark Kids Movie Moments That People Wish They Could Forget,,20200522-1330
https://www.buzzfeed.com/chilifritos1234/plan-a-wedding-a-well-tell-which-the-office-char-cvj3ackoya?origin=web-hf,"Design Your Dream Wedding And We'll Tell You Which Character From ""The Office"" You Belong With",,20200522-1330
https://www.buzzfeed.com/mjs538/a-news-clip-from-go-topless-jeep-weekend-is-going-viral?origin=web-hf,"A Video From ""Go Topless Jeep Weekend"" Is Going Viral Because ""Not Even SNL Could Write Something This Ridiculous""",,20200522-1330
https://www.buzzfeed.com/lyapalater/the-bar-is-so-low-that-im-emotion-because-adam-sa?origin=web-hf,The Bar Is So Low That I'm Emo Over Adam Sandler Buying Tampons For The Women In His Life,,20200522-1330
/watch/video/103610,Gadiel Gets Financial Tips For Surviving This Pandemic,,20200522-1330
https://www.buzzfeed.com/farrahpenn/new-ya-books-spring-2020?origin=web-hf,Here Are The 15 Young Adult Books We're Loving This Spring,,20200522-1330
https://www.buzzfeed.com/buzzfeedoznews/bye-buzzfeed-oz-news?origin=web-hf,This Is BuzzFeed News Australia’s Last Day. Here Are 37 Of Our Favourite Stories.,,20200522-1330
https://www.buzzfeed.com/jasminsuknanan/useful-beauty-products-on-sale?origin=web-hf,23 Useful Beauty Products You'll Probably Be Very Glad You Got On Sale,,20200522-1330
https://www.buzzfeed.com/hbraga/sephora-memorial-day-sale?origin=web-hf,Sephora Has Tons Of Products On Sale For Up To 50% Off Right Now,,20200522-1330
https://www.buzzfeed.com/hannahryan/refugees-phones-australia-whatsapp-interview?origin=web-hf,I WhatsApped Refugees To Ask Why They're So Freaked Out About The Government Taking Their Phones Away,,20200522-1330
https://www.buzzfeednews.com/article/tanyachen/a-man-is-being-trolled-for-making-a-leather-face-mask?origin=web-hf,This Guy Is Being Trolled After He Shared His Design For A Cool-Looking Leather Face Mask,,20200522-1330
https://www.buzzfeednews.com/article/rubycramer/joe-biden-tara-reade-allegations-senate-2020?origin=web-hf,Tara Reade Stood Apart In Joe Biden's 1990s Senate Staff,,20200522-1330
https://www.buzzfeed.com/jmihaly/fathers-day-gifts-dads-wont-pretend?origin=web-hf,31 Father’s Day Gifts That Dads Won’t Have To Pretend To Like,,20200522-1330
/watch/video/103666,"Black Family Tries Each Others' Chocolate Chip Cookies
""I'm lactose intolerant, I don't need this!""",,20200522-1330
https://www.buzzfeed.com/lakenbrooks222/we-know-your-soulmates-initials-based-on-the-shak-3thj8kp21b?origin=web-hf,We Know Your Soulmate's Initials Based On The Shakespearean Insults You Use To Describe Your Ex,,20200522-1330
https://www.buzzfeed.com/eleanorbate/gigi-hadid-pregnant-during-fashion-week?origin=web-hf,"Gigi Hadid Opened Up About Being ""A Few Months"" Pregnant During Fashion Week And How Her Body Has Changed",,20200522-1330
https://www.buzzfeed.com/yiyang/target-memorial-day-sale?origin=web-hf,All The Best Memorial Day Deals At Target,,20200522-1330
https://www.buzzfeed.com/whitneyjefferson/joaquin-phoenix-and-rooney-mara-baby-tweets?origin=web-hf,18 Perfect Tweets About Joaquin Phoenix And Rooney Mara Having A Baby,,20200522-1330
https://www.buzzfeed.com/kristatorres/jason-derulos-tried-to-eat-corn-off-a-power-drill?origin=web-hf,Jason Derulo Tried To Eat Corn Off A Power Drill And Things Did Not Go Well,,20200522-1330
https://www.buzzfeed.com/racheldunkel/sur-la-table-summer-sale?origin=web-hf,"Sur La Table's Having A Huge Summer Sale, So It's Time To Invest In Some Quality Kitchen Tools",,20200522-1330
https://www.buzzfeed.com/swiftienerd/do-you-agree-with-these-unpopular-book-opinions-e47xhgqlig?origin=web-hf,Do You Actually Agree With These Controversial Book Opinions?,,20200522-1330
https://www.buzzfeed.com/lilianastephens21/make-a-friends-episode-and-ill-tell-you-which-fri-a59ionup2o?origin=web-hf,"Make A ""Friends"" Episode And I'll Tell You Which Character You Are",,20200522-1330
/watch/video/103443,Japanese And Mexican People Swap Board Games,,20200522-1330
https://www.buzzfeed.com/isabellalouise/this-visual-quiz-will-reveal-which-elemental-bendi-687v2it35g?origin=web-hf,"This Visual Quiz Will Reveal Which ""Avatar: The Last Airbender"" Element You'd Master",,20200522-1330
https://www.buzzfeed.com/samanthawieder/overstocks-memorial-day-blowout-sale-2020?origin=web-hf,All The Best Deals At Overstock's Memorial Day Sale,,20200522-1330
https://www.buzzfeednews.com/article/salvadorhernandez/coronavirus-victim-white-house-butler-wilson-jerman?origin=web-hf,A White House Butler Who Worked For 11 US Presidents Died Of The Coronavirus,,20200522-1330
https://www.buzzfeed.com/kaylaboyd/fathers-day-gifts?origin=web-hf,34 Of The Best Father's Day Gifts To Give This Year,,20200522-1330
https://www.buzzfeed.com/angelicaamartinez/tiktok-vintage-makeup?origin=web-hf,TikTok Taught Me How Wild Vintage Makeup Compacts Were And I Desperately Need Them To Make A Comeback,,20200522-1330
https://www.buzzfeed.com/malloryannp/fathers-day-gifts-over-35?origin=web-hf,50 Splurge-Worthy Gifts To Surprise Your Dad With This Father's Day,,20200522-1330
https://www.buzzfeed.com/shelbyheinrich/tiktok-music-festival-viral-heartwarming?origin=web-hf,"These Siblings On TikTok Threw Their Brother His Very Own Music Festival In Quarantine, And It's Officially Gone Viral",,20200522-1330
https://www.buzzfeed.com/christopherhudspeth/photos-of-the-pandemic-world-different?origin=web-hf,19 Photos of Life Today That Would've Blown Your Mind A Year Ago,,20200522-1330
/watch/video/105671,Black Women Go To Vegas Without Their Hair Done,,20200522-1330
https://www.buzzfeednews.com,BuzzFeed NewsReporting on what you care about. We hold major institutions accountable and expose wrongdoing.,,20200522-1400
https://www.tasty.co,"BuzzFeed TastySearch, watch, and cook every single Tasty recipe and video ever - all in one place!",,20200522-1400
https://www.buzzfeed.com/goodful,"BuzzFeed GoodfulSelf care and ideas to help you live a healthier, happier life.",,20200522-1400
https://www.buzzfeed.com/bringme,"BuzzFeed Bring MeObsessed with travel? Discover unique things to do, places to eat, and sights to see in the best destinations around the world with Bring Me!",,20200522-1400
https://www.buzzfeed.com/asis,"BuzzFeed As IsSomething for everyone interested in hair, makeup, style, and body positivity.",,20200522-1400
https://www.buzzfeed.com/tatianatenreyrowhitlock/lady-gaga-and-ariana-grande-song?ref=hpsplash&origin=spl,"Lady Gaga And Ariana Grande Just Made The Weekend More Exciting By Dropping Their Song “Rain On Me”
Get ready to dance this weekend!",,20200522-1400
https://www.buzzfeed.com/jmihaly/home-long-run-benefits?origin=hpp,31 Things For Your Home That Will Pay Off In The Long Run,,20200522-1400
https://www.buzzfeed.com/newsletters?ref=hplego,"WTF Is Happening Today? BuzzFeed Newsletters Can Help!
We have newsletters to help you stay in the loop AND newsletters to help you forget! Try one today!",,20200522-1400
https://www.buzzfeed.com/eleanorbate/kristen-bell-daughter-diapers-mom-shaming?origin=web-hf,"Kristen Bell Opened Up About Mom-Shaming And Revealed Her Five-Year-Old Daughter Is ""Still In Diapers""",,20200522-1400
https://www.buzzfeed.com/farrahpenn/phytophotodermatitis-sunlight-lime-photos?origin=web-hf,"Going Outside After Handling Limes Can Cause A Nasty Rash, So We Talked To Two Dermatologists About It",,20200522-1400
https://www.buzzfeed.com/andrewziegler/quiz-party?origin=shp,"You Can Now Take BuzzFeed Quizzes In Real Time With Your Friends — You’re Welcome
Let’s get this party started.",,20200522-1400
https://www.buzzfeed.com/jenniferabidor/friends-a-to-z?origin=shp,"This ""Friends"" A–Z Quiz Will Reveal Which Main Character You Are",,20200522-1400
https://www.buzzfeed.com/sarahaspler/taste-in-disney-movies-age-quiz?origin=shp,Can We Accurately Guess Your Age Based On Your Taste In Disney Movies?,,20200522-1400
https://www.buzzfeed.com/andrewziegler/quiz-romantic-type?origin=shp,There Are Actually Only Four Romantic Types And We Can Accurately Guess Yours,,20200522-1400
https://www.buzzfeed.com/sarahaspler/everyone-has-a-fruit-that-matches-their-personalit?origin=shp,Everyone Has A Fruit That Matches Their Personality – Here’s Yours,,20200522-1400
https://www.buzzfeed.com/quizparty,Keep the quiz party going,,20200522-1400
https://www.buzzfeed.com/sp177/if-you-can-name-all-10-of-these-animals-from-frien-f9ehybf6k8?origin=web-hf,"Test Your Knowledge Of The Animals From ""Friends"" With This ""Jeopardy!"" Trivia Quiz",,20200522-1400
https://www.buzzfeed.com/hannahmarder/can-you-name-a-harry-potter-character-for-every-letter-of?origin=web-hf,"Can You Name A ""Harry Potter"" Character For Every Letter Of The Alphabet?",,20200522-1400
https://www.buzzfeed.com/maitlandquitmeyer/best-memorial-day-sales-deals-2020?origin=hshp,"All The Best Memorial Day Weekend Deals
The savings start now.",,20200522-1400
https://www.buzzfeed.com/kaylasuazo/all-the-best-memorial-day-mattress-sales-2020?origin=hshp,All Of The Best Memorial Day Mattress Sales,,20200522-1400
https://www.buzzfeed.com/emmalord9/best-deals-wayfair-memorial-day-sale?origin=hshp,All The Best Deals At Wayfair's Memorial Day Sale,,20200522-1400
https://www.buzzfeed.com/abbykass/zappos-memorial-day-sale?origin=hshp,You Can Save On *So* Many Popular Shoes During The Zappos Memorial Day Sale,,20200522-1400
https://www.buzzfeed.com/elenamgarcia/dyson-is-having-a-pretty-major-memorial-day-sale-no-better?origin=hshp,Dyson Is Having A Pretty Major Memorial Day Sale — No Better Time Than Now To Get Yourself A New Vacuum,,20200522-1400
https://www.buzzfeed.com/shopping?origin=hshp,See more great product recommendations,,20200522-1400
https://www.buzzfeed.com/laurengarafano/pick-one-hot-guy-per-teen-drama-poll?origin=web-hf,This Quiz Makes You Choose Only One Hot Guy From Each Teen Drama,,20200522-1400
/watch/video/102294,"We Didn't Use Toilet Paper For A Week 
Auri gets Steve to try reusable toilet paper, will he like it?",,20200522-1400
https://www.buzzfeed.com/frazyeah/plan-a-european-road-trip-and-ill-give-you-an-und-d9677ttbfw?origin=web-hf,We'll Give You An Underrated Netflix Movie To Watch Based On The European Road Trip You Plan,,20200522-1400
https://www.buzzfeednews.com/article/davidmack/coronavirus-trump-test-positive-negative-answer-video?origin=shp,"Positive News! Trump Says He Tested Positively, Which Means Negative, For The Coronavirus.
“But that’s a way of saying it: positively toward the negative.”",,20200522-1400
https://www.buzzfeednews.com/article/janelytvynenko/coronavirus-spin-doctors?origin=shp,These Are The Fake Experts Pushing Pseudoscience And Conspiracy Theories About The Coronavirus Pandemic,,20200522-1400
https://www.buzzfeednews.com/article/clarissajanlim/doctor-congressional-hearing-coronavirus-second-wave-ppe?origin=shp,"A Doctor Told Lawmakers The Country Is Not ""Prepared For A Second Wave"" Of The Coronavirus",,20200522-1400
https://www.buzzfeednews.com/article/meghara/qatar-coronavirus-tracking-app-mandatory?origin=shp,Qatar Has Made Its Coronavirus Contact Tracing App Mandatory,,20200522-1400
https://www.buzzfeednews.com/article/lamvo/coronavirus-update-charts-unemployment-claims-laid-off-jobs?origin=shp,These Updating Charts Show The Record Number Of Americans Filing Unemployment Claims,,20200522-1400
https://bzfd.it/noc-show,The daily News O'Clock podcast is here.,,20200522-1400
https://www.buzzfeed.com/benhenry/demi-lovato-boyfriend-max-ehrich-old-tweet?origin=web-hf,Demi Lovato Shared An Old Tweet Her Boyfriend Posted In 2011 About Wanting To Date Her And The Whole Thing Is Super Cute,,20200522-1400
https://www.buzzfeed.com/malloryannp/bed-frames-thatll-basically-be-the-star-of-your-bedroom?origin=web-hf,29 Bed Frames That'll Basically Be The Star Of Your Bedroom,,20200522-1400
https://www.buzzfeed.com/hanifahrahman/what-tv-show-inconsistency-will-you-never-forget?origin=web-hf,Tell Us The Most Annoying TV Inconsistency You Know,,20200522-1400
https://www.buzzfeednews.com/article/tanyachen/are-shady-instagram-giveaways-the-new-mlms?origin=web-hf,These Controversial Loop Giveaways On Instagram Have Some Things In Common With MLMs,,20200522-1400
https://www.buzzfeednews.com/article/albertonardelli/trump-g7-coronavirus?origin=web-hf,Trump Wants To Hold The G7 Summit In Person But He Didn’t Ask Other World Leaders About The Idea Before Tweeting It,,20200522-1400
https://www.buzzfeed.com/victoriavouloumanos/stars-who-are-mixed-asian-pacific-islander?origin=shp,"34 Multiracial Celebs Who Are Actually Asian Or Pacific Islander
Relatable and inspirational icons, all of ‘em.",,20200522-1400
https://www.buzzfeed.com/nusrat21/a-guide-for-people-new-to-bollywood?origin=shp,30 Bollywood Films That Everyone Absolutely Must See,,20200522-1400
https://www.buzzfeed.com/michellemkim/asian-male-celebs-thirst?origin=shp,21 Asian Male Celebs That Have Us Feeling Oh So Very Thirsty,,20200522-1400
https://www.buzzfeed.com/michellemkim/which-anime-best-boy-are-you?origin=shp,Quiz: Which Anime Best Boy Are You?,,20200522-1400
https://www.buzzfeed.com/badge/apahm2020,See all of our APAHM coverage here,,20200522-1400
/watch/video/99501,"Boricua From The Island vs The Mainland 
Love one another, Puerto Ricans from around the world!",,20200522-1400
https://www.buzzfeed.com/emmamcanaw/masks-made-here-20-off-sale?origin=web-hf,"If You're Bored Of Your Face Mask, Masks Made Here Is Having A 20% Off Sale",,20200522-1400
https://www.buzzfeed.com/kebornholtz/lets-wfh-together-with-our-quarantine-today-new-5xqeak1tzg,"Let's WFH Together With Our ""Quarantine Today"" Newsletter",,20200522-1400
https://www.buzzfeed.com/mikespohr/mindblowing-facts?origin=web-hf,18 Random Facts That Absolutely Blew People's Minds On Twitter,,20200522-1400
https://www.buzzfeed.com/zipporkella/what-percent-typical-nerd-are-you-c09ywjxe9m?origin=web-hf,"If You Check Off At Least 17/26 Things On This List, Then You're A Total Nerd",,20200522-1400
https://www.buzzfeed.com/tessafahey/iconic-rom-com-checklist?origin=web-hf,How Many Iconic Rom-Coms Have You Actually Seen?,,20200522-1400
https://www.buzzfeed.com/tatianatenreyrowhitlock/funniest-tweets-lana-del-rey-instagram-post-drama?origin=web-hf,15 Funny Tweets About The Lana Del Rey Instagram Post Drama,,20200522-1400
https://www.buzzfeed.com/noradominick/celeb-iconic-characters-trivia-quiz?origin=web-hf,These Iconic TV And Movie Characters Were Played By The Same Actor — Can You Tell Them Apart?,,20200522-1400
https://www.buzzfeed.com/melanie_aman/what-is-the-best-place-to-buy-bras-if-you-have-small-boobs,What's The Best Place To Buy Bras If You Have Small Boobs?,,20200522-1400
/watch/video/105540,"Camp Counselor Horror Stories
In honor of summer former camp counselors share their craziest, weirdest and funniest experiences from camp.",,20200522-1400
https://www.buzzfeed.com/jenniferabidor/jokes-about-disney-villains?origin=web-hf,21 Times The Internet Roasted The Disney Villains,,20200522-1400
https://www.buzzfeed.com/tatianatenreyrowhitlock/lana-del-rey-responds-to-backlash-over-instagram-post?origin=web-hf,"Lana Del Rey Responded To The Backlash Toward Her Instagram Post, Saying She's Sad People Made It A ""WOC Issue""",,20200522-1400
https://www.buzzfeed.com/huynht2510/can-we-guess-your-most-recent-emoji-by-this-quiz-eqcv8mgpxb?origin=web-hf,Build A House And We'll Accurately Guess Your Most Recently Used Emoji,,20200522-1400
https://www.buzzfeed.com/farrahpenn/finals-week-zoom-university-fails?origin=web-hf,18 Times The Students Of Zoom University Really Struggled Through Finals Week,,20200522-1400
https://www.buzzfeed.com/mjs538/early-2000s-pictures-for-millennials?origin=web-hf,33 Pictures That Millennials Will Have To Explain To Generation Alpha Someday,,20200522-1400
https://www.buzzfeednews.com/article/laurenstrapagiel/influencers-say-instagram-is-more-likely-to-remove-photos?origin=web-hf,"Influencers Say Instagram Is Biased Against Plus-Size Bodies, And They May Be Right",,20200522-1400
https://www.buzzfeed.com/yiyang/futuristic-products-thatll-probably-make-you-feel-like?origin=web-hf,35 Futuristic Products That’ll Probably Make You Feel Like You’re Living In 3020,,20200522-1400
https://www.buzzfeed.com/morganmurrell/drake-called-kylie-jenner-side-piece-apology?origin=web-hf,"Drake Name-Dropped Kylie Jenner, Kendall Jenner, And Gigi Hadid In A Song, Then Issued An Apology Statement",,20200522-1400
/watch/video/105310,"Loren Gray Reads Her Instagram DMs
Loren Gray bravely sits down to do a deep dive into her Instagram DM requests, which include supportive fans, the obligatory haters, and even some marriage proposals from complete strangers. Check out Loren’s new single “Cake” now: https://www.youtube.com/watch?v=klwWrurkjgc",,20200522-1400
https://www.buzzfeed.com/christopherhudspeth/oh-come-on-facepalm-that-sucks-things?origin=web-hf,15 Facepalm-Worthy Things Humans Recently Did During This Pandemic That Make Me Hope Aliens Aren't Watching,,20200522-1400
https://www.buzzfeed.com/briangalindo/21-tbt-photos-celebs-posted-on-instagram-may-21?origin=web-hf,Here's What Chrissy Teigen And 20 Other Celebrities Shared This Week For #TBT,,20200522-1400
https://www.buzzfeed.com/tatianatenreyrowhitlock/michael-cera-aubrey-plaza-chuck-e-cheese-pic?origin=web-hf,Michael Cera And Aubrey Plaza's Chuck E. Cheese Photo Is Legendary And Now We Have The Whole Story,,20200522-1400
https://www.buzzfeednews.com/article/skbaer/ahmaud-arbery-death-william-bryan-arrest?origin=web-hf,The Man Who Recorded Video Of Ahmaud Arbery Being Shot Has Been Arrested On A Murder Charge,,20200522-1400
https://www.buzzfeed.com/briangalindo/chris-pratt-accidentally-deleted-over-35000-unread-emails?origin=web-hf,"Chris Pratt Accidentally Deleted More Than 35,000 Unread Emails After His Son Gasped At His Full Inbox",,20200522-1400
https://www.buzzfeed.com/sydrobinson1/before-and-after-pets-being-adopted-quarantine?origin=web-hf,21 Before-And-After Pictures Of Pets Who Were Adopted During Quarantine,,20200522-1400
https://www.buzzfeed.com/daves4/everyone-hates-but-does?origin=web-hf,27 Things Everyone On Earth Hates That They Do But Does Anyway,,20200522-1400
https://www.buzzfeed.com/hannahmarder/teen-drama-characters-that-did-not-need-to-die?origin=web-hf,20 Of The Most Tragically Unnecessary Deaths From Teen Dramas,,20200522-1400
/watch/video/105538,Can These Exes Be Friends?,,20200522-1400
https://www.buzzfeed.com/tessafahey/identify-avatar-the-last-airbender-characters-quiz?origin=web-hf,"If You Can Identify 30/36 Of These ""Avatar: The Last Airbender"" Characters, You're A Master Bender",,20200522-1400
https://www.buzzfeed.com/ehisosifo1/harry-potter-letter-p-trivia-quiz?origin=web-hf,"This ""Harry Potter"" Quiz Will Separate The Wizards From The Muggles And It All Depends On The Letter P",,20200522-1400
https://www.buzzfeed.com/clareaston/my-bibliotherapy-prescription?origin=web-hf,"You Can Now Be ""Prescribed"" Books For Your Mental Health And These Six Were Meant To Help Me",,20200522-1400
https://www.buzzfeed.com/rosethecorgi/choose-some-food-and-revile-your-soulmates-name-7gjir6fim?origin=web-hf,"If You Really Wanna Know The First Letter Of Your Soulmate's Name, Eat Some Food And We'll Tell You",,20200522-1400
https://www.buzzfeed.com/mjs538/rose-on-90-day-fiance-and-big-ed?origin=web-hf,We Need To Stop Talking About Big Ed And Start Talking About Rose,,20200522-1400
https://www.buzzfeed.com/isabellalouise/can-you-sort-these-hogwarts-students-in-their-righ-klzvv4gs4?origin=web-hf,Only A Hogwarts Genius Can Match The Student To The House They Were Sorted Into,,20200522-1400
https://www.buzzfeed.com/christopherhudspeth/people-believed-there-was-evidence-of-a-parallel-universe?origin=web-hf,"17 Of The Funniest Tweets About The Discovery Of ""Evidence"" That A Parallel Universe Exists",,20200522-1400
https://www.buzzfeed.com/ehisosifo1/drastic-americas-next-top-model-makeovers?origin=web-hf,"23 ""ANTM"" Makeovers That Tyra Banks Actually Assigned To Contestants",,20200522-1400
/watch/video/102332,"I Followed Bretman Rock's Oldest And Newest Makeup Tutorial
""This could either be a revelation or a giant mistake.""",,20200522-1400
https://www.buzzfeed.com/alliehayes/books-so-good-you-cannot-put-them-down-flipped?origin=web-hf,"21 Books That Are So Good, People Literally Could Not Put Them Down",,20200522-1400
https://www.buzzfeed.com/fallon2/what-hunger-games-characters-belong-in-these-hogwa-ckb6eid9yq?origin=web-hf,"Would You Sort These Characters From ""The Hunger Games"" Into The Same Hogwarts Houses As Everyone Else?",,20200522-1400
https://www.buzzfeed.com/avaerickson04/which-disney-prince-do-you-belong-with-1mtuff45b1?origin=web-hf,Which Disney Prince Is Your Soulmate?,,20200522-1400
https://www.buzzfeed.com/juliawilling/for-everyone-in-love-with-boxer?origin=web-hf,"Boxer From ""White Lines"" Is Pure Sexual Dynamo And These 23 Tweets Prove It",,20200522-1400
https://www.buzzfeed.com/stephenlaconte/lana-del-rey-controversy-beyonce-ariana-grande-cardi-b?origin=web-hf,"Lana Del Rey Seemed To Drag Artists Like Beyoncé, Cardi B, And Ariana Grande In A Statement On Instagram, And People Are Pissed",,20200522-1400
https://www.buzzfeed.com/stephenlaconte/oprah-winfrey-big-cabbage-instagram?origin=web-hf,"Oprah Grew A Cabbage So Big She Could Barely Carry It, And You Really Need To See It To Believe It's Real",,20200522-1400
https://www.buzzfeed.com/kristatorres/little-bugs-live-in-strawberries-so-you-should-al?origin=web-hf,"If You Wash Berries In Salt Water, Little Bugs Will Start To Crawl Out",,20200522-1400
https://www.buzzfeednews.com/article/michaelblackmon/lana-del-rey-instagram-post-race?origin=web-hf,This Is Why People Are Mad At Lana Del Rey,,20200522-1400
/watch/video/105809,"The ""Outer Banks"" Cast Answers Your Burning Questions
Your favorite Pogues return as the cast of the hit Netflix series “Outer Banks” (Chase Stokes, Madelyn Cline, Madison Bailey, Rudy Pankow, and Jonathan Daviss) all sit down to answer your burning questions, from how their lives have changed since the show’s debut, to what they think will happen in season two, all the way to which major roles they’ve auditioned for in the past but didn’t get…which leads to one cast member revealing that he very nearly spent some time in a galaxy far, far away.",,20200522-1400
https://www.buzzfeed.com/marielasummerhays01/therapy-is-for-men?origin=web-hf,These 7 Men Will Convince You Therapy Is For Everyone,,20200522-1400
https://www.buzzfeed.com/daniellaemanuel/water-popsicles-tiktok?origin=web-hf,"A Mom On TikTok Makes ""Water Popsicles"" For Her Kids And I'm Cracking Up",,20200522-1400
https://www.buzzfeed.com/katdo0907/the-office-and-friends-polls-1v8n4ssmtp?origin=web-hf,"These Polls Are For Fans Of ""Friends"" And ""The Office"" Only",,20200522-1400
https://www.buzzfeed.com/anoushkagadhwal/the-ultimate-harry-potter-and-the-sorcereras-sto-cn37ve6nwu?origin=web-hf,"I Bet You Can't Score 10/13 On This ""Harry Potter And The Sorcerer’s Stone"" Book Quiz",,20200522-1400
https://www.buzzfeed.com/ryanschocket2/people-are-sharing-the-worst-coworker-theyve-worked-with?origin=web-hf,"People Are Sharing The Worst Coworker They've Worked With And Wow, Just Wow",,20200522-1400
https://www.buzzfeed.com/victoriagasparowicz/dark-moments-from-kids-movies-that-are-probably-still?origin=web-hf,22 Unexpectedly Dark Kids Movie Moments That People Wish They Could Forget,,20200522-1400
https://www.buzzfeed.com/chilifritos1234/plan-a-wedding-a-well-tell-which-the-office-char-cvj3ackoya?origin=web-hf,"Design Your Dream Wedding And We'll Tell You Which Character From ""The Office"" You Belong With",,20200522-1400
https://www.buzzfeed.com/mjs538/a-news-clip-from-go-topless-jeep-weekend-is-going-viral?origin=web-hf,"A Video From ""Go Topless Jeep Weekend"" Is Going Viral Because ""Not Even SNL Could Write Something This Ridiculous""",,20200522-1400
/watch/video/103610,Gadiel Gets Financial Tips For Surviving This Pandemic,,20200522-1400
https://www.buzzfeed.com/lyapalater/the-bar-is-so-low-that-im-emotion-because-adam-sa?origin=web-hf,The Bar Is So Low That I'm Emo Over Adam Sandler Buying Tampons For The Women In His Life,,20200522-1400
https://www.buzzfeed.com/farrahpenn/new-ya-books-spring-2020?origin=web-hf,Here Are The 15 Young Adult Books We're Loving This Spring,,20200522-1400
https://www.buzzfeed.com/buzzfeedoznews/bye-buzzfeed-oz-news?origin=web-hf,This Is BuzzFeed News Australia’s Last Day. Here Are 37 Of Our Favourite Stories.,,20200522-1400
https://www.buzzfeed.com/jasminsuknanan/useful-beauty-products-on-sale?origin=web-hf,23 Useful Beauty Products You'll Probably Be Very Glad You Got On Sale,,20200522-1400
https://www.buzzfeed.com/hbraga/sephora-memorial-day-sale?origin=web-hf,Sephora Has Tons Of Products On Sale For Up To 50% Off Right Now,,20200522-1400
https://www.buzzfeed.com/hannahryan/refugees-phones-australia-whatsapp-interview?origin=web-hf,I WhatsApped Refugees To Ask Why They're So Freaked Out About The Government Taking Their Phones Away,,20200522-1400
https://www.buzzfeednews.com/article/tanyachen/a-man-is-being-trolled-for-making-a-leather-face-mask?origin=web-hf,This Guy Is Being Trolled After He Shared His Design For A Cool-Looking Leather Face Mask,,20200522-1400
https://www.buzzfeed.com/jmihaly/fathers-day-gifts-dads-wont-pretend?origin=web-hf,31 Father’s Day Gifts That Dads Won’t Have To Pretend To Like,,20200522-1400
/watch/video/103666,"Black Family Tries Each Others' Chocolate Chip Cookies
""I'm lactose intolerant, I don't need this!""",,20200522-1400
https://www.buzzfeednews.com/article/rubycramer/joe-biden-tara-reade-allegations-senate-2020?origin=web-hf,Tara Reade Stood Apart In Joe Biden's 1990s Senate Staff,,20200522-1400
https://www.buzzfeed.com/lakenbrooks222/we-know-your-soulmates-initials-based-on-the-shak-3thj8kp21b?origin=web-hf,We Know Your Soulmate's Initials Based On The Shakespearean Insults You Use To Describe Your Ex,,20200522-1400
https://www.buzzfeed.com/eleanorbate/gigi-hadid-pregnant-during-fashion-week?origin=web-hf,"Gigi Hadid Opened Up About Being ""A Few Months"" Pregnant During Fashion Week And How Her Body Has Changed",,20200522-1400
https://www.buzzfeed.com/yiyang/target-memorial-day-sale?origin=web-hf,All The Best Memorial Day Deals At Target,,20200522-1400
https://www.buzzfeed.com/racheldunkel/sur-la-table-summer-sale?origin=web-hf,"Sur La Table's Having A Huge Summer Sale, So It's Time To Invest In Some Quality Kitchen Tools",,20200522-1400
https://www.buzzfeed.com/kristatorres/jason-derulos-tried-to-eat-corn-off-a-power-drill?origin=web-hf,Jason Derulo Tried To Eat Corn Off A Power Drill And Things Did Not Go Well,,20200522-1400
https://www.buzzfeed.com/whitneyjefferson/joaquin-phoenix-and-rooney-mara-baby-tweets?origin=web-hf,18 Perfect Tweets About Joaquin Phoenix And Rooney Mara Having A Baby,,20200522-1400
https://www.buzzfeed.com/swiftienerd/do-you-agree-with-these-unpopular-book-opinions-e47xhgqlig?origin=web-hf,Do You Actually Agree With These Controversial Book Opinions?,,20200522-1400
/watch/video/103443,Japanese And Mexican People Swap Board Games,,20200522-1400
https://www.buzzfeed.com/lilianastephens21/make-a-friends-episode-and-ill-tell-you-which-fri-a59ionup2o?origin=web-hf,"Make A ""Friends"" Episode And I'll Tell You Which Character You Are",,20200522-1400
https://www.buzzfeed.com/isabellalouise/this-visual-quiz-will-reveal-which-elemental-bendi-687v2it35g?origin=web-hf,"This Visual Quiz Will Reveal Which ""Avatar: The Last Airbender"" Element You'd Master",,20200522-1400
https://www.buzzfeed.com/samanthawieder/overstocks-memorial-day-blowout-sale-2020?origin=web-hf,All The Best Deals At Overstock's Memorial Day Sale,,20200522-1400
https://www.buzzfeednews.com/article/salvadorhernandez/coronavirus-victim-white-house-butler-wilson-jerman?origin=web-hf,A White House Butler Who Worked For 11 US Presidents Died Of The Coronavirus,,20200522-1400
https://www.buzzfeed.com/kaylaboyd/fathers-day-gifts?origin=web-hf,34 Of The Best Father's Day Gifts To Give This Year,,20200522-1400
https://www.buzzfeed.com/angelicaamartinez/tiktok-vintage-makeup?origin=web-hf,TikTok Taught Me How Wild Vintage Makeup Compacts Were And I Desperately Need Them To Make A Comeback,,20200522-1400
https://www.buzzfeed.com/kirbybeaton/books-recommendations-traveling?origin=web-hf,19 Books To Read During Quarantine To Make You Feel Like You're Traveling,,20200522-1400
https://www.buzzfeed.com/malloryannp/fathers-day-gifts-over-35?origin=web-hf,50 Splurge-Worthy Gifts To Surprise Your Dad With This Father's Day,,20200522-1400
/watch/video/105671,Black Women Go To Vegas Without Their Hair Done,,20200522-1400
https://www.buzzfeednews.com,BuzzFeed NewsReporting on what you care about. We hold major institutions accountable and expose wrongdoing.,,20200522-1430
https://www.tasty.co,"BuzzFeed TastySearch, watch, and cook every single Tasty recipe and video ever - all in one place!",,20200522-1430
https://www.buzzfeed.com/goodful,"BuzzFeed GoodfulSelf care and ideas to help you live a healthier, happier life.",,20200522-1430
https://www.buzzfeed.com/bringme,"BuzzFeed Bring MeObsessed with travel? Discover unique things to do, places to eat, and sights to see in the best destinations around the world with Bring Me!",,20200522-1430
https://www.buzzfeed.com/asis,"BuzzFeed As IsSomething for everyone interested in hair, makeup, style, and body positivity.",,20200522-1430
https://www.buzzfeed.com/benhenry/demi-lovato-boyfriend-max-ehrich-old-tweet?ref=hpsplash&origin=spl,Demi Lovato Shared An Old Tweet Her Boyfriend Posted In 2011 About Wanting To Date Her And It’s So Cute,,20200522-1430
https://www.buzzfeed.com/jmihaly/home-long-run-benefits?origin=hpp,31 Somewhat Random Things To Buy For Your Home That'll Benefit You In The Long Run,,20200522-1430
https://www.buzzfeed.com/newsletters?ref=hplego,"WTF Is Happening Today? BuzzFeed Newsletters Can Help!
We have newsletters to help you stay in the loop AND newsletters to help you forget! Try one today!",,20200522-1430
https://www.buzzfeed.com/kylerichmond/really-hard-quiz-about-canada?origin=web-hf,This Quiz About Canada Will Definitely Eliminate You Before Level 25,,20200522-1430
https://www.buzzfeednews.com/article/davidmack/son-stabs-dad-murder-zoom-call?origin=web-hf,A Guy Was On A Zoom Call When His Son Allegedly Stabbed Him To Death,,20200522-1430
https://www.buzzfeed.com/andrewziegler/quiz-party?origin=shp,"You Can Now Take BuzzFeed Quizzes In Real Time With Your Friends — You’re Welcome
Let’s get this party started.",,20200522-1430
https://www.buzzfeed.com/jenniferabidor/friends-a-to-z?origin=shp,"This ""Friends"" A–Z Quiz Will Reveal Which Main Character You Are",,20200522-1430
https://www.buzzfeed.com/sarahaspler/taste-in-disney-movies-age-quiz?origin=shp,Can We Accurately Guess Your Age Based On Your Taste In Disney Movies?,,20200522-1430
https://www.buzzfeed.com/andrewziegler/quiz-romantic-type?origin=shp,There Are Actually Only Four Romantic Types And We Can Accurately Guess Yours,,20200522-1430
https://www.buzzfeed.com/sarahaspler/everyone-has-a-fruit-that-matches-their-personalit?origin=shp,Everyone Has A Fruit That Matches Their Personality – Here’s Yours,,20200522-1430
https://www.buzzfeed.com/quizparty,Keep the quiz party going,,20200522-1430
https://www.buzzfeed.com/lyapalater/things-famous-people-were-photographed-doing-this-week-5-22?origin=web-hf,16 Things Famous People Were Photographed Doing This Week,,20200522-1430
https://www.buzzfeed.com/eleanorbate/kristen-bell-daughter-diapers-mom-shaming?origin=web-hf,"Kristen Bell Opened Up About Mom-Shaming And Revealed Her Five-Year-Old Daughter Is ""Still In Diapers""",,20200522-1430
https://www.buzzfeed.com/maitlandquitmeyer/best-memorial-day-sales-deals-2020?origin=hshp,"All The Best Memorial Day Weekend Deals
The savings start now.",,20200522-1430
https://www.buzzfeed.com/kaylasuazo/all-the-best-memorial-day-mattress-sales-2020?origin=hshp,All Of The Best Memorial Day Mattress Sales,,20200522-1430
https://www.buzzfeed.com/emmalord9/best-deals-wayfair-memorial-day-sale?origin=hshp,All The Best Deals At Wayfair's Memorial Day Sale,,20200522-1430
https://www.buzzfeed.com/abbykass/zappos-memorial-day-sale?origin=hshp,You Can Save On *So* Many Popular Shoes During The Zappos Memorial Day Sale,,20200522-1430
https://www.buzzfeed.com/elenamgarcia/dyson-is-having-a-pretty-major-memorial-day-sale-no-better?origin=hshp,Dyson Is Having A Pretty Major Memorial Day Sale — No Better Time Than Now To Get Yourself A New Vacuum,,20200522-1430
https://www.buzzfeed.com/shopping?origin=hshp,See more great product recommendations,,20200522-1430
https://www.buzzfeed.com/farrahpenn/phytophotodermatitis-sunlight-lime-photos?origin=web-hf,These Graphic Pictures Show What Can Happen If You Go Outside After Handling Limes,,20200522-1430
/watch/video/102294,"We Didn't Use Toilet Paper For A Week 
Auri gets Steve to try reusable toilet paper, will he like it?",,20200522-1430
https://www.buzzfeed.com/christyz23/take-this-quiz-to-see-how-you-will-blow-up-on-tikt-9km5keymm2?origin=web-hf,What Will You Be TikTok Famous For?,,20200522-1430
https://www.buzzfeednews.com/article/davidmack/coronavirus-trump-test-positive-negative-answer-video?origin=shp,"Positive News! Trump Says He Tested Positively, Which Means Negative, For The Coronavirus.
“But that’s a way of saying it: positively toward the negative.”",,20200522-1430
https://www.buzzfeednews.com/article/janelytvynenko/coronavirus-spin-doctors?origin=shp,These Are The Fake Experts Pushing Pseudoscience And Conspiracy Theories About The Coronavirus Pandemic,,20200522-1430
https://www.buzzfeednews.com/article/clarissajanlim/doctor-congressional-hearing-coronavirus-second-wave-ppe?origin=shp,"A Doctor Told Lawmakers The Country Is Not ""Prepared For A Second Wave"" Of The Coronavirus",,20200522-1430
https://www.buzzfeednews.com/article/meghara/qatar-coronavirus-tracking-app-mandatory?origin=shp,Qatar Has Made Its Coronavirus Contact Tracing App Mandatory,,20200522-1430
https://www.buzzfeednews.com/article/lamvo/coronavirus-update-charts-unemployment-claims-laid-off-jobs?origin=shp,These Updating Charts Show The Record Number Of Americans Filing Unemployment Claims,,20200522-1430
https://bzfd.it/noc-show,The daily News O'Clock podcast is here.,,20200522-1430
https://www.buzzfeed.com/sam_cleal/guess-the-celeb-by-their-parent-quiz?origin=web-hf,Can You Name The Celebrity From Their Parent?,,20200522-1430
https://www.buzzfeed.com/sp177/if-you-can-name-all-10-of-these-animals-from-frien-f9ehybf6k8?origin=web-hf,"You Might Be Obsessed With ""Friends"" If You Can Pass This ""Jeopardy!"" Trivia Quiz About The Animals In The Show",,20200522-1430
https://www.buzzfeed.com/laurengarafano/pick-one-hot-guy-per-teen-drama-poll?origin=web-hf,This Quiz Makes You Choose Only One Hot Guy From Each Teen Drama,,20200522-1430
https://www.buzzfeed.com/kaylaboyd/laundry-tips-our-readers-actually-swear-by?origin=web-hf,17 Laundry Tips Our Readers Actually Swear By,,20200522-1430
https://www.buzzfeed.com/hannahmarder/can-you-name-a-harry-potter-character-for-every-letter-of?origin=web-hf,"Can You Name A ""Harry Potter"" Character For Every Letter Of The Alphabet?",,20200522-1430
https://www.buzzfeed.com/victoriavouloumanos/stars-who-are-mixed-asian-pacific-islander?origin=shp,"34 Multiracial Celebs Who Are Actually Asian Or Pacific Islander
Relatable and inspirational icons, all of ‘em.",,20200522-1430
https://www.buzzfeed.com/nusrat21/a-guide-for-people-new-to-bollywood?origin=shp,30 Bollywood Films That Everyone Absolutely Must See,,20200522-1430
https://www.buzzfeed.com/michellemkim/asian-male-celebs-thirst?origin=shp,21 Asian Male Celebs That Have Us Feeling Oh So Very Thirsty,,20200522-1430
https://www.buzzfeed.com/michellemkim/which-anime-best-boy-are-you?origin=shp,Quiz: Which Anime Best Boy Are You?,,20200522-1430
https://www.buzzfeed.com/badge/apahm2020,See all of our APAHM coverage here,,20200522-1430
/watch/video/99501,"Boricua From The Island vs The Mainland 
Love one another, Puerto Ricans from around the world!",,20200522-1430
https://www.buzzfeed.com/frazyeah/plan-a-european-road-trip-and-ill-give-you-an-und-d9677ttbfw?origin=web-hf,We'll Give You An Underrated Netflix Movie To Watch Based On The European Road Trip You Plan,,20200522-1430
https://www.buzzfeed.com/buzzfeedpromotions/get-the-best-summer-recipes-with-the-tasty-newsletter,Get The Best Spring Recipes With The Tasty Newsletter!,,20200522-1430
https://www.buzzfeed.com/malloryannp/bed-frames-thatll-basically-be-the-star-of-your-bedroom?origin=web-hf,29 Bed Frames That'll Basically Be The Star Of Your Bedroom,,20200522-1430
https://www.buzzfeed.com/hanifahrahman/what-tv-show-inconsistency-will-you-never-forget?origin=web-hf,Tell Us The Most Annoying TV Inconsistency You Know,,20200522-1430
https://www.buzzfeednews.com/article/tanyachen/are-shady-instagram-giveaways-the-new-mlms?origin=web-hf,These Controversial Loop Giveaways On Instagram Have Some Things In Common With MLMs,,20200522-1430
https://www.buzzfeednews.com/article/albertonardelli/trump-g7-coronavirus?origin=web-hf,Trump Wants To Hold The G7 Summit In Person But He Didn’t Ask Other World Leaders About The Idea Before Tweeting It,,20200522-1430
https://www.buzzfeed.com/emmamcanaw/masks-made-here-20-off-sale?origin=web-hf,"If You're Bored Of Your Face Mask, Masks Made Here Is Having A 20% Off Sale",,20200522-1430
https://www.buzzfeed.com/hannahmarder/what-movies-about-mental-health-made-you-feel-seen,What Movies Got Mental Health Right?,,20200522-1430
/watch/video/105540,"Camp Counselor Horror Stories
In honor of summer former camp counselors share their craziest, weirdest and funniest experiences from camp.",,20200522-1430
https://www.buzzfeed.com/mikespohr/mindblowing-facts?origin=web-hf,18 Random Facts That Absolutely Blew People's Minds On Twitter,,20200522-1430
https://www.buzzfeed.com/zipporkella/what-percent-typical-nerd-are-you-c09ywjxe9m?origin=web-hf,"If You Check Off At Least 17/26 Things On This List, Then You're A Total Nerd",,20200522-1430
https://www.buzzfeed.com/tessafahey/iconic-rom-com-checklist?origin=web-hf,How Many Iconic Rom-Coms Have You Actually Seen?,,20200522-1430
https://www.buzzfeed.com/tatianatenreyrowhitlock/lady-gaga-and-ariana-grande-song?origin=web-hf,"Lady Gaga And Ariana Grande Just Made The Weekend More Exciting By Dropping Their Song ""Rain On Me""",,20200522-1430
https://www.buzzfeed.com/tatianatenreyrowhitlock/funniest-tweets-lana-del-rey-instagram-post-drama?origin=web-hf,15 Funny Tweets About The Lana Del Rey Instagram Post Drama,,20200522-1430
https://www.buzzfeed.com/noradominick/celeb-iconic-characters-trivia-quiz?origin=web-hf,These Iconic TV And Movie Characters Were Played By The Same Actor — Can You Tell Them Apart?,,20200522-1430
https://www.buzzfeed.com/jenniferabidor/jokes-about-disney-villains?origin=web-hf,21 Times The Internet Roasted The Disney Villains,,20200522-1430
https://www.buzzfeed.com/tatianatenreyrowhitlock/lana-del-rey-responds-to-backlash-over-instagram-post?origin=web-hf,"Lana Del Rey Responded To The Backlash Toward Her Instagram Post, Saying She's Sad People Made It A ""WOC Issue""",,20200522-1430
/watch/video/105310,"Loren Gray Reads Her Instagram DMs
Loren Gray bravely sits down to do a deep dive into her Instagram DM requests, which include supportive fans, the obligatory haters, and even some marriage proposals from complete strangers. Check out Loren’s new single “Cake” now: https://www.youtube.com/watch?v=klwWrurkjgc",,20200522-1430
https://www.buzzfeed.com/huynht2510/can-we-guess-your-most-recent-emoji-by-this-quiz-eqcv8mgpxb?origin=web-hf,Build A House And We'll Accurately Guess Your Most Recently Used Emoji,,20200522-1430
https://www.buzzfeed.com/farrahpenn/finals-week-zoom-university-fails?origin=web-hf,18 Times The Students Of Zoom University Really Struggled Through Finals Week,,20200522-1430
https://www.buzzfeed.com/mjs538/early-2000s-pictures-for-millennials?origin=web-hf,33 Pictures That Millennials Will Have To Explain To Generation Alpha Someday,,20200522-1430
https://www.buzzfeednews.com/article/laurenstrapagiel/influencers-say-instagram-is-more-likely-to-remove-photos?origin=web-hf,"Influencers Say Instagram Is Biased Against Plus-Size Bodies, And They May Be Right",,20200522-1430
https://www.buzzfeed.com/yiyang/futuristic-products-thatll-probably-make-you-feel-like?origin=web-hf,35 Futuristic Products That’ll Probably Make You Feel Like You’re Living In 3020,,20200522-1430
https://www.buzzfeed.com/morganmurrell/drake-called-kylie-jenner-side-piece-apology?origin=web-hf,"Drake Name-Dropped Kylie Jenner, Kendall Jenner, And Gigi Hadid In A Song, Then Issued An Apology Statement",,20200522-1430
https://www.buzzfeed.com/briangalindo/21-tbt-photos-celebs-posted-on-instagram-may-21?origin=web-hf,Here's What Chrissy Teigen And 20 Other Celebrities Shared This Week For #TBT,,20200522-1430
https://www.buzzfeed.com/christopherhudspeth/oh-come-on-facepalm-that-sucks-things?origin=web-hf,15 Facepalm-Worthy Things Humans Recently Did During This Pandemic That Make Me Hope Aliens Aren't Watching,,20200522-1430
/watch/video/105538,Can These Exes Be Friends?,,20200522-1430
https://www.buzzfeed.com/tatianatenreyrowhitlock/michael-cera-aubrey-plaza-chuck-e-cheese-pic?origin=web-hf,Michael Cera And Aubrey Plaza's Chuck E. Cheese Photo Is Legendary And Now We Have The Whole Story,,20200522-1430
https://www.buzzfeednews.com/article/skbaer/ahmaud-arbery-death-william-bryan-arrest?origin=web-hf,The Man Who Recorded Video Of Ahmaud Arbery Being Shot Has Been Arrested On A Murder Charge,,20200522-1430
https://www.buzzfeed.com/briangalindo/chris-pratt-accidentally-deleted-over-35000-unread-emails?origin=web-hf,"Chris Pratt Accidentally Deleted More Than 35,000 Unread Emails After His Son Gasped At His Full Inbox",,20200522-1430
https://www.buzzfeed.com/sydrobinson1/before-and-after-pets-being-adopted-quarantine?origin=web-hf,21 Before-And-After Pictures Of Pets Who Were Adopted During Quarantine,,20200522-1430
https://www.buzzfeed.com/daves4/everyone-hates-but-does?origin=web-hf,27 Things Everyone On Earth Hates That They Do But Does Anyway,,20200522-1430
https://www.buzzfeed.com/hannahmarder/teen-drama-characters-that-did-not-need-to-die?origin=web-hf,20 Of The Most Tragically Unnecessary Deaths From Teen Dramas,,20200522-1430
https://www.buzzfeed.com/tessafahey/identify-avatar-the-last-airbender-characters-quiz?origin=web-hf,"If You Can Identify 30/36 Of These ""Avatar: The Last Airbender"" Characters, You're A Master Bender",,20200522-1430
https://www.buzzfeed.com/ehisosifo1/harry-potter-letter-p-trivia-quiz?origin=web-hf,"This ""Harry Potter"" Quiz Will Separate The Wizards From The Muggles And It All Depends On The Letter P",,20200522-1430
/watch/video/102332,"I Followed Bretman Rock's Oldest And Newest Makeup Tutorial
""This could either be a revelation or a giant mistake.""",,20200522-1430
https://www.buzzfeed.com/clareaston/my-bibliotherapy-prescription?origin=web-hf,"You Can Now Be ""Prescribed"" Books For Your Mental Health And These Six Were Meant To Help Me",,20200522-1430
https://www.buzzfeed.com/rosethecorgi/choose-some-food-and-revile-your-soulmates-name-7gjir6fim?origin=web-hf,"If You Really Wanna Know The First Letter Of Your Soulmate's Name, Eat Some Food And We'll Tell You",,20200522-1430
https://www.buzzfeed.com/mjs538/rose-on-90-day-fiance-and-big-ed?origin=web-hf,We Need To Stop Talking About Big Ed And Start Talking About Rose,,20200522-1430
https://www.buzzfeed.com/isabellalouise/can-you-sort-these-hogwarts-students-in-their-righ-klzvv4gs4?origin=web-hf,Only A Hogwarts Genius Can Match The Student To The House They Were Sorted Into,,20200522-1430
https://www.buzzfeed.com/christopherhudspeth/people-believed-there-was-evidence-of-a-parallel-universe?origin=web-hf,"17 Of The Funniest Tweets About The Discovery Of ""Evidence"" That A Parallel Universe Exists",,20200522-1430
https://www.buzzfeed.com/ehisosifo1/drastic-americas-next-top-model-makeovers?origin=web-hf,"23 ""ANTM"" Makeovers That Tyra Banks Actually Assigned To Contestants",,20200522-1430
https://www.buzzfeed.com/alliehayes/books-so-good-you-cannot-put-them-down-flipped?origin=web-hf,"21 Books That Are So Good, People Literally Could Not Put Them Down",,20200522-1430
https://www.buzzfeed.com/fallon2/what-hunger-games-characters-belong-in-these-hogwa-ckb6eid9yq?origin=web-hf,"Would You Sort These Characters From ""The Hunger Games"" Into The Same Hogwarts Houses As Everyone Else?",,20200522-1430
/watch/video/105809,"The ""Outer Banks"" Cast Answers Your Burning Questions
Your favorite Pogues return as the cast of the hit Netflix series “Outer Banks” (Chase Stokes, Madelyn Cline, Madison Bailey, Rudy Pankow, and Jonathan Daviss) all sit down to answer your burning questions, from how their lives have changed since the show’s debut, to what they think will happen in season two, all the way to which major roles they’ve auditioned for in the past but didn’t get…which leads to one cast member revealing that he very nearly spent some time in a galaxy far, far away.",,20200522-1430
https://www.buzzfeed.com/juliawilling/for-everyone-in-love-with-boxer?origin=web-hf,"Boxer From ""White Lines"" Is Pure Sexual Dynamo And These 23 Tweets Prove It",,20200522-1430
https://www.buzzfeed.com/avaerickson04/which-disney-prince-do-you-belong-with-1mtuff45b1?origin=web-hf,Which Disney Prince Is Your Soulmate?,,20200522-1430
https://www.buzzfeed.com/stephenlaconte/lana-del-rey-controversy-beyonce-ariana-grande-cardi-b?origin=web-hf,"Lana Del Rey Seemed To Drag Artists Like Beyoncé, Cardi B, And Ariana Grande In A Statement On Instagram, And People Are Pissed",,20200522-1430
https://www.buzzfeed.com/stephenlaconte/oprah-winfrey-big-cabbage-instagram?origin=web-hf,"Oprah Grew A Cabbage So Big She Could Barely Carry It, And You Really Need To See It To Believe It's Real",,20200522-1430
https://www.buzzfeed.com/marielasummerhays01/therapy-is-for-men?origin=web-hf,These 7 Men Will Convince You Therapy Is For Everyone,,20200522-1430
https://www.buzzfeed.com/kristatorres/little-bugs-live-in-strawberries-so-you-should-al?origin=web-hf,"If You Wash Berries In Salt Water, Little Bugs Will Start To Crawl Out",,20200522-1430
https://www.buzzfeed.com/daniellaemanuel/water-popsicles-tiktok?origin=web-hf,"A Mom On TikTok Makes ""Water Popsicles"" For Her Kids And I'm Cracking Up",,20200522-1430
https://www.buzzfeednews.com/article/michaelblackmon/lana-del-rey-instagram-post-race?origin=web-hf,This Is Why People Are Mad At Lana Del Rey,,20200522-1430
/watch/video/103610,Gadiel Gets Financial Tips For Surviving This Pandemic,,20200522-1430
https://www.buzzfeed.com/katdo0907/the-office-and-friends-polls-1v8n4ssmtp?origin=web-hf,"These Polls Are For Fans Of ""Friends"" And ""The Office"" Only",,20200522-1430
https://www.buzzfeed.com/anoushkagadhwal/the-ultimate-harry-potter-and-the-sorcereras-sto-cn37ve6nwu?origin=web-hf,"I Bet You Can't Score 10/13 On This ""Harry Potter And The Sorcerer’s Stone"" Book Quiz",,20200522-1430
https://www.buzzfeed.com/ryanschocket2/people-are-sharing-the-worst-coworker-theyve-worked-with?origin=web-hf,"People Are Sharing The Worst Coworker They've Worked With And Wow, Just Wow",,20200522-1430
https://www.buzzfeed.com/victoriagasparowicz/dark-moments-from-kids-movies-that-are-probably-still?origin=web-hf,22 Unexpectedly Dark Kids Movie Moments That People Wish They Could Forget,,20200522-1430
https://www.buzzfeed.com/chilifritos1234/plan-a-wedding-a-well-tell-which-the-office-char-cvj3ackoya?origin=web-hf,"Design Your Dream Wedding And We'll Tell You Which Character From ""The Office"" You Belong With",,20200522-1430
https://www.buzzfeed.com/mjs538/a-news-clip-from-go-topless-jeep-weekend-is-going-viral?origin=web-hf,"A Video From ""Go Topless Jeep Weekend"" Is Going Viral Because ""Not Even SNL Could Write Something This Ridiculous""",,20200522-1430
https://www.buzzfeed.com/lyapalater/the-bar-is-so-low-that-im-emotion-because-adam-sa?origin=web-hf,The Bar Is So Low That I'm Emo Over Adam Sandler Buying Tampons For The Women In His Life,,20200522-1430
https://www.buzzfeed.com/farrahpenn/new-ya-books-spring-2020?origin=web-hf,Here Are The 15 Young Adult Books We're Loving This Spring,,20200522-1430
/watch/video/103666,"Black Family Tries Each Others' Chocolate Chip Cookies
""I'm lactose intolerant, I don't need this!""",,20200522-1430
https://www.buzzfeed.com/buzzfeedoznews/bye-buzzfeed-oz-news?origin=web-hf,This Is BuzzFeed News Australia’s Last Day. Here Are 37 Of Our Favourite Stories.,,20200522-1430
https://www.buzzfeed.com/jasminsuknanan/useful-beauty-products-on-sale?origin=web-hf,23 Useful Beauty Products You'll Probably Be Very Glad You Got On Sale,,20200522-1430
https://www.buzzfeed.com/hannahryan/refugees-phones-australia-whatsapp-interview?origin=web-hf,I WhatsApped Refugees To Ask Why They're So Freaked Out About The Government Taking Their Phones Away,,20200522-1430
https://www.buzzfeed.com/hbraga/sephora-memorial-day-sale?origin=web-hf,Sephora Has Tons Of Products On Sale For Up To 50% Off Right Now,,20200522-1430
https://www.buzzfeednews.com/article/tanyachen/a-man-is-being-trolled-for-making-a-leather-face-mask?origin=web-hf,This Guy Is Being Trolled After He Shared His Design For A Cool-Looking Leather Face Mask,,20200522-1430
https://www.buzzfeed.com/jmihaly/fathers-day-gifts-dads-wont-pretend?origin=web-hf,31 Father’s Day Gifts That Dads Won’t Have To Pretend To Like,,20200522-1430
https://www.buzzfeednews.com/article/rubycramer/joe-biden-tara-reade-allegations-senate-2020?origin=web-hf,Tara Reade Stood Apart In Joe Biden's 1990s Senate Staff,,20200522-1430
https://www.buzzfeed.com/lakenbrooks222/we-know-your-soulmates-initials-based-on-the-shak-3thj8kp21b?origin=web-hf,We Know Your Soulmate's Initials Based On The Shakespearean Insults You Use To Describe Your Ex,,20200522-1430
/watch/video/103443,Japanese And Mexican People Swap Board Games,,20200522-1430
https://www.buzzfeed.com/eleanorbate/gigi-hadid-pregnant-during-fashion-week?origin=web-hf,"Gigi Hadid Opened Up About Being ""A Few Months"" Pregnant During Fashion Week And How Her Body Has Changed",,20200522-1430
https://www.buzzfeed.com/yiyang/target-memorial-day-sale?origin=web-hf,All The Best Memorial Day Deals At Target,,20200522-1430
https://www.buzzfeed.com/racheldunkel/sur-la-table-summer-sale?origin=web-hf,"Sur La Table's Having A Huge Summer Sale, So It's Time To Invest In Some Quality Kitchen Tools",,20200522-1430
https://www.buzzfeed.com/whitneyjefferson/joaquin-phoenix-and-rooney-mara-baby-tweets?origin=web-hf,18 Perfect Tweets About Joaquin Phoenix And Rooney Mara Having A Baby,,20200522-1430
https://www.buzzfeed.com/kristatorres/jason-derulos-tried-to-eat-corn-off-a-power-drill?origin=web-hf,Jason Derulo Tried To Eat Corn Off A Power Drill And Things Did Not Go Well,,20200522-1430
https://www.buzzfeed.com/swiftienerd/do-you-agree-with-these-unpopular-book-opinions-e47xhgqlig?origin=web-hf,Do You Actually Agree With These Controversial Book Opinions?,,20200522-1430
https://www.buzzfeed.com/lilianastephens21/make-a-friends-episode-and-ill-tell-you-which-fri-a59ionup2o?origin=web-hf,"Make A ""Friends"" Episode And I'll Tell You Which Character You Are",,20200522-1430
https://www.buzzfeed.com/isabellalouise/this-visual-quiz-will-reveal-which-elemental-bendi-687v2it35g?origin=web-hf,"This Visual Quiz Will Reveal Which ""Avatar: The Last Airbender"" Element You'd Master",,20200522-1430
/watch/video/105671,Black Women Go To Vegas Without Their Hair Done,,20200522-1430
https://www.buzzfeednews.com,BuzzFeed NewsReporting on what you care about. We hold major institutions accountable and expose wrongdoing.,,20200522-1500
https://www.tasty.co,"BuzzFeed TastySearch, watch, and cook every single Tasty recipe and video ever - all in one place!",,20200522-1500
https://www.buzzfeed.com/goodful,"BuzzFeed GoodfulSelf care and ideas to help you live a healthier, happier life.",,20200522-1500
https://www.buzzfeed.com/bringme,"BuzzFeed Bring MeObsessed with travel? Discover unique things to do, places to eat, and sights to see in the best destinations around the world with Bring Me!",,20200522-1500
https://www.buzzfeed.com/asis,"BuzzFeed As IsSomething for everyone interested in hair, makeup, style, and body positivity.",,20200522-1500
https://www.buzzfeed.com/tatianatenreyrowhitlock/lana-del-rey-responds-to-backlash-over-instagram-post?origin=spl&ref=hpsplash,"Lana Del Rey Responded To Her Instagram Post Backlash, Saying She’s Sad People Made It A “WOC Issue”",,20200522-1500
https://www.buzzfeed.com/jmihaly/home-long-run-benefits?origin=hpp,31 Somewhat Random Things To Buy For Your Home That'll Benefit You In The Long Run,,20200522-1500
https://www.buzzfeed.com/newsletters?ref=hplego,"WTF Is Happening Today? BuzzFeed Newsletters Can Help!
We have newsletters to help you stay in the loop AND newsletters to help you forget! Try one today!",,20200522-1500
https://www.buzzfeednews.com/article/ryancbrooks/joe-biden-charlamagne-black-breakfast-club?origin=web-hf,"Joe Biden Told Charlamagne He ""Ain't Black"" If He's Having Trouble Deciding Whether To Vote For Him Or Trump",,20200522-1500
https://www.buzzfeednews.com/article/davidmack/son-stabs-dad-murder-zoom-call?origin=web-hf,A Guy Was On A Zoom Call When His Son Allegedly Stabbed Him To Death,,20200522-1500
https://www.buzzfeed.com/andrewziegler/quiz-party?origin=shp,"You Can Now Take BuzzFeed Quizzes In Real Time With Your Friends — You’re Welcome
Let’s get this party started.",,20200522-1500
https://www.buzzfeed.com/jenniferabidor/friends-a-to-z?origin=shp,"This ""Friends"" A–Z Quiz Will Reveal Which Main Character You Are",,20200522-1500
https://www.buzzfeed.com/sarahaspler/taste-in-disney-movies-age-quiz?origin=shp,Can We Accurately Guess Your Age Based On Your Taste In Disney Movies?,,20200522-1500
https://www.buzzfeed.com/andrewziegler/quiz-romantic-type?origin=shp,There Are Actually Only Four Romantic Types And We Can Accurately Guess Yours,,20200522-1500
https://www.buzzfeed.com/sarahaspler/everyone-has-a-fruit-that-matches-their-personalit?origin=shp,Everyone Has A Fruit That Matches Their Personality – Here’s Yours,,20200522-1500
https://www.buzzfeed.com/quizparty,Keep the quiz party going,,20200522-1500
https://www.buzzfeed.com/lyapalater/things-famous-people-were-photographed-doing-this-week-5-22?origin=web-hf,16 Things Famous People Were Photographed Doing This Week,,20200522-1500
https://www.buzzfeed.com/farrahpenn/phytophotodermatitis-sunlight-lime-photos?origin=web-hf,These Graphic Pictures Show What Can Happen If You Go Outside After Handling Limes,,20200522-1500
https://www.buzzfeed.com/maitlandquitmeyer/best-memorial-day-sales-deals-2020?origin=hshp,"All The Best Memorial Day Weekend Deals
The savings start now.",,20200522-1500
https://www.buzzfeed.com/kaylasuazo/all-the-best-memorial-day-mattress-sales-2020?origin=hshp,All Of The Best Memorial Day Mattress Sales,,20200522-1500
https://www.buzzfeed.com/emmalord9/best-deals-wayfair-memorial-day-sale?origin=hshp,All The Best Deals At Wayfair's Memorial Day Sale,,20200522-1500
https://www.buzzfeed.com/abbykass/zappos-memorial-day-sale?origin=hshp,You Can Save On *So* Many Popular Shoes During The Zappos Memorial Day Sale,,20200522-1500
https://www.buzzfeed.com/elenamgarcia/dyson-is-having-a-pretty-major-memorial-day-sale-no-better?origin=hshp,Dyson Is Having A Pretty Major Memorial Day Sale — No Better Time Than Now To Get Yourself A New Vacuum,,20200522-1500
https://www.buzzfeed.com/shopping?origin=hshp,See more great product recommendations,,20200522-1500
https://www.buzzfeed.com/eleanorbate/kristen-bell-daughter-diapers-mom-shaming?origin=web-hf,"Kristen Bell Opened Up About Mom-Shaming And Revealed Her Five-Year-Old Daughter Is ""Still In Diapers""",,20200522-1500
/watch/video/102294,"We Didn't Use Toilet Paper For A Week 
Auri gets Steve to try reusable toilet paper, will he like it?",,20200522-1500
https://www.buzzfeed.com/elliewoodward/kristin-cavallaris-friend-kelly-henderson-instagram-drama?origin=web-hf,"Kristin Cavallari's Ex-BFF Is Getting Into Major Drama With Kristin Fans On Instagram After Addressing That Shady ""Jay Cutler Photo""",,20200522-1500
https://www.buzzfeednews.com/article/davidmack/coronavirus-trump-test-positive-negative-answer-video?origin=shp,"Positive News! Trump Says He Tested Positively, Which Means Negative, For The Coronavirus.
“But that’s a way of saying it: positively toward the negative.”",,20200522-1500
https://www.buzzfeednews.com/article/janelytvynenko/coronavirus-spin-doctors?origin=shp,These Are The Fake Experts Pushing Pseudoscience And Conspiracy Theories About The Coronavirus Pandemic,,20200522-1500
https://www.buzzfeednews.com/article/clarissajanlim/doctor-congressional-hearing-coronavirus-second-wave-ppe?origin=shp,"A Doctor Told Lawmakers The Country Is Not ""Prepared For A Second Wave"" Of The Coronavirus",,20200522-1500
https://www.buzzfeednews.com/article/meghara/qatar-coronavirus-tracking-app-mandatory?origin=shp,Qatar Has Made Its Coronavirus Contact Tracing App Mandatory,,20200522-1500
https://www.buzzfeednews.com/article/lamvo/coronavirus-update-charts-unemployment-claims-laid-off-jobs?origin=shp,These Updating Charts Show The Record Number Of Americans Filing Unemployment Claims,,20200522-1500
https://bzfd.it/noc-show,The daily News O'Clock podcast is here.,,20200522-1500
https://www.buzzfeed.com/bluewave/choose-a-makeup-routine-and-well-guess-your-eye-c-3l7xx9lyjo?origin=web-hf,We Know The Color Of Your Eyes Based On Your Makeup Routine,,20200522-1500
https://www.buzzfeed.com/morgansloss1/sorry-but-you-can-only-pick-one-movie-character-for-every?origin=web-hf,"Sorry, But You Can Only Pick One Movie Character For Every Letter Of The Alphabet – Who's Your Favorite?",,20200522-1500
https://www.buzzfeed.com/sam_cleal/guess-the-celeb-by-their-parent-quiz?origin=web-hf,Can You Name The Celebrity From Their Parent?,,20200522-1500
https://www.buzzfeed.com/laurengarafano/pick-one-hot-guy-per-teen-drama-poll?origin=web-hf,I Regret To Inform You That You Can Only Pick One Hot Guy Per TV Show,,20200522-1500
https://www.buzzfeed.com/benhenry/demi-lovato-boyfriend-max-ehrich-old-tweet?origin=web-hf,Demi Lovato Shared An Old Tweet Her Boyfriend Posted In 2011 About Wanting To Date Her And The Whole Thing Is Super Cute,,20200522-1500
https://www.buzzfeed.com/victoriavouloumanos/stars-who-are-mixed-asian-pacific-islander?origin=shp,"34 Multiracial Celebs Who Are Actually Asian Or Pacific Islander
Relatable and inspirational icons, all of ‘em.",,20200522-1500
https://www.buzzfeed.com/nusrat21/a-guide-for-people-new-to-bollywood?origin=shp,30 Bollywood Films That Everyone Absolutely Must See,,20200522-1500
https://www.buzzfeed.com/michellemkim/asian-male-celebs-thirst?origin=shp,21 Asian Male Celebs That Have Us Feeling Oh So Very Thirsty,,20200522-1500
https://www.buzzfeed.com/michellemkim/which-anime-best-boy-are-you?origin=shp,Quiz: Which Anime Best Boy Are You?,,20200522-1500
https://www.buzzfeed.com/badge/apahm2020,See all of our APAHM coverage here,,20200522-1500
/watch/video/99501,"Boricua From The Island vs The Mainland 
Love one another, Puerto Ricans from around the world!",,20200522-1500
https://www.buzzfeed.com/kaylaboyd/laundry-tips-our-readers-actually-swear-by?origin=web-hf,17 Laundry Tips Our Readers Actually Swear By,,20200522-1500
https://www.buzzfeed.com/kebornholtz/dont-miss-any-of-our-oscars-coverage-with-our-oscars-guide,Find The Next Show To Binge On With Our TV & Movies Newsletter!,,20200522-1500
https://www.buzzfeed.com/sp177/if-you-can-name-all-10-of-these-animals-from-frien-f9ehybf6k8?origin=web-hf,"Alex, I'll Take ""Animals From 'Friends'"" For $400",,20200522-1500
https://www.buzzfeednews.com/article/danvergano/coronavirus-malaria-drug-trump-deadly-hydroxychloroquine?origin=web-hf,A New Study Says The Malaria Drug Touted (And Taken) By Trump Looks Deadly For Coronavirus Patients,,20200522-1500
https://www.buzzfeed.com/hannahmarder/can-you-name-a-harry-potter-character-for-every-letter-of?origin=web-hf,"All You Have To Do To Pass This Quiz Is Name 26 ""Harry Potter"" Characters",,20200522-1500
https://www.buzzfeed.com/frazyeah/plan-a-european-road-trip-and-ill-give-you-an-und-d9677ttbfw?origin=web-hf,We'll Give You An Underrated Netflix Movie To Watch Based On The European Road Trip You Plan,,20200522-1500
https://www.buzzfeed.com/kylerichmond/really-hard-quiz-about-canada?origin=web-hf,This Random Knowledge Quiz On Canada Will Stump You By Level 25,,20200522-1500
https://www.buzzfeed.com/melanie_aman/what-is-the-best-place-to-buy-bras-if-you-have-small-boobs,What's The Best Place To Buy Bras If You Have Small Boobs?,,20200522-1500
/watch/video/105540,"Camp Counselor Horror Stories
In honor of summer former camp counselors share their craziest, weirdest and funniest experiences from camp.",,20200522-1500
https://www.buzzfeed.com/malloryannp/bed-frames-thatll-basically-be-the-star-of-your-bedroom?origin=web-hf,29 Bed Frames That'll Basically Be The Star Of Your Bedroom,,20200522-1500
https://www.buzzfeed.com/christyz23/take-this-quiz-to-see-how-you-will-blow-up-on-tikt-9km5keymm2?origin=web-hf,What Will You Be TikTok Famous For?,,20200522-1500
https://www.buzzfeed.com/hanifahrahman/what-tv-show-inconsistency-will-you-never-forget?origin=web-hf,Tell Us The Most Annoying TV Inconsistency You Know,,20200522-1500
https://www.buzzfeednews.com/article/tanyachen/are-shady-instagram-giveaways-the-new-mlms?origin=web-hf,These Controversial Loop Giveaways On Instagram Have Some Things In Common With MLMs,,20200522-1500
https://www.buzzfeednews.com/article/albertonardelli/trump-g7-coronavirus?origin=web-hf,Trump Wants To Hold The G7 Summit In Person But He Didn’t Ask Other World Leaders About The Idea Before Tweeting It,,20200522-1500
https://www.buzzfeed.com/emmamcanaw/masks-made-here-20-off-sale?origin=web-hf,"If You're Bored Of Your Face Mask, Masks Made Here Is Having A 20% Off Sale",,20200522-1500
https://www.buzzfeed.com/mikespohr/mindblowing-facts?origin=web-hf,18 Random Facts That Absolutely Blew People's Minds On Twitter,,20200522-1500
https://www.buzzfeed.com/zipporkella/what-percent-typical-nerd-are-you-c09ywjxe9m?origin=web-hf,"If You Check Off At Least 17/26 Things On This List, Then You're A Total Nerd",,20200522-1500
/watch/video/105310,"Loren Gray Reads Her Instagram DMs
Loren Gray bravely sits down to do a deep dive into her Instagram DM requests, which include supportive fans, the obligatory haters, and even some marriage proposals from complete strangers. Check out Loren’s new single “Cake” now: https://www.youtube.com/watch?v=klwWrurkjgc",,20200522-1500
https://www.buzzfeed.com/tessafahey/iconic-rom-com-checklist?origin=web-hf,How Many Iconic Rom-Coms Have You Actually Seen?,,20200522-1500
https://www.buzzfeed.com/tatianatenreyrowhitlock/lady-gaga-and-ariana-grande-song?origin=web-hf,"Lady Gaga And Ariana Grande Just Made The Weekend More Exciting By Dropping Their Song ""Rain On Me""",,20200522-1500
https://www.buzzfeed.com/tatianatenreyrowhitlock/funniest-tweets-lana-del-rey-instagram-post-drama?origin=web-hf,15 Funny Tweets About The Lana Del Rey Instagram Post Drama,,20200522-1500
https://www.buzzfeed.com/noradominick/celeb-iconic-characters-trivia-quiz?origin=web-hf,These Iconic TV And Movie Characters Were Played By The Same Actor — Can You Tell Them Apart?,,20200522-1500
https://www.buzzfeed.com/jenniferabidor/jokes-about-disney-villains?origin=web-hf,21 Times The Internet Roasted The Disney Villains,,20200522-1500
https://www.buzzfeed.com/huynht2510/can-we-guess-your-most-recent-emoji-by-this-quiz-eqcv8mgpxb?origin=web-hf,Build A House And We'll Accurately Guess Your Most Recently Used Emoji,,20200522-1500
https://www.buzzfeed.com/farrahpenn/finals-week-zoom-university-fails?origin=web-hf,18 Times The Students Of Zoom University Really Struggled Through Finals Week,,20200522-1500
https://www.buzzfeed.com/mjs538/early-2000s-pictures-for-millennials?origin=web-hf,33 Pictures That Millennials Will Have To Explain To Generation Alpha Someday,,20200522-1500
/watch/video/105538,Can These Exes Be Friends?,,20200522-1500
https://www.buzzfeednews.com/article/laurenstrapagiel/influencers-say-instagram-is-more-likely-to-remove-photos?origin=web-hf,"Influencers Say Instagram Is Biased Against Plus-Size Bodies, And They May Be Right",,20200522-1500
https://www.buzzfeed.com/yiyang/futuristic-products-thatll-probably-make-you-feel-like?origin=web-hf,35 Futuristic Products That’ll Probably Make You Feel Like You’re Living In 3020,,20200522-1500
https://www.buzzfeed.com/morganmurrell/drake-called-kylie-jenner-side-piece-apology?origin=web-hf,"Drake Name-Dropped Kylie Jenner, Kendall Jenner, And Gigi Hadid In A Song, Then Issued An Apology Statement",,20200522-1500
https://www.buzzfeed.com/briangalindo/21-tbt-photos-celebs-posted-on-instagram-may-21?origin=web-hf,Here's What Chrissy Teigen And 20 Other Celebrities Shared This Week For #TBT,,20200522-1500
https://www.buzzfeed.com/christopherhudspeth/oh-come-on-facepalm-that-sucks-things?origin=web-hf,15 Facepalm-Worthy Things Humans Recently Did During This Pandemic That Make Me Hope Aliens Aren't Watching,,20200522-1500
https://www.buzzfeed.com/tatianatenreyrowhitlock/michael-cera-aubrey-plaza-chuck-e-cheese-pic?origin=web-hf,Michael Cera And Aubrey Plaza's Chuck E. Cheese Photo Is Legendary And Now We Have The Whole Story,,20200522-1500
https://www.buzzfeednews.com/article/skbaer/ahmaud-arbery-death-william-bryan-arrest?origin=web-hf,The Man Who Recorded Video Of Ahmaud Arbery Being Shot Has Been Arrested On A Murder Charge,,20200522-1500
https://www.buzzfeed.com/briangalindo/chris-pratt-accidentally-deleted-over-35000-unread-emails?origin=web-hf,"Chris Pratt Accidentally Deleted More Than 35,000 Unread Emails After His Son Gasped At His Full Inbox",,20200522-1500
/watch/video/102332,"I Followed Bretman Rock's Oldest And Newest Makeup Tutorial
""This could either be a revelation or a giant mistake.""",,20200522-1500
https://www.buzzfeed.com/sydrobinson1/before-and-after-pets-being-adopted-quarantine?origin=web-hf,21 Before-And-After Pictures Of Pets Who Were Adopted During Quarantine,,20200522-1500
https://www.buzzfeed.com/daves4/everyone-hates-but-does?origin=web-hf,27 Things Everyone On Earth Hates That They Do But Does Anyway,,20200522-1500
https://www.buzzfeed.com/hannahmarder/teen-drama-characters-that-did-not-need-to-die?origin=web-hf,20 Of The Most Tragically Unnecessary Deaths From Teen Dramas,,20200522-1500
https://www.buzzfeed.com/ehisosifo1/harry-potter-letter-p-trivia-quiz?origin=web-hf,"This ""Harry Potter"" Quiz Will Separate The Wizards From The Muggles And It All Depends On The Letter P",,20200522-1500
https://www.buzzfeed.com/tessafahey/identify-avatar-the-last-airbender-characters-quiz?origin=web-hf,"If You Can Identify 30/36 Of These ""Avatar: The Last Airbender"" Characters, You're A Master Bender",,20200522-1500
https://www.buzzfeed.com/clareaston/my-bibliotherapy-prescription?origin=web-hf,"You Can Now Be ""Prescribed"" Books For Your Mental Health And These Six Were Meant To Help Me",,20200522-1500
https://www.buzzfeed.com/rosethecorgi/choose-some-food-and-revile-your-soulmates-name-7gjir6fim?origin=web-hf,"If You Really Wanna Know The First Letter Of Your Soulmate's Name, Eat Some Food And We'll Tell You",,20200522-1500
https://www.buzzfeed.com/mjs538/rose-on-90-day-fiance-and-big-ed?origin=web-hf,We Need To Stop Talking About Big Ed And Start Talking About Rose,,20200522-1500
/watch/video/105809,"The ""Outer Banks"" Cast Answers Your Burning Questions
Your favorite Pogues return as the cast of the hit Netflix series “Outer Banks” (Chase Stokes, Madelyn Cline, Madison Bailey, Rudy Pankow, and Jonathan Daviss) all sit down to answer your burning questions, from how their lives have changed since the show’s debut, to what they think will happen in season two, all the way to which major roles they’ve auditioned for in the past but didn’t get…which leads to one cast member revealing that he very nearly spent some time in a galaxy far, far away.",,20200522-1500
https://www.buzzfeed.com/isabellalouise/can-you-sort-these-hogwarts-students-in-their-righ-klzvv4gs4?origin=web-hf,Only A Hogwarts Genius Can Match The Student To The House They Were Sorted Into,,20200522-1500
https://www.buzzfeed.com/christopherhudspeth/people-believed-there-was-evidence-of-a-parallel-universe?origin=web-hf,"17 Of The Funniest Tweets About The Discovery Of ""Evidence"" That A Parallel Universe Exists",,20200522-1500
https://www.buzzfeed.com/ehisosifo1/drastic-americas-next-top-model-makeovers?origin=web-hf,"23 ""ANTM"" Makeovers That Tyra Banks Actually Assigned To Contestants",,20200522-1500
https://www.buzzfeed.com/alliehayes/books-so-good-you-cannot-put-them-down-flipped?origin=web-hf,"21 Books That Are So Good, People Literally Could Not Put Them Down",,20200522-1500
https://www.buzzfeed.com/fallon2/what-hunger-games-characters-belong-in-these-hogwa-ckb6eid9yq?origin=web-hf,"Would You Sort These Characters From ""The Hunger Games"" Into The Same Hogwarts Houses As Everyone Else?",,20200522-1500
https://www.buzzfeed.com/juliawilling/for-everyone-in-love-with-boxer?origin=web-hf,"Boxer From ""White Lines"" Is Pure Sexual Dynamo And These 23 Tweets Prove It",,20200522-1500
https://www.buzzfeed.com/avaerickson04/which-disney-prince-do-you-belong-with-1mtuff45b1?origin=web-hf,Which Disney Prince Is Your Soulmate?,,20200522-1500
https://www.buzzfeed.com/stephenlaconte/lana-del-rey-controversy-beyonce-ariana-grande-cardi-b?origin=web-hf,"Lana Del Rey Seemed To Drag Artists Like Beyoncé, Cardi B, And Ariana Grande In A Statement On Instagram, And People Are Pissed",,20200522-1500
/watch/video/103610,Gadiel Gets Financial Tips For Surviving This Pandemic,,20200522-1500
https://www.buzzfeed.com/stephenlaconte/oprah-winfrey-big-cabbage-instagram?origin=web-hf,"Oprah Grew A Cabbage So Big She Could Barely Carry It, And You Really Need To See It To Believe It's Real",,20200522-1500
https://www.buzzfeed.com/marielasummerhays01/therapy-is-for-men?origin=web-hf,These 7 Men Will Convince You Therapy Is For Everyone,,20200522-1500
https://www.buzzfeed.com/kristatorres/little-bugs-live-in-strawberries-so-you-should-al?origin=web-hf,"If You Wash Berries In Salt Water, Little Bugs Will Start To Crawl Out",,20200522-1500
https://www.buzzfeed.com/daniellaemanuel/water-popsicles-tiktok?origin=web-hf,"A Mom On TikTok Makes ""Water Popsicles"" For Her Kids And I'm Cracking Up",,20200522-1500
https://www.buzzfeednews.com/article/michaelblackmon/lana-del-rey-instagram-post-race?origin=web-hf,This Is Why People Are Mad At Lana Del Rey,,20200522-1500
https://www.buzzfeed.com/katdo0907/the-office-and-friends-polls-1v8n4ssmtp?origin=web-hf,"These Polls Are For Fans Of ""Friends"" And ""The Office"" Only",,20200522-1500
https://www.buzzfeed.com/anoushkagadhwal/the-ultimate-harry-potter-and-the-sorcereras-sto-cn37ve6nwu?origin=web-hf,"I Bet You Can't Score 10/13 On This ""Harry Potter And The Sorcerer’s Stone"" Book Quiz",,20200522-1500
https://www.buzzfeed.com/ryanschocket2/people-are-sharing-the-worst-coworker-theyve-worked-with?origin=web-hf,"People Are Sharing The Worst Coworker They've Worked With And Wow, Just Wow",,20200522-1500
/watch/video/103666,"Black Family Tries Each Others' Chocolate Chip Cookies
""I'm lactose intolerant, I don't need this!""",,20200522-1500
https://www.buzzfeed.com/victoriagasparowicz/dark-moments-from-kids-movies-that-are-probably-still?origin=web-hf,22 Unexpectedly Dark Kids Movie Moments That People Wish They Could Forget,,20200522-1500
https://www.buzzfeed.com/chilifritos1234/plan-a-wedding-a-well-tell-which-the-office-char-cvj3ackoya?origin=web-hf,"Design Your Dream Wedding And We'll Tell You Which Character From ""The Office"" You Belong With",,20200522-1500
https://www.buzzfeed.com/mjs538/a-news-clip-from-go-topless-jeep-weekend-is-going-viral?origin=web-hf,"A Video From ""Go Topless Jeep Weekend"" Is Going Viral Because ""Not Even SNL Could Write Something This Ridiculous""",,20200522-1500
https://www.buzzfeed.com/lyapalater/the-bar-is-so-low-that-im-emotion-because-adam-sa?origin=web-hf,The Bar Is So Low That I'm Emo Over Adam Sandler Buying Tampons For The Women In His Life,,20200522-1500
https://www.buzzfeed.com/farrahpenn/new-ya-books-spring-2020?origin=web-hf,Here Are The 15 Young Adult Books We're Loving This Spring,,20200522-1500
https://www.buzzfeed.com/buzzfeedoznews/bye-buzzfeed-oz-news?origin=web-hf,This Is BuzzFeed News Australia’s Last Day. Here Are 37 Of Our Favourite Stories.,,20200522-1500
https://www.buzzfeed.com/jasminsuknanan/useful-beauty-products-on-sale?origin=web-hf,23 Useful Beauty Products You'll Probably Be Very Glad You Got On Sale,,20200522-1500
https://www.buzzfeed.com/hannahryan/refugees-phones-australia-whatsapp-interview?origin=web-hf,I WhatsApped Refugees To Ask Why They're So Freaked Out About The Government Taking Their Phones Away,,20200522-1500
/watch/video/103443,Japanese And Mexican People Swap Board Games,,20200522-1500
https://www.buzzfeed.com/hbraga/sephora-memorial-day-sale?origin=web-hf,Sephora Has Tons Of Products On Sale For Up To 50% Off Right Now,,20200522-1500
https://www.buzzfeednews.com/article/tanyachen/a-man-is-being-trolled-for-making-a-leather-face-mask?origin=web-hf,This Guy Is Being Trolled After He Shared His Design For A Cool-Looking Leather Face Mask,,20200522-1500
https://www.buzzfeed.com/jmihaly/fathers-day-gifts-dads-wont-pretend?origin=web-hf,31 Father’s Day Gifts That Dads Won’t Have To Pretend To Like,,20200522-1500
https://www.buzzfeednews.com/article/rubycramer/joe-biden-tara-reade-allegations-senate-2020?origin=web-hf,Tara Reade Stood Apart In Joe Biden's 1990s Senate Staff,,20200522-1500
https://www.buzzfeed.com/lakenbrooks222/we-know-your-soulmates-initials-based-on-the-shak-3thj8kp21b?origin=web-hf,We Know Your Soulmate's Initials Based On The Shakespearean Insults You Use To Describe Your Ex,,20200522-1500
https://www.buzzfeed.com/eleanorbate/gigi-hadid-pregnant-during-fashion-week?origin=web-hf,"Gigi Hadid Opened Up About Being ""A Few Months"" Pregnant During Fashion Week And How Her Body Has Changed",,20200522-1500
https://www.buzzfeed.com/yiyang/target-memorial-day-sale?origin=web-hf,All The Best Memorial Day Deals At Target,,20200522-1500
https://www.buzzfeed.com/racheldunkel/sur-la-table-summer-sale?origin=web-hf,"Sur La Table's Having A Huge Summer Sale, So It's Time To Invest In Some Quality Kitchen Tools",,20200522-1500
/watch/video/105671,Black Women Go To Vegas Without Their Hair Done,,20200522-1500
https://www.buzzfeednews.com,BuzzFeed NewsReporting on what you care about. We hold major institutions accountable and expose wrongdoing.,,20200522-1530
https://www.tasty.co,"BuzzFeed TastySearch, watch, and cook every single Tasty recipe and video ever - all in one place!",,20200522-1530
https://www.buzzfeed.com/goodful,"BuzzFeed GoodfulSelf care and ideas to help you live a healthier, happier life.",,20200522-1530
https://www.buzzfeed.com/bringme,"BuzzFeed Bring MeObsessed with travel? Discover unique things to do, places to eat, and sights to see in the best destinations around the world with Bring Me!",,20200522-1530
https://www.buzzfeed.com/asis,"BuzzFeed As IsSomething for everyone interested in hair, makeup, style, and body positivity.",,20200522-1530
https://www.buzzfeednews.com/article/albertonardelli/trump-g7-coronavirus?origin=spl&ref=hpsplash,"Trump Wants To Hold The G7 Summit In Person, But Didn’t Ask Other World Leaders Before Tweeting The News",,20200522-1530
https://www.buzzfeed.com/jmihaly/home-long-run-benefits?origin=hpp,31 Somewhat Random Things To Buy For Your Home That'll Benefit You In The Long Run,,20200522-1530
https://www.buzzfeed.com/newsletters?ref=hplego,"WTF Is Happening Today? BuzzFeed Newsletters Can Help!
We have newsletters to help you stay in the loop AND newsletters to help you forget! Try one today!",,20200522-1530
https://www.buzzfeed.com/pablovaldivia/cats-being-rude?origin=web-hf,21 Cats Who Play By Their Own Rules,,20200522-1530
https://www.buzzfeednews.com/article/ryancbrooks/joe-biden-charlamagne-black-breakfast-club?origin=web-hf,"Joe Biden Told Charlamagne He ""Ain't Black"" If He's Having Trouble Deciding Whether To Vote For Him Or Trump",,20200522-1530
https://www.buzzfeed.com/andrewziegler/quiz-party?origin=shp,"You Can Now Take BuzzFeed Quizzes In Real Time With Your Friends — You’re Welcome
Let’s get this party started.",,20200522-1530
https://www.buzzfeed.com/jenniferabidor/friends-a-to-z?origin=shp,"This ""Friends"" A–Z Quiz Will Reveal Which Main Character You Are",,20200522-1530
https://www.buzzfeed.com/sarahaspler/taste-in-disney-movies-age-quiz?origin=shp,Can We Accurately Guess Your Age Based On Your Taste In Disney Movies?,,20200522-1530
https://www.buzzfeed.com/andrewziegler/quiz-romantic-type?origin=shp,There Are Actually Only Four Romantic Types And We Can Accurately Guess Yours,,20200522-1530
https://www.buzzfeed.com/sarahaspler/everyone-has-a-fruit-that-matches-their-personalit?origin=shp,Everyone Has A Fruit That Matches Their Personality – Here’s Yours,,20200522-1530
https://www.buzzfeed.com/quizparty,Keep the quiz party going,,20200522-1530
https://www.buzzfeed.com/farrahpenn/phytophotodermatitis-sunlight-lime-photos?origin=web-hf,These Graphic Pictures Show What Can Happen If You Go Outside After Handling Limes,,20200522-1530
https://www.buzzfeed.com/leonielove/are-you-a-disney-nerd-even-if-you-arent-you-can-bpsaewfmso?origin=web-hf,"If You Can Score 100% On This Disney Movie Test, I’ll Be Very Impressed",,20200522-1530
https://www.buzzfeed.com/maitlandquitmeyer/best-memorial-day-sales-deals-2020?origin=hshp,"All The Best Memorial Day Weekend Deals
The savings start now.",,20200522-1530
https://www.buzzfeed.com/kaylasuazo/all-the-best-memorial-day-mattress-sales-2020?origin=hshp,All Of The Best Memorial Day Mattress Sales,,20200522-1530
https://www.buzzfeed.com/emmalord9/best-deals-wayfair-memorial-day-sale?origin=hshp,All The Best Deals At Wayfair's Memorial Day Sale,,20200522-1530
https://www.buzzfeed.com/abbykass/zappos-memorial-day-sale?origin=hshp,You Can Save On *So* Many Popular Shoes During The Zappos Memorial Day Sale,,20200522-1530
https://www.buzzfeed.com/elenamgarcia/dyson-is-having-a-pretty-major-memorial-day-sale-no-better?origin=hshp,Dyson Is Having A Pretty Major Memorial Day Sale — No Better Time Than Now To Get Yourself A New Vacuum,,20200522-1530
https://www.buzzfeed.com/shopping?origin=hshp,See more great product recommendations,,20200522-1530
https://www.buzzfeednews.com/article/davidmack/son-stabs-dad-murder-zoom-call?origin=web-hf,A Guy Was On A Zoom Call When His Son Allegedly Stabbed Him To Death,,20200522-1530
https://www.buzzfeed.com/lyapalater/things-famous-people-were-photographed-doing-this-week-5-22?origin=web-hf,16 Things Famous People Were Photographed Doing This Week,,20200522-1530
https://www.buzzfeednews.com/article/davidmack/coronavirus-trump-test-positive-negative-answer-video?origin=shp,"Positive News! Trump Says He Tested Positively, Which Means Negative, For The Coronavirus.
“But that’s a way of saying it: positively toward the negative.”",,20200522-1530
https://www.buzzfeednews.com/article/janelytvynenko/coronavirus-spin-doctors?origin=shp,These Are The Fake Experts Pushing Pseudoscience And Conspiracy Theories About The Coronavirus Pandemic,,20200522-1530
https://www.buzzfeednews.com/article/clarissajanlim/doctor-congressional-hearing-coronavirus-second-wave-ppe?origin=shp,"A Doctor Told Lawmakers The Country Is Not ""Prepared For A Second Wave"" Of The Coronavirus",,20200522-1530
https://www.buzzfeednews.com/article/meghara/qatar-coronavirus-tracking-app-mandatory?origin=shp,Qatar Has Made Its Coronavirus Contact Tracing App Mandatory,,20200522-1530
https://www.buzzfeednews.com/article/lamvo/coronavirus-update-charts-unemployment-claims-laid-off-jobs?origin=shp,These Updating Charts Show The Record Number Of Americans Filing Unemployment Claims,,20200522-1530
https://bzfd.it/noc-show,The daily News O'Clock podcast is here.,,20200522-1530
https://www.buzzfeed.com/eleanorbate/kristen-bell-daughter-diapers-mom-shaming?origin=web-hf,"Kristen Bell Opened Up About Mom-Shaming And Revealed Her Five-Year-Old Daughter Is ""Still In Diapers""",,20200522-1530
https://www.buzzfeed.com/elliewoodward/kristin-cavallaris-friend-kelly-henderson-instagram-drama?origin=web-hf,"Kristin Cavallari's Ex-BFF Told Kristin Fans To ""Stop Wasting Their Time"" With Instagram Comments After They Dragged Her Again Over Jay Cutler",,20200522-1530
https://www.buzzfeed.com/bluewave/choose-a-makeup-routine-and-well-guess-your-eye-c-3l7xx9lyjo?origin=web-hf,Create A Makeup Routine And We'll Guess Your Eye Color With 91% Accuracy,,20200522-1530
https://www.buzzfeed.com/morgansloss1/sorry-but-you-can-only-pick-one-movie-character-for-every?origin=web-hf,"Sorry, But You Can Only Pick One Movie Character For Every Letter Of The Alphabet – Who's Your Favorite?",,20200522-1530
https://www.buzzfeed.com/sam_cleal/guess-the-celeb-by-their-parent-quiz?origin=web-hf,If You Can Identify Even Half Of The Celeb Parents In This Quiz You Deserve A Round Of Applause,,20200522-1530
https://www.buzzfeed.com/victoriavouloumanos/stars-who-are-mixed-asian-pacific-islander?origin=shp,"34 Multiracial Celebs Who Are Actually Asian Or Pacific Islander
Relatable and inspirational icons, all of ‘em.",,20200522-1530
https://www.buzzfeed.com/nusrat21/a-guide-for-people-new-to-bollywood?origin=shp,30 Bollywood Films That Everyone Absolutely Must See,,20200522-1530
https://www.buzzfeed.com/michellemkim/asian-male-celebs-thirst?origin=shp,21 Asian Male Celebs That Have Us Feeling Oh So Very Thirsty,,20200522-1530
https://www.buzzfeed.com/michellemkim/which-anime-best-boy-are-you?origin=shp,Quiz: Which Anime Best Boy Are You?,,20200522-1530
https://www.buzzfeed.com/badge/apahm2020,See all of our APAHM coverage here,,20200522-1530
/watch/video/105061,"I Tried Boba Ice Cream From This Viral Ice Cream Shop
Follow Jasmine for more travel & food content! https://www.instagram.com/jasminepak/ ✨ Boba pints are only available online during Online Pint Drops. They will be available in-store at the opening of the Fairfax location in June! Check https://www.wanderlustcreamery.com/ for their latest updates for availability.",,20200522-1530
https://www.buzzfeed.com/laurengarafano/pick-one-hot-guy-per-teen-drama-poll?origin=web-hf,I Regret To Inform You That You Can Only Pick One Hot Guy Per TV Show,,20200522-1530
https://www.buzzfeed.com/kebornholtz/dont-miss-any-of-our-oscars-coverage-with-our-oscars-guide,Find The Next Show To Binge On With Our TV & Movies Newsletter!,,20200522-1530
https://www.buzzfeed.com/benhenry/demi-lovato-boyfriend-max-ehrich-old-tweet?origin=web-hf,Demi Lovato Shared An Old Tweet Her Boyfriend Posted In 2011 About Wanting To Date Her And The Whole Thing Is Super Cute,,20200522-1530
https://www.buzzfeed.com/kaylaboyd/laundry-tips-our-readers-actually-swear-by?origin=web-hf,17 Laundry Tips Our Readers Actually Swear By,,20200522-1530
https://www.buzzfeed.com/melanie_aman/backcountry-memorial-day-weekend-sale-up-to-50-off?origin=web-hf,Backcountry's Summer Essentials Are Up To 50% Off In Case You're In The Mood To Save,,20200522-1530
https://www.buzzfeed.com/sp177/if-you-can-name-all-10-of-these-animals-from-frien-f9ehybf6k8?origin=web-hf,"You Might Be Obsessed With ""Friends"" If You Can Pass This ""Jeopardy!"" Trivia Quiz About The Animals In The Show",,20200522-1530
https://www.buzzfeed.com/hannahmarder/can-you-name-a-harry-potter-character-for-every-letter-of?origin=web-hf,"Can You Name A ""Harry Potter"" Character For Every Letter Of The Alphabet?",,20200522-1530
https://www.buzzfeed.com/melanie_aman/what-is-the-best-place-to-buy-bras-if-you-have-small-boobs,What's The Best Place To Buy Bras If You Have Small Boobs?,,20200522-1530
/watch/video/102294,"We Didn't Use Toilet Paper For A Week 
Auri gets Steve to try reusable toilet paper, will he like it?",,20200522-1530
https://www.buzzfeed.com/frazyeah/plan-a-european-road-trip-and-ill-give-you-an-und-d9677ttbfw?origin=web-hf,We'll Give You An Underrated Netflix Movie To Watch Based On The European Road Trip You Plan,,20200522-1530
https://www.buzzfeednews.com/article/danvergano/coronavirus-malaria-drug-trump-deadly-hydroxychloroquine?origin=web-hf,A New Study Says The Malaria Drug Touted (And Taken) By Trump Looks Deadly For Coronavirus Patients,,20200522-1530
https://www.buzzfeed.com/malloryannp/bed-frames-thatll-basically-be-the-star-of-your-bedroom?origin=web-hf,29 Bed Frames That'll Basically Be The Star Of Your Bedroom,,20200522-1530
https://www.buzzfeed.com/kylerichmond/really-hard-quiz-about-canada?origin=web-hf,This Quiz About Canada Will Definitely Eliminate You Before Level 25,,20200522-1530
https://www.buzzfeed.com/hanifahrahman/what-tv-show-inconsistency-will-you-never-forget?origin=web-hf,Tell Us The Most Annoying TV Inconsistency You Know,,20200522-1530
https://www.buzzfeednews.com/article/tanyachen/are-shady-instagram-giveaways-the-new-mlms?origin=web-hf,These Controversial Loop Giveaways On Instagram Have Some Things In Common With MLMs,,20200522-1530
https://www.buzzfeed.com/christyz23/take-this-quiz-to-see-how-you-will-blow-up-on-tikt-9km5keymm2?origin=web-hf,This Quiz Will Tell You What You'll Blow Up On TikTok For,,20200522-1530
https://www.buzzfeed.com/emmamcanaw/masks-made-here-20-off-sale?origin=web-hf,"If You're Bored Of Your Face Mask, Masks Made Here Is Having A 20% Off Sale",,20200522-1530
/watch/video/99501,"Boricua From The Island vs The Mainland 
Love one another, Puerto Ricans from around the world!",,20200522-1530
https://www.buzzfeed.com/mikespohr/mindblowing-facts?origin=web-hf,18 Random Facts That Absolutely Blew People's Minds On Twitter,,20200522-1530
https://www.buzzfeed.com/zipporkella/what-percent-typical-nerd-are-you-c09ywjxe9m?origin=web-hf,"If You Check Off At Least 17/26 Things On This List, Then You're A Total Nerd",,20200522-1530
https://www.buzzfeed.com/tessafahey/iconic-rom-com-checklist?origin=web-hf,How Many Iconic Rom-Coms Have You Actually Seen?,,20200522-1530
https://www.buzzfeed.com/tatianatenreyrowhitlock/lady-gaga-and-ariana-grande-song?origin=web-hf,"Lady Gaga And Ariana Grande Just Made The Weekend More Exciting By Dropping Their Song ""Rain On Me""",,20200522-1530
https://www.buzzfeed.com/tatianatenreyrowhitlock/funniest-tweets-lana-del-rey-instagram-post-drama?origin=web-hf,15 Funny Tweets About The Lana Del Rey Instagram Post Drama,,20200522-1530
https://www.buzzfeed.com/noradominick/celeb-iconic-characters-trivia-quiz?origin=web-hf,These Iconic TV And Movie Characters Were Played By The Same Actor — Can You Tell Them Apart?,,20200522-1530
https://www.buzzfeed.com/jenniferabidor/jokes-about-disney-villains?origin=web-hf,21 Times The Internet Roasted The Disney Villains,,20200522-1530
https://www.buzzfeed.com/tatianatenreyrowhitlock/lana-del-rey-responds-to-backlash-over-instagram-post?origin=web-hf,"Lana Del Rey Responded To The Backlash Toward Her Instagram Post, Saying She's Sad People Made It A ""WOC Issue""",,20200522-1530
/watch/video/105540,"Camp Counselor Horror Stories
In honor of summer former camp counselors share their craziest, weirdest and funniest experiences from camp.",,20200522-1530
https://www.buzzfeed.com/huynht2510/can-we-guess-your-most-recent-emoji-by-this-quiz-eqcv8mgpxb?origin=web-hf,Build A House And We'll Accurately Guess Your Most Recently Used Emoji,,20200522-1530
https://www.buzzfeed.com/farrahpenn/finals-week-zoom-university-fails?origin=web-hf,18 Times The Students Of Zoom University Really Struggled Through Finals Week,,20200522-1530
https://www.buzzfeed.com/mjs538/early-2000s-pictures-for-millennials?origin=web-hf,33 Pictures That Millennials Will Have To Explain To Generation Alpha Someday,,20200522-1530
https://www.buzzfeednews.com/article/laurenstrapagiel/influencers-say-instagram-is-more-likely-to-remove-photos?origin=web-hf,"Influencers Say Instagram Is Biased Against Plus-Size Bodies, And They May Be Right",,20200522-1530
https://www.buzzfeed.com/morganmurrell/drake-called-kylie-jenner-side-piece-apology?origin=web-hf,"Drake Name-Dropped Kylie Jenner, Kendall Jenner, And Gigi Hadid In A Song, Then Issued An Apology Statement",,20200522-1530
https://www.buzzfeed.com/yiyang/futuristic-products-thatll-probably-make-you-feel-like?origin=web-hf,35 Futuristic Products That’ll Probably Make You Feel Like You’re Living In 3020,,20200522-1530
https://www.buzzfeed.com/briangalindo/21-tbt-photos-celebs-posted-on-instagram-may-21?origin=web-hf,Here's What Chrissy Teigen And 20 Other Celebrities Shared This Week For #TBT,,20200522-1530
https://www.buzzfeed.com/christopherhudspeth/oh-come-on-facepalm-that-sucks-things?origin=web-hf,15 Facepalm-Worthy Things Humans Recently Did During This Pandemic That Make Me Hope Aliens Aren't Watching,,20200522-1530
/watch/video/105310,"Loren Gray Reads Her Instagram DMs
Loren Gray bravely sits down to do a deep dive into her Instagram DM requests, which include supportive fans, the obligatory haters, and even some marriage proposals from complete strangers. Check out Loren’s new single “Cake” now: https://www.youtube.com/watch?v=klwWrurkjgc",,20200522-1530
https://www.buzzfeed.com/tatianatenreyrowhitlock/michael-cera-aubrey-plaza-chuck-e-cheese-pic?origin=web-hf,Michael Cera And Aubrey Plaza's Chuck E. Cheese Photo Is Legendary And Now We Have The Whole Story,,20200522-1530
https://www.buzzfeednews.com/article/skbaer/ahmaud-arbery-death-william-bryan-arrest?origin=web-hf,The Man Who Recorded Video Of Ahmaud Arbery Being Shot Has Been Arrested On A Murder Charge,,20200522-1530
https://www.buzzfeed.com/briangalindo/chris-pratt-accidentally-deleted-over-35000-unread-emails?origin=web-hf,"Chris Pratt Accidentally Deleted More Than 35,000 Unread Emails After His Son Gasped At His Full Inbox",,20200522-1530
https://www.buzzfeed.com/sydrobinson1/before-and-after-pets-being-adopted-quarantine?origin=web-hf,21 Before-And-After Pictures Of Pets Who Were Adopted During Quarantine,,20200522-1530
https://www.buzzfeed.com/daves4/everyone-hates-but-does?origin=web-hf,27 Things Everyone On Earth Hates That They Do But Does Anyway,,20200522-1530
https://www.buzzfeed.com/hannahmarder/teen-drama-characters-that-did-not-need-to-die?origin=web-hf,20 Of The Most Tragically Unnecessary Deaths From Teen Dramas,,20200522-1530
https://www.buzzfeed.com/ehisosifo1/harry-potter-letter-p-trivia-quiz?origin=web-hf,"This ""Harry Potter"" Quiz Will Separate The Wizards From The Muggles And It All Depends On The Letter P",,20200522-1530
https://www.buzzfeed.com/tessafahey/identify-avatar-the-last-airbender-characters-quiz?origin=web-hf,"If You Can Identify 30/36 Of These ""Avatar: The Last Airbender"" Characters, You're A Master Bender",,20200522-1530
/watch/video/105538,Can These Exes Be Friends?,,20200522-1530
https://www.buzzfeed.com/clareaston/my-bibliotherapy-prescription?origin=web-hf,"You Can Now Be ""Prescribed"" Books For Your Mental Health And These Six Were Meant To Help Me",,20200522-1530
https://www.buzzfeed.com/rosethecorgi/choose-some-food-and-revile-your-soulmates-name-7gjir6fim?origin=web-hf,"If You Really Wanna Know The First Letter Of Your Soulmate's Name, Eat Some Food And We'll Tell You",,20200522-1530
https://www.buzzfeed.com/mjs538/rose-on-90-day-fiance-and-big-ed?origin=web-hf,We Need To Stop Talking About Big Ed And Start Talking About Rose,,20200522-1530
https://www.buzzfeed.com/isabellalouise/can-you-sort-these-hogwarts-students-in-their-righ-klzvv4gs4?origin=web-hf,Only A Hogwarts Genius Can Match The Student To The House They Were Sorted Into,,20200522-1530
https://www.buzzfeed.com/christopherhudspeth/people-believed-there-was-evidence-of-a-parallel-universe?origin=web-hf,"17 Of The Funniest Tweets About The Discovery Of ""Evidence"" That A Parallel Universe Exists",,20200522-1530
https://www.buzzfeed.com/ehisosifo1/drastic-americas-next-top-model-makeovers?origin=web-hf,"23 ""ANTM"" Makeovers That Tyra Banks Actually Assigned To Contestants",,20200522-1530
https://www.buzzfeed.com/alliehayes/books-so-good-you-cannot-put-them-down-flipped?origin=web-hf,"21 Books That Are So Good, People Literally Could Not Put Them Down",,20200522-1530
https://www.buzzfeed.com/fallon2/what-hunger-games-characters-belong-in-these-hogwa-ckb6eid9yq?origin=web-hf,"Would You Sort These Characters From ""The Hunger Games"" Into The Same Hogwarts Houses As Everyone Else?",,20200522-1530
/watch/video/102332,"I Followed Bretman Rock's Oldest And Newest Makeup Tutorial
""This could either be a revelation or a giant mistake.""",,20200522-1530
https://www.buzzfeed.com/juliawilling/for-everyone-in-love-with-boxer?origin=web-hf,"Boxer From ""White Lines"" Is Pure Sexual Dynamo And These 23 Tweets Prove It",,20200522-1530
https://www.buzzfeed.com/avaerickson04/which-disney-prince-do-you-belong-with-1mtuff45b1?origin=web-hf,Which Disney Prince Is Your Soulmate?,,20200522-1530
https://www.buzzfeed.com/stephenlaconte/lana-del-rey-controversy-beyonce-ariana-grande-cardi-b?origin=web-hf,"Lana Del Rey Seemed To Drag Artists Like Beyoncé, Cardi B, And Ariana Grande In A Statement On Instagram, And People Are Pissed",,20200522-1530
https://www.buzzfeed.com/stephenlaconte/oprah-winfrey-big-cabbage-instagram?origin=web-hf,"Oprah Grew A Cabbage So Big She Could Barely Carry It, And You Really Need To See It To Believe It's Real",,20200522-1530
https://www.buzzfeed.com/marielasummerhays01/therapy-is-for-men?origin=web-hf,These 7 Men Will Convince You Therapy Is For Everyone,,20200522-1530
https://www.buzzfeed.com/kristatorres/little-bugs-live-in-strawberries-so-you-should-al?origin=web-hf,"If You Wash Berries In Salt Water, Little Bugs Will Start To Crawl Out",,20200522-1530
https://www.buzzfeed.com/daniellaemanuel/water-popsicles-tiktok?origin=web-hf,"A Mom On TikTok Makes ""Water Popsicles"" For Her Kids And I'm Cracking Up",,20200522-1530
https://www.buzzfeednews.com/article/michaelblackmon/lana-del-rey-instagram-post-race?origin=web-hf,This Is Why People Are Mad At Lana Del Rey,,20200522-1530
/watch/video/105809,"The ""Outer Banks"" Cast Answers Your Burning Questions
Your favorite Pogues return as the cast of the hit Netflix series “Outer Banks” (Chase Stokes, Madelyn Cline, Madison Bailey, Rudy Pankow, and Jonathan Daviss) all sit down to answer your burning questions, from how their lives have changed since the show’s debut, to what they think will happen in season two, all the way to which major roles they’ve auditioned for in the past but didn’t get…which leads to one cast member revealing that he very nearly spent some time in a galaxy far, far away.",,20200522-1530
https://www.buzzfeed.com/katdo0907/the-office-and-friends-polls-1v8n4ssmtp?origin=web-hf,"These Polls Are For Fans Of ""Friends"" And ""The Office"" Only",,20200522-1530
https://www.buzzfeed.com/anoushkagadhwal/the-ultimate-harry-potter-and-the-sorcereras-sto-cn37ve6nwu?origin=web-hf,"I Bet You Can't Score 10/13 On This ""Harry Potter And The Sorcerer’s Stone"" Book Quiz",,20200522-1530
https://www.buzzfeed.com/ryanschocket2/people-are-sharing-the-worst-coworker-theyve-worked-with?origin=web-hf,"People Are Sharing The Worst Coworker They've Worked With And Wow, Just Wow",,20200522-1530
https://www.buzzfeed.com/victoriagasparowicz/dark-moments-from-kids-movies-that-are-probably-still?origin=web-hf,22 Unexpectedly Dark Kids Movie Moments That People Wish They Could Forget,,20200522-1530
https://www.buzzfeed.com/chilifritos1234/plan-a-wedding-a-well-tell-which-the-office-char-cvj3ackoya?origin=web-hf,"Design Your Dream Wedding And We'll Tell You Which Character From ""The Office"" You Belong With",,20200522-1530
https://www.buzzfeed.com/mjs538/a-news-clip-from-go-topless-jeep-weekend-is-going-viral?origin=web-hf,"A Video From ""Go Topless Jeep Weekend"" Is Going Viral Because ""Not Even SNL Could Write Something This Ridiculous""",,20200522-1530
https://www.buzzfeed.com/lyapalater/the-bar-is-so-low-that-im-emotion-because-adam-sa?origin=web-hf,The Bar Is So Low That I'm Emo Over Adam Sandler Buying Tampons For The Women In His Life,,20200522-1530
https://www.buzzfeed.com/buzzfeedoznews/bye-buzzfeed-oz-news?origin=web-hf,This Is BuzzFeed News Australia’s Last Day. Here Are 37 Of Our Favourite Stories.,,20200522-1530
/watch/video/103610,Gadiel Gets Financial Tips For Surviving This Pandemic,,20200522-1530
https://www.buzzfeed.com/farrahpenn/new-ya-books-spring-2020?origin=web-hf,Here Are The 15 Young Adult Books We're Loving This Spring,,20200522-1530
https://www.buzzfeed.com/jasminsuknanan/useful-beauty-products-on-sale?origin=web-hf,23 Useful Beauty Products You'll Probably Be Very Glad You Got On Sale,,20200522-1530
https://www.buzzfeed.com/hannahryan/refugees-phones-australia-whatsapp-interview?origin=web-hf,I WhatsApped Refugees To Ask Why They're So Freaked Out About The Government Taking Their Phones Away,,20200522-1530
https://www.buzzfeed.com/hbraga/sephora-memorial-day-sale?origin=web-hf,Sephora Has Tons Of Products On Sale For Up To 50% Off Right Now,,20200522-1530
https://www.buzzfeednews.com/article/tanyachen/a-man-is-being-trolled-for-making-a-leather-face-mask?origin=web-hf,This Guy Is Being Trolled After He Shared His Design For A Cool-Looking Leather Face Mask,,20200522-1530
https://www.buzzfeed.com/jmihaly/fathers-day-gifts-dads-wont-pretend?origin=web-hf,31 Father’s Day Gifts That Dads Won’t Have To Pretend To Like,,20200522-1530
https://www.buzzfeednews.com/article/rubycramer/joe-biden-tara-reade-allegations-senate-2020?origin=web-hf,Tara Reade Stood Apart In Joe Biden's 1990s Senate Staff,,20200522-1530
https://www.buzzfeed.com/lakenbrooks222/we-know-your-soulmates-initials-based-on-the-shak-3thj8kp21b?origin=web-hf,We Know Your Soulmate's Initials Based On The Shakespearean Insults You Use To Describe Your Ex,,20200522-1530
/watch/video/103666,"Black Family Tries Each Others' Chocolate Chip Cookies
""I'm lactose intolerant, I don't need this!""",,20200522-1530
https://www.buzzfeednews.com,BuzzFeed NewsReporting on what you care about. We hold major institutions accountable and expose wrongdoing.,,20200522-1600
https://www.tasty.co,"BuzzFeed TastySearch, watch, and cook every single Tasty recipe and video ever - all in one place!",,20200522-1600
https://www.buzzfeed.com/goodful,"BuzzFeed GoodfulSelf care and ideas to help you live a healthier, happier life.",,20200522-1600
https://www.buzzfeed.com/bringme,"BuzzFeed Bring MeObsessed with travel? Discover unique things to do, places to eat, and sights to see in the best destinations around the world with Bring Me!",,20200522-1600
https://www.buzzfeed.com/asis,"BuzzFeed As IsSomething for everyone interested in hair, makeup, style, and body positivity.",,20200522-1600
https://www.buzzfeed.com/elliewoodward/kristin-cavallaris-friend-kelly-henderson-instagram-drama?ref=hpsplash&origin=spl,Kristin Cavallari’s Ex-BFF Is Facing IG Drama With Kristin Fans After Addressing Shady “Jay Cutler Photo”,,20200522-1600
https://www.buzzfeed.com/jmihaly/home-long-run-benefits?origin=hpp,31 Somewhat Random Things To Buy For Your Home That'll Benefit You In The Long Run,,20200522-1600
https://www.buzzfeed.com/newsletters?ref=hplego,"WTF Is Happening Today? BuzzFeed Newsletters Can Help!
We have newsletters to help you stay in the loop AND newsletters to help you forget! Try one today!",,20200522-1600
https://www.buzzfeed.com/daves4/childhood-house-quiz?origin=web-hf,"Sorry, But It's Pretty Much Impossible To Pass This Quiz If You're Over 30",,20200522-1600
https://www.buzzfeed.com/farrahpenn/phytophotodermatitis-sunlight-lime-photos?origin=web-hf,These Graphic Pictures Show What Can Happen If You Go Outside After Handling Limes,,20200522-1600
https://www.buzzfeed.com/andrewziegler/quiz-party?origin=shp,"You Can Now Take BuzzFeed Quizzes In Real Time With Your Friends — You’re Welcome
Let’s get this party started.",,20200522-1600
https://www.buzzfeed.com/jenniferabidor/friends-a-to-z?origin=shp,"This ""Friends"" A–Z Quiz Will Reveal Which Main Character You Are",,20200522-1600
https://www.buzzfeed.com/sarahaspler/taste-in-disney-movies-age-quiz?origin=shp,Can We Accurately Guess Your Age Based On Your Taste In Disney Movies?,,20200522-1600
https://www.buzzfeed.com/andrewziegler/quiz-romantic-type?origin=shp,There Are Actually Only Four Romantic Types And We Can Accurately Guess Yours,,20200522-1600
https://www.buzzfeed.com/sarahaspler/everyone-has-a-fruit-that-matches-their-personalit?origin=shp,Everyone Has A Fruit That Matches Their Personality – Here’s Yours,,20200522-1600
https://www.buzzfeed.com/quizparty,Keep the quiz party going,,20200522-1600
https://www.buzzfeednews.com/article/ryancbrooks/joe-biden-charlamagne-black-breakfast-club?origin=web-hf,"Joe Biden Told Charlamagne He ""Ain't Black"" If He's Having Trouble Deciding Whether To Vote For Him Or Trump",,20200522-1600
https://www.buzzfeed.com/pablovaldivia/cats-being-rude?origin=web-hf,21 Cats Who Play By Their Own Rules,,20200522-1600
https://www.buzzfeed.com/maitlandquitmeyer/best-memorial-day-sales-deals-2020?origin=hshp,"All The Best Memorial Day Weekend Deals
The savings start now.",,20200522-1600
https://www.buzzfeed.com/kaylasuazo/all-the-best-memorial-day-mattress-sales-2020?origin=hshp,All Of The Best Memorial Day Mattress Sales,,20200522-1600
https://www.buzzfeed.com/emmalord9/best-deals-wayfair-memorial-day-sale?origin=hshp,All The Best Deals At Wayfair's Memorial Day Sale,,20200522-1600
https://www.buzzfeed.com/abbykass/zappos-memorial-day-sale?origin=hshp,You Can Save On *So* Many Popular Shoes During The Zappos Memorial Day Sale,,20200522-1600
https://www.buzzfeed.com/elenamgarcia/dyson-is-having-a-pretty-major-memorial-day-sale-no-better?origin=hshp,Dyson Is Having A Pretty Major Memorial Day Sale — No Better Time Than Now To Get Yourself A New Vacuum,,20200522-1600
https://www.buzzfeed.com/shopping?origin=hshp,See more great product recommendations,,20200522-1600
https://www.buzzfeednews.com/article/davidmack/son-stabs-dad-murder-zoom-call?origin=web-hf,A Guy Was On A Zoom Call When His Son Allegedly Stabbed Him To Death,,20200522-1600
https://www.buzzfeed.com/lyapalater/things-famous-people-were-photographed-doing-this-week-5-22?origin=web-hf,16 Things Famous People Were Photographed Doing This Week,,20200522-1600
https://www.buzzfeednews.com/article/davidmack/coronavirus-trump-test-positive-negative-answer-video?origin=shp,"Positive News! Trump Says He Tested Positively, Which Means Negative, For The Coronavirus.
“But that’s a way of saying it: positively toward the negative.”",,20200522-1600
https://www.buzzfeednews.com/article/janelytvynenko/coronavirus-spin-doctors?origin=shp,These Are The Fake Experts Pushing Pseudoscience And Conspiracy Theories About The Coronavirus Pandemic,,20200522-1600
https://www.buzzfeednews.com/article/clarissajanlim/doctor-congressional-hearing-coronavirus-second-wave-ppe?origin=shp,"A Doctor Told Lawmakers The Country Is Not ""Prepared For A Second Wave"" Of The Coronavirus",,20200522-1600
https://www.buzzfeednews.com/article/meghara/qatar-coronavirus-tracking-app-mandatory?origin=shp,Qatar Has Made Its Coronavirus Contact Tracing App Mandatory,,20200522-1600
https://www.buzzfeednews.com/article/lamvo/coronavirus-update-charts-unemployment-claims-laid-off-jobs?origin=shp,These Updating Charts Show The Record Number Of Americans Filing Unemployment Claims,,20200522-1600
https://bzfd.it/noc-show,The daily News O'Clock podcast is here.,,20200522-1600
https://www.buzzfeed.com/eleanorbate/kristen-bell-daughter-diapers-mom-shaming?origin=web-hf,"Kristen Bell Opened Up About Mom-Shaming And Revealed Her Five-Year-Old Daughter Is ""Still In Diapers""",,20200522-1600
https://www.buzzfeed.com/almondmilk24/are-you-more-like-shrek-or-donkey-from-the-shrek-m-b2yysxzsot?origin=web-hf,Are You More Like Shrek Or Donkey?,,20200522-1600
https://www.buzzfeed.com/leonielove/are-you-a-disney-nerd-even-if-you-arent-you-can-bpsaewfmso?origin=web-hf,"If You Can Score 100% On This Disney Movie Test, I’ll Be Very Impressed",,20200522-1600
https://www.buzzfeed.com/bluewave/choose-a-makeup-routine-and-well-guess-your-eye-c-3l7xx9lyjo?origin=web-hf,Create A Makeup Routine And We'll Guess Your Eye Color With 91% Accuracy,,20200522-1600
https://www.buzzfeed.com/nusrat21/eloquii-sale-post-50-percent-off-sale?origin=web-hf,Eloquii Is Giving 50% Off On Items Already On Sale And Your Summer Wardrobe Is About To Be The Most Stylish It's Ever Been,,20200522-1600
https://www.buzzfeed.com/victoriavouloumanos/stars-who-are-mixed-asian-pacific-islander?origin=shp,"34 Multiracial Celebs Who Are Actually Asian Or Pacific Islander
Relatable and inspirational icons, all of ‘em.",,20200522-1600
https://www.buzzfeed.com/nusrat21/a-guide-for-people-new-to-bollywood?origin=shp,30 Bollywood Films That Everyone Absolutely Must See,,20200522-1600
https://www.buzzfeed.com/michellemkim/asian-male-celebs-thirst?origin=shp,21 Asian Male Celebs That Have Us Feeling Oh So Very Thirsty,,20200522-1600
https://www.buzzfeed.com/michellemkim/which-anime-best-boy-are-you?origin=shp,Quiz: Which Anime Best Boy Are You?,,20200522-1600
https://www.buzzfeed.com/badge/apahm2020,See all of our APAHM coverage here,,20200522-1600
/watch/video/105061,"I Tried Boba Ice Cream From This Viral Ice Cream Shop
Follow Jasmine for more travel & food content! https://www.instagram.com/jasminepak/ ✨ Boba pints are only available online during Online Pint Drops. They will be available in-store at the opening of the Fairfax location in June! Check https://www.wanderlustcreamery.com/ for their latest updates for availability.",,20200522-1600
https://www.buzzfeed.com/morgansloss1/sorry-but-you-can-only-pick-one-movie-character-for-every?origin=web-hf,Let's See If You'd Pick The Same Movie Character For Every Letter Of The Alphabet As Everyone Else,,20200522-1600
https://www.buzzfeed.com/buzzfeedresearch/civicscience-main3-buzz,Let Your Voice Be Heard. Tell Us Your Opinions!,,20200522-1600
https://www.buzzfeed.com/terrycarter/jeannie-mai-quarantine-interview?origin=web-hf,"Jeannie Mai Shared 23 Things She's Been Up To While Stuck At Home, And It Includes Watching ""Tiger King,"" Obviously",,20200522-1600
https://www.buzzfeed.com/laurengarafano/pick-one-hot-guy-per-teen-drama-poll?origin=web-hf,I Regret To Inform You That You Can Only Pick One Hot Guy Per TV Show,,20200522-1600
https://www.buzzfeed.com/kaylaboyd/laundry-tips-our-readers-actually-swear-by?origin=web-hf,17 Laundry Tips Our Readers Actually Swear By,,20200522-1600
https://www.buzzfeed.com/benhenry/demi-lovato-boyfriend-max-ehrich-old-tweet?origin=web-hf,Demi Lovato Shared An Old Tweet Her Boyfriend Posted In 2011 About Wanting To Date Her And The Whole Thing Is Super Cute,,20200522-1600
https://www.buzzfeed.com/sam_cleal/guess-the-celeb-by-their-parent-quiz?origin=web-hf,If You Can Identify Even Half Of The Celeb Parents In This Quiz You Deserve A Round Of Applause,,20200522-1600
https://www.buzzfeed.com/hannahmarder/what-movies-about-mental-health-made-you-feel-seen,What Movies Got Mental Health Right?,,20200522-1600
/watch/video/102294,"We Didn't Use Toilet Paper For A Week 
Auri gets Steve to try reusable toilet paper, will he like it?",,20200522-1600
https://www.buzzfeed.com/katyherman/modcloth-memorial-day-sale?origin=web-hf,"It's Time To Treat Yourself, Because Everything At ModCloth Is At Least 30% Off For Memorial Day",,20200522-1600
https://www.buzzfeed.com/sp177/if-you-can-name-all-10-of-these-animals-from-frien-f9ehybf6k8?origin=web-hf,"You Might Be Obsessed With ""Friends"" If You Can Pass This ""Jeopardy!"" Trivia Quiz About The Animals In The Show",,20200522-1600
https://www.buzzfeed.com/frazyeah/plan-a-european-road-trip-and-ill-give-you-an-und-d9677ttbfw?origin=web-hf,We'll Give You An Underrated Netflix Movie To Watch Based On The European Road Trip You Plan,,20200522-1600
https://www.buzzfeed.com/hannahmarder/can-you-name-a-harry-potter-character-for-every-letter-of?origin=web-hf,"Only True Potterheads Will Be Able To Name A ""Harry Potter"" Character For Every Letter Of The Alphabet",,20200522-1600
https://www.buzzfeed.com/melanie_aman/backcountry-memorial-day-weekend-sale-up-to-50-off?origin=web-hf,Just FYI: Backcountry's Having A Huge Sale On Everything You Need For Summer,,20200522-1600
https://www.buzzfeed.com/malloryannp/bed-frames-thatll-basically-be-the-star-of-your-bedroom?origin=web-hf,29 Bed Frames That'll Basically Be The Star Of Your Bedroom,,20200522-1600
https://www.buzzfeednews.com/article/danvergano/coronavirus-malaria-drug-trump-deadly-hydroxychloroquine?origin=web-hf,A New Study Says The Malaria Drug Touted (And Taken) By Trump Looks Deadly For Coronavirus Patients,,20200522-1600
https://www.buzzfeed.com/hanifahrahman/what-tv-show-inconsistency-will-you-never-forget?origin=web-hf,Tell Us The Most Annoying TV Inconsistency You Know,,20200522-1600
/watch/video/99501,"Boricua From The Island vs The Mainland 
Love one another, Puerto Ricans from around the world!",,20200522-1600
https://www.buzzfeednews.com/article/tanyachen/are-shady-instagram-giveaways-the-new-mlms?origin=web-hf,These Controversial Loop Giveaways On Instagram Have Some Things In Common With MLMs,,20200522-1600
https://www.buzzfeed.com/kylerichmond/really-hard-quiz-about-canada?origin=web-hf,This Random Knowledge Quiz On Canada Will Stump You By Level 25,,20200522-1600
https://www.buzzfeed.com/christyz23/take-this-quiz-to-see-how-you-will-blow-up-on-tikt-9km5keymm2?origin=web-hf,What Will You Be TikTok Famous For?,,20200522-1600
https://www.buzzfeed.com/emmamcanaw/masks-made-here-20-off-sale?origin=web-hf,"If You're Bored Of Your Face Mask, Masks Made Here Is Having A 20% Off Sale",,20200522-1600
https://www.buzzfeednews.com/article/albertonardelli/trump-g7-coronavirus?origin=web-hf,Trump Wants To Hold The G7 Summit In Person But He Didn’t Ask Other World Leaders About The Idea Before Tweeting It,,20200522-1600
https://www.buzzfeed.com/mikespohr/mindblowing-facts?origin=web-hf,18 Random Facts That Absolutely Blew People's Minds On Twitter,,20200522-1600
https://www.buzzfeed.com/zipporkella/what-percent-typical-nerd-are-you-c09ywjxe9m?origin=web-hf,"If You Check Off At Least 17/26 Things On This List, Then You're A Total Nerd",,20200522-1600
https://www.buzzfeed.com/tessafahey/iconic-rom-com-checklist?origin=web-hf,How Many Iconic Rom-Coms Have You Actually Seen?,,20200522-1600
/watch/video/105540,"Camp Counselor Horror Stories
In honor of summer former camp counselors share their craziest, weirdest and funniest experiences from camp.",,20200522-1600
https://www.buzzfeed.com/tatianatenreyrowhitlock/lady-gaga-and-ariana-grande-song?origin=web-hf,"Lady Gaga And Ariana Grande Just Made The Weekend More Exciting By Dropping Their Song ""Rain On Me""",,20200522-1600
https://www.buzzfeed.com/tatianatenreyrowhitlock/funniest-tweets-lana-del-rey-instagram-post-drama?origin=web-hf,15 Funny Tweets About The Lana Del Rey Instagram Post Drama,,20200522-1600
https://www.buzzfeed.com/noradominick/celeb-iconic-characters-trivia-quiz?origin=web-hf,These Iconic TV And Movie Characters Were Played By The Same Actor — Can You Tell Them Apart?,,20200522-1600
https://www.buzzfeed.com/jenniferabidor/jokes-about-disney-villains?origin=web-hf,21 Times The Internet Roasted The Disney Villains,,20200522-1600
https://www.buzzfeed.com/tatianatenreyrowhitlock/lana-del-rey-responds-to-backlash-over-instagram-post?origin=web-hf,"Lana Del Rey Responded To The Backlash Toward Her Instagram Post, Saying She's Sad People Made It A ""WOC Issue""",,20200522-1600
https://www.buzzfeed.com/huynht2510/can-we-guess-your-most-recent-emoji-by-this-quiz-eqcv8mgpxb?origin=web-hf,Build A House And We'll Accurately Guess Your Most Recently Used Emoji,,20200522-1600
https://www.buzzfeed.com/farrahpenn/finals-week-zoom-university-fails?origin=web-hf,18 Times The Students Of Zoom University Really Struggled Through Finals Week,,20200522-1600
https://www.buzzfeed.com/mjs538/early-2000s-pictures-for-millennials?origin=web-hf,33 Pictures That Millennials Will Have To Explain To Generation Alpha Someday,,20200522-1600
/watch/video/105310,"Loren Gray Reads Her Instagram DMs
Loren Gray bravely sits down to do a deep dive into her Instagram DM requests, which include supportive fans, the obligatory haters, and even some marriage proposals from complete strangers. Check out Loren’s new single “Cake” now: https://www.youtube.com/watch?v=klwWrurkjgc",,20200522-1600
https://www.buzzfeednews.com/article/laurenstrapagiel/influencers-say-instagram-is-more-likely-to-remove-photos?origin=web-hf,"Influencers Say Instagram Is Biased Against Plus-Size Bodies, And They May Be Right",,20200522-1600
https://www.buzzfeed.com/morganmurrell/drake-called-kylie-jenner-side-piece-apology?origin=web-hf,"Drake Name-Dropped Kylie Jenner, Kendall Jenner, And Gigi Hadid In A Song, Then Issued An Apology Statement",,20200522-1600
https://www.buzzfeed.com/yiyang/futuristic-products-thatll-probably-make-you-feel-like?origin=web-hf,35 Futuristic Products That’ll Probably Make You Feel Like You’re Living In 3020,,20200522-1600
https://www.buzzfeed.com/christopherhudspeth/oh-come-on-facepalm-that-sucks-things?origin=web-hf,15 Facepalm-Worthy Things Humans Recently Did During This Pandemic That Make Me Hope Aliens Aren't Watching,,20200522-1600
https://www.buzzfeed.com/briangalindo/21-tbt-photos-celebs-posted-on-instagram-may-21?origin=web-hf,Here's What Chrissy Teigen And 20 Other Celebrities Shared This Week For #TBT,,20200522-1600
https://www.buzzfeed.com/tatianatenreyrowhitlock/michael-cera-aubrey-plaza-chuck-e-cheese-pic?origin=web-hf,Michael Cera And Aubrey Plaza's Chuck E. Cheese Photo Is Legendary And Now We Have The Whole Story,,20200522-1600
https://www.buzzfeednews.com/article/skbaer/ahmaud-arbery-death-william-bryan-arrest?origin=web-hf,The Man Who Recorded Video Of Ahmaud Arbery Being Shot Has Been Arrested On A Murder Charge,,20200522-1600
https://www.buzzfeed.com/briangalindo/chris-pratt-accidentally-deleted-over-35000-unread-emails?origin=web-hf,"Chris Pratt Accidentally Deleted More Than 35,000 Unread Emails After His Son Gasped At His Full Inbox",,20200522-1600
/watch/video/105538,Can These Exes Be Friends?,,20200522-1600
https://www.buzzfeed.com/sydrobinson1/before-and-after-pets-being-adopted-quarantine?origin=web-hf,21 Before-And-After Pictures Of Pets Who Were Adopted During Quarantine,,20200522-1600
https://www.buzzfeed.com/daves4/everyone-hates-but-does?origin=web-hf,27 Things Everyone On Earth Hates That They Do But Does Anyway,,20200522-1600
https://www.buzzfeed.com/hannahmarder/teen-drama-characters-that-did-not-need-to-die?origin=web-hf,20 Of The Most Tragically Unnecessary Deaths From Teen Dramas,,20200522-1600
https://www.buzzfeed.com/ehisosifo1/harry-potter-letter-p-trivia-quiz?origin=web-hf,"This ""Harry Potter"" Quiz Will Separate The Wizards From The Muggles And It All Depends On The Letter P",,20200522-1600
https://www.buzzfeed.com/tessafahey/identify-avatar-the-last-airbender-characters-quiz?origin=web-hf,"If You Can Identify 30/36 Of These ""Avatar: The Last Airbender"" Characters, You're A Master Bender",,20200522-1600
https://www.buzzfeed.com/clareaston/my-bibliotherapy-prescription?origin=web-hf,"You Can Now Be ""Prescribed"" Books For Your Mental Health And These Six Were Meant To Help Me",,20200522-1600
https://www.buzzfeed.com/rosethecorgi/choose-some-food-and-revile-your-soulmates-name-7gjir6fim?origin=web-hf,"If You Really Wanna Know The First Letter Of Your Soulmate's Name, Eat Some Food And We'll Tell You",,20200522-1600
https://www.buzzfeed.com/mjs538/rose-on-90-day-fiance-and-big-ed?origin=web-hf,We Need To Stop Talking About Big Ed And Start Talking About Rose,,20200522-1600
/watch/video/102332,"I Followed Bretman Rock's Oldest And Newest Makeup Tutorial
""This could either be a revelation or a giant mistake.""",,20200522-1600
https://www.buzzfeed.com/isabellalouise/can-you-sort-these-hogwarts-students-in-their-righ-klzvv4gs4?origin=web-hf,Only A Hogwarts Genius Can Match The Student To The House They Were Sorted Into,,20200522-1600
https://www.buzzfeed.com/christopherhudspeth/people-believed-there-was-evidence-of-a-parallel-universe?origin=web-hf,"17 Of The Funniest Tweets About The Discovery Of ""Evidence"" That A Parallel Universe Exists",,20200522-1600
https://www.buzzfeed.com/ehisosifo1/drastic-americas-next-top-model-makeovers?origin=web-hf,"23 ""ANTM"" Makeovers That Tyra Banks Actually Assigned To Contestants",,20200522-1600
https://www.buzzfeed.com/alliehayes/books-so-good-you-cannot-put-them-down-flipped?origin=web-hf,"21 Books That Are So Good, People Literally Could Not Put Them Down",,20200522-1600
https://www.buzzfeed.com/fallon2/what-hunger-games-characters-belong-in-these-hogwa-ckb6eid9yq?origin=web-hf,"Would You Sort These Characters From ""The Hunger Games"" Into The Same Hogwarts Houses As Everyone Else?",,20200522-1600
https://www.buzzfeed.com/juliawilling/for-everyone-in-love-with-boxer?origin=web-hf,"Boxer From ""White Lines"" Is Pure Sexual Dynamo And These 23 Tweets Prove It",,20200522-1600
https://www.buzzfeed.com/avaerickson04/which-disney-prince-do-you-belong-with-1mtuff45b1?origin=web-hf,Which Disney Prince Is Your Soulmate?,,20200522-1600
https://www.buzzfeed.com/stephenlaconte/lana-del-rey-controversy-beyonce-ariana-grande-cardi-b?origin=web-hf,"Lana Del Rey Seemed To Drag Artists Like Beyoncé, Cardi B, And Ariana Grande In A Statement On Instagram, And People Are Pissed",,20200522-1600
/watch/video/105809,"The ""Outer Banks"" Cast Answers Your Burning Questions
Your favorite Pogues return as the cast of the hit Netflix series “Outer Banks” (Chase Stokes, Madelyn Cline, Madison Bailey, Rudy Pankow, and Jonathan Daviss) all sit down to answer your burning questions, from how their lives have changed since the show’s debut, to what they think will happen in season two, all the way to which major roles they’ve auditioned for in the past but didn’t get…which leads to one cast member revealing that he very nearly spent some time in a galaxy far, far away.",,20200522-1600
https://www.buzzfeed.com/stephenlaconte/oprah-winfrey-big-cabbage-instagram?origin=web-hf,"Oprah Grew A Cabbage So Big She Could Barely Carry It, And You Really Need To See It To Believe It's Real",,20200522-1600
https://www.buzzfeed.com/marielasummerhays01/therapy-is-for-men?origin=web-hf,These 7 Men Will Convince You Therapy Is For Everyone,,20200522-1600
https://www.buzzfeed.com/kristatorres/little-bugs-live-in-strawberries-so-you-should-al?origin=web-hf,"If You Wash Berries In Salt Water, Little Bugs Will Start To Crawl Out",,20200522-1600
https://www.buzzfeed.com/daniellaemanuel/water-popsicles-tiktok?origin=web-hf,"A Mom On TikTok Makes ""Water Popsicles"" For Her Kids And I'm Cracking Up",,20200522-1600
https://www.buzzfeednews.com/article/michaelblackmon/lana-del-rey-instagram-post-race?origin=web-hf,This Is Why People Are Mad At Lana Del Rey,,20200522-1600
https://www.buzzfeed.com/katdo0907/the-office-and-friends-polls-1v8n4ssmtp?origin=web-hf,"These Polls Are For Fans Of ""Friends"" And ""The Office"" Only",,20200522-1600
https://www.buzzfeed.com/anoushkagadhwal/the-ultimate-harry-potter-and-the-sorcereras-sto-cn37ve6nwu?origin=web-hf,"I Bet You Can't Score 10/13 On This ""Harry Potter And The Sorcerer’s Stone"" Book Quiz",,20200522-1600
https://www.buzzfeed.com/ryanschocket2/people-are-sharing-the-worst-coworker-theyve-worked-with?origin=web-hf,"People Are Sharing The Worst Coworker They've Worked With And Wow, Just Wow",,20200522-1600
/watch/video/103610,Gadiel Gets Financial Tips For Surviving This Pandemic,,20200522-1600
https://www.buzzfeed.com/victoriagasparowicz/dark-moments-from-kids-movies-that-are-probably-still?origin=web-hf,22 Unexpectedly Dark Kids Movie Moments That People Wish They Could Forget,,20200522-1600
https://www.buzzfeed.com/chilifritos1234/plan-a-wedding-a-well-tell-which-the-office-char-cvj3ackoya?origin=web-hf,"Design Your Dream Wedding And We'll Tell You Which Character From ""The Office"" You Belong With",,20200522-1600
https://www.buzzfeed.com/mjs538/a-news-clip-from-go-topless-jeep-weekend-is-going-viral?origin=web-hf,"A Video From ""Go Topless Jeep Weekend"" Is Going Viral Because ""Not Even SNL Could Write Something This Ridiculous""",,20200522-1600
https://www.buzzfeed.com/lyapalater/the-bar-is-so-low-that-im-emotion-because-adam-sa?origin=web-hf,The Bar Is So Low That I'm Emo Over Adam Sandler Buying Tampons For The Women In His Life,,20200522-1600
https://www.buzzfeed.com/farrahpenn/new-ya-books-spring-2020?origin=web-hf,Here Are The 15 Young Adult Books We're Loving This Spring,,20200522-1600
https://www.buzzfeed.com/buzzfeedoznews/bye-buzzfeed-oz-news?origin=web-hf,This Is BuzzFeed News Australia’s Last Day. Here Are 37 Of Our Favourite Stories.,,20200522-1600
https://www.buzzfeed.com/jasminsuknanan/useful-beauty-products-on-sale?origin=web-hf,23 Useful Beauty Products You'll Probably Be Very Glad You Got On Sale,,20200522-1600
https://www.buzzfeed.com/hannahryan/refugees-phones-australia-whatsapp-interview?origin=web-hf,I WhatsApped Refugees To Ask Why They're So Freaked Out About The Government Taking Their Phones Away,,20200522-1600
/watch/video/103666,"Black Family Tries Each Others' Chocolate Chip Cookies
""I'm lactose intolerant, I don't need this!""",,20200522-1600
https://www.buzzfeednews.com,BuzzFeed NewsReporting on what you care about. We hold major institutions accountable and expose wrongdoing.,,20200522-1630
https://www.tasty.co,"BuzzFeed TastySearch, watch, and cook every single Tasty recipe and video ever - all in one place!",,20200522-1630
https://www.buzzfeed.com/goodful,"BuzzFeed GoodfulSelf care and ideas to help you live a healthier, happier life.",,20200522-1630
https://www.buzzfeed.com/bringme,"BuzzFeed Bring MeObsessed with travel? Discover unique things to do, places to eat, and sights to see in the best destinations around the world with Bring Me!",,20200522-1630
https://www.buzzfeed.com/asis,"BuzzFeed As IsSomething for everyone interested in hair, makeup, style, and body positivity.",,20200522-1630
https://www.buzzfeednews.com/article/danvergano/coronavirus-tips-spike-loop-protein-symptoms-death?ref=hpsplash&origin=spl,The Coronavirus Has A Mysterious “Loop” That Lets It Quickly Attack Human Lungs. Here’s How It Works.,,20200522-1630
https://www.buzzfeed.com/jmihaly/home-long-run-benefits?origin=hpp,31 Somewhat Random Things To Buy For Your Home That'll Benefit You In The Long Run,,20200522-1630
https://www.buzzfeed.com/newsletters?ref=hplego,"WTF Is Happening Today? BuzzFeed Newsletters Can Help!
We have newsletters to help you stay in the loop AND newsletters to help you forget! Try one today!",,20200522-1630
https://www.buzzfeed.com/kristatorres/celebrity-kids-who-have-basically-became-adults?origin=web-hf,10 Famous Kids Who Are Nearly Full-Fledged Adults Now,,20200522-1630
https://www.buzzfeed.com/mjs538/martha-stewart-posted-an-extremely-sexual-instagram-caption?origin=web-hf,Martha Stewart Posted A Sexual Instagram Caption About Chicken And I Guess Quarantine Is Really Starting To Get To Her,,20200522-1630
https://www.buzzfeed.com/andrewziegler/quiz-party?origin=shp,"You Can Now Take BuzzFeed Quizzes In Real Time With Your Friends — You’re Welcome
Let’s get this party started.",,20200522-1630
https://www.buzzfeed.com/jenniferabidor/friends-a-to-z?origin=shp,"This ""Friends"" A–Z Quiz Will Reveal Which Main Character You Are",,20200522-1630
https://www.buzzfeed.com/sarahaspler/taste-in-disney-movies-age-quiz?origin=shp,Can We Accurately Guess Your Age Based On Your Taste In Disney Movies?,,20200522-1630
https://www.buzzfeed.com/andrewziegler/quiz-romantic-type?origin=shp,There Are Actually Only Four Romantic Types And We Can Accurately Guess Yours,,20200522-1630
https://www.buzzfeed.com/sarahaspler/everyone-has-a-fruit-that-matches-their-personalit?origin=shp,Everyone Has A Fruit That Matches Their Personality – Here’s Yours,,20200522-1630
https://www.buzzfeed.com/quizparty,Keep the quiz party going,,20200522-1630
https://www.buzzfeed.com/josieayre1/super-cute-animal-tweets-that-will-melt-your-heart?origin=web-hf,21 Wholesome Tweets About Animals That Prove How Ridiculous They Are,,20200522-1630
https://www.buzzfeed.com/farrahpenn/phytophotodermatitis-sunlight-lime-photos?origin=web-hf,These Graphic Pictures Show What Can Happen If You Go Outside After Handling Limes,,20200522-1630
https://www.buzzfeed.com/maitlandquitmeyer/best-memorial-day-sales-deals-2020?origin=hshp,"All The Best Memorial Day Weekend Deals
The savings start now.",,20200522-1630
https://www.buzzfeed.com/kaylasuazo/all-the-best-memorial-day-mattress-sales-2020?origin=hshp,All Of The Best Memorial Day Mattress Sales,,20200522-1630
https://www.buzzfeed.com/emmalord9/best-deals-wayfair-memorial-day-sale?origin=hshp,All The Best Deals At Wayfair's Memorial Day Sale,,20200522-1630
https://www.buzzfeed.com/abbykass/zappos-memorial-day-sale?origin=hshp,You Can Save On *So* Many Popular Shoes During The Zappos Memorial Day Sale,,20200522-1630
https://www.buzzfeed.com/elenamgarcia/dyson-is-having-a-pretty-major-memorial-day-sale-no-better?origin=hshp,Dyson Is Having A Pretty Major Memorial Day Sale — No Better Time Than Now To Get Yourself A New Vacuum,,20200522-1630
https://www.buzzfeed.com/shopping?origin=hshp,See more great product recommendations,,20200522-1630
https://www.buzzfeed.com/daves4/childhood-house-quiz?origin=web-hf,"Sorry, But If You're Over 30 It's Pretty Much Impossible To Pass This Quiz",,20200522-1630
https://www.buzzfeednews.com/article/ryancbrooks/joe-biden-charlamagne-black-breakfast-club?origin=web-hf,"Joe Biden Told Charlamagne He ""Ain't Black"" If He's Having Trouble Deciding Whether To Vote For Him Or Trump",,20200522-1630
https://www.buzzfeednews.com/article/danvergano/coronavirus-malaria-drug-trump-deadly-hydroxychloroquine?origin=shp,"A New Study Says The Malaria Drug Touted (And Taken) By Trump Looks Deadly For Coronavirus Patients
“If there was ever hope for this drug, this is the death of it.”
1 hour ago",,20200522-1630
https://www.buzzfeednews.com/article/janelytvynenko/coronavirus-spin-doctors?origin=shp,These Are The Fake Experts Pushing Pseudoscience And Conspiracy Theories About The Coronavirus Pandemic,,20200522-1630
https://www.buzzfeednews.com/article/davidmack/coronavirus-trump-test-positive-negative-answer-video?origin=shp,"Positive News! Trump Says He Tested Positively, Which Means Negative, For The Coronavirus.",,20200522-1630
https://www.buzzfeednews.com/article/clarissajanlim/doctor-congressional-hearing-coronavirus-second-wave-ppe?origin=shp,"A Doctor Told Lawmakers The Country Is Not ""Prepared For A Second Wave"" Of The Coronavirus",,20200522-1630
https://bzfd.it/noc-show,The daily News O'Clock podcast is here.,,20200522-1630
https://www.buzzfeed.com/pablovaldivia/cats-being-rude?origin=web-hf,21 Cats Who Play By Their Own Rules,,20200522-1630
https://www.buzzfeednews.com/article/davidmack/son-stabs-dad-murder-zoom-call?origin=web-hf,A Guy Was On A Zoom Call When His Son Allegedly Stabbed Him To Death,,20200522-1630
https://www.buzzfeed.com/soothnessbyshubhamg/here-are-disney-movies-10-supporting-characters-9rq6ct7w5j?origin=web-hf,Let's See If You Can Identify Which Disney Movie These Supporting Characters Are From,,20200522-1630
https://www.buzzfeed.com/lyapalater/things-famous-people-were-photographed-doing-this-week-5-22?origin=web-hf,16 Things Famous People Were Photographed Doing This Week,,20200522-1630
https://www.buzzfeed.com/eleanorbate/kristen-bell-daughter-diapers-mom-shaming?origin=web-hf,"Kristen Bell Opened Up About Mom-Shaming And Revealed Her Five-Year-Old Daughter Is ""Still In Diapers""",,20200522-1630
https://www.buzzfeed.com/victoriavouloumanos/stars-who-are-mixed-asian-pacific-islander?origin=shp,"34 Multiracial Celebs Who Are Actually Asian Or Pacific Islander
Relatable and inspirational icons, all of ‘em.",,20200522-1630
https://www.buzzfeed.com/nusrat21/a-guide-for-people-new-to-bollywood?origin=shp,30 Bollywood Films That Everyone Absolutely Must See,,20200522-1630
https://www.buzzfeed.com/michellemkim/asian-male-celebs-thirst?origin=shp,21 Asian Male Celebs That Have Us Feeling Oh So Very Thirsty,,20200522-1630
https://www.buzzfeed.com/michellemkim/which-anime-best-boy-are-you?origin=shp,Quiz: Which Anime Best Boy Are You?,,20200522-1630
https://www.buzzfeed.com/badge/apahm2020,See all of our APAHM coverage here,,20200522-1630
/watch/video/105061,"I Tried Boba Ice Cream From This Viral Ice Cream Shop
Follow Jasmine for more travel & food content! https://www.instagram.com/jasminepak/ ✨ Boba pints are only available online during Online Pint Drops. They will be available in-store at the opening of the Fairfax location in June! Check https://www.wanderlustcreamery.com/ for their latest updates for availability.",,20200522-1630
https://www.buzzfeed.com/elliewoodward/kristin-cavallaris-friend-kelly-henderson-instagram-drama?origin=web-hf,Kristin Cavallari's Ex-Best Friend Is Being Dragged In Her Instagram Comments Over Jay Cutler Again And This Time She’s Responded,,20200522-1630
https://www.buzzfeed.com/kebornholtz/lets-wfh-together-with-our-quarantine-today-new-5xqeak1tzg,"Let's WFH Together With Our ""Quarantine Today"" Newsletter",,20200522-1630
https://www.buzzfeed.com/leonielove/are-you-a-disney-nerd-even-if-you-arent-you-can-bpsaewfmso?origin=web-hf,Only 23% Of Disney Fans Can Correctly Answer These Disney Movie Questions — Can You?,,20200522-1630
https://www.buzzfeed.com/bluewave/choose-a-makeup-routine-and-well-guess-your-eye-c-3l7xx9lyjo?origin=web-hf,Create A Makeup Routine And We'll Guess Your Eye Color With 91% Accuracy,,20200522-1630
https://www.buzzfeed.com/morgansloss1/sorry-but-you-can-only-pick-one-movie-character-for-every?origin=web-hf,Let's See If You'd Pick The Same Movie Character For Every Letter Of The Alphabet As Everyone Else,,20200522-1630
https://www.buzzfeed.com/laurengarafano/pick-one-hot-guy-per-teen-drama-poll?origin=web-hf,I Regret To Inform You That You Can Only Pick One Hot Guy Per TV Show,,20200522-1630
https://www.buzzfeednews.com/article/henrygomez/val-demings-joe-biden-vice-president?origin=web-hf,Val Demings Is On Joe Biden’s VP List. She Says She Has The “Real Life” Experience For The Job.,,20200522-1630
https://www.buzzfeed.com/hannahmarder/what-movies-about-mental-health-made-you-feel-seen,What Movies Got Mental Health Right?,,20200522-1630
/watch/video/102294,"We Didn't Use Toilet Paper For A Week 
Auri gets Steve to try reusable toilet paper, will he like it?",,20200522-1630
https://www.buzzfeed.com/kaylaboyd/laundry-tips-our-readers-actually-swear-by?origin=web-hf,17 Laundry Tips Our Readers Actually Swear By,,20200522-1630
https://www.buzzfeed.com/nusrat21/eloquii-sale-post-50-percent-off-sale?origin=web-hf,Eloquii Is Giving 50% Off On Items Already On Sale And Your Summer Wardrobe Is About To Be The Most Stylish It's Ever Been,,20200522-1630
https://www.buzzfeed.com/benhenry/demi-lovato-boyfriend-max-ehrich-old-tweet?origin=web-hf,Demi Lovato Shared An Old Tweet Her Boyfriend Posted In 2011 About Wanting To Date Her And The Whole Thing Is Super Cute,,20200522-1630
https://www.buzzfeed.com/terrycarter/jeannie-mai-quarantine-interview?origin=web-hf,"Jeannie Mai Revealed What She's Looking Forward To Doing Once Quarantine Is Over And All I Can Say Is ""Same!""",,20200522-1630
https://www.buzzfeed.com/sam_cleal/guess-the-celeb-by-their-parent-quiz?origin=web-hf,Here Are 16 Celebrity Parents – If You Can Match At Least Half To Their Child I'll Be Impressed,,20200522-1630
https://www.buzzfeed.com/almondmilk24/are-you-more-like-shrek-or-donkey-from-the-shrek-m-b2yysxzsot?origin=web-hf,This Personality Quiz Will Determine If You're More Like Shrek Or Donkey,,20200522-1630
https://www.buzzfeed.com/sp177/if-you-can-name-all-10-of-these-animals-from-frien-f9ehybf6k8?origin=web-hf,"You Might Be Obsessed With ""Friends"" If You Can Pass This ""Jeopardy!"" Trivia Quiz About The Animals In The Show",,20200522-1630
https://www.buzzfeed.com/frazyeah/plan-a-european-road-trip-and-ill-give-you-an-und-d9677ttbfw?origin=web-hf,We'll Give You An Underrated Netflix Movie To Watch Based On The European Road Trip You Plan,,20200522-1630
/watch/video/99501,"Boricua From The Island vs The Mainland 
Love one another, Puerto Ricans from around the world!",,20200522-1630
https://www.buzzfeed.com/hannahmarder/can-you-name-a-harry-potter-character-for-every-letter-of?origin=web-hf,"All You Have To Do To Pass This Quiz Is Name 26 ""Harry Potter"" Characters",,20200522-1630
https://www.buzzfeed.com/katyherman/modcloth-memorial-day-sale?origin=web-hf,"If You're Looking For Cute Summer Clothes, Everything At ModCloth Is 30%-40% Off For Memorial Day",,20200522-1630
https://www.buzzfeed.com/malloryannp/bed-frames-thatll-basically-be-the-star-of-your-bedroom?origin=web-hf,29 Bed Frames That'll Basically Be The Star Of Your Bedroom,,20200522-1630
https://www.buzzfeed.com/melanie_aman/backcountry-memorial-day-weekend-sale-up-to-50-off?origin=web-hf,Score Up To 50% Off Backcountry's Summer Essentials This Memorial Day,,20200522-1630
https://www.buzzfeed.com/hanifahrahman/what-tv-show-inconsistency-will-you-never-forget?origin=web-hf,Tell Us The Most Annoying TV Inconsistency You Know,,20200522-1630
https://www.buzzfeednews.com/article/tanyachen/are-shady-instagram-giveaways-the-new-mlms?origin=web-hf,These Controversial Loop Giveaways On Instagram Have Some Things In Common With MLMs,,20200522-1630
https://www.buzzfeed.com/kylerichmond/really-hard-quiz-about-canada?origin=web-hf,This Random Knowledge Quiz On Canada Will Stump You By Level 25,,20200522-1630
https://www.buzzfeed.com/christyz23/take-this-quiz-to-see-how-you-will-blow-up-on-tikt-9km5keymm2?origin=web-hf,What Will You Be TikTok Famous For?,,20200522-1630
/watch/video/105540,"Camp Counselor Horror Stories
In honor of summer former camp counselors share their craziest, weirdest and funniest experiences from camp.",,20200522-1630
https://www.buzzfeed.com/emmamcanaw/masks-made-here-20-off-sale?origin=web-hf,"If You're Bored Of Your Face Mask, Masks Made Here Is Having A 20% Off Sale",,20200522-1630
https://www.buzzfeednews.com/article/albertonardelli/trump-g7-coronavirus?origin=web-hf,Trump Wants To Hold The G7 Summit In Person But He Didn’t Ask Other World Leaders About The Idea Before Tweeting It,,20200522-1630
https://www.buzzfeed.com/mikespohr/mindblowing-facts?origin=web-hf,18 Random Facts That Absolutely Blew People's Minds On Twitter,,20200522-1630
https://www.buzzfeed.com/zipporkella/what-percent-typical-nerd-are-you-c09ywjxe9m?origin=web-hf,"If You Check Off At Least 17/26 Things On This List, Then You're A Total Nerd",,20200522-1630
https://www.buzzfeed.com/tessafahey/iconic-rom-com-checklist?origin=web-hf,How Many Iconic Rom-Coms Have You Actually Seen?,,20200522-1630
https://www.buzzfeed.com/tatianatenreyrowhitlock/lady-gaga-and-ariana-grande-song?origin=web-hf,"Lady Gaga And Ariana Grande Just Made The Weekend More Exciting By Dropping Their Song ""Rain On Me""",,20200522-1630
https://www.buzzfeed.com/tatianatenreyrowhitlock/funniest-tweets-lana-del-rey-instagram-post-drama?origin=web-hf,15 Funny Tweets About The Lana Del Rey Instagram Post Drama,,20200522-1630
https://www.buzzfeed.com/noradominick/celeb-iconic-characters-trivia-quiz?origin=web-hf,These Iconic TV And Movie Characters Were Played By The Same Actor — Can You Tell Them Apart?,,20200522-1630
/watch/video/105310,"Loren Gray Reads Her Instagram DMs
Loren Gray bravely sits down to do a deep dive into her Instagram DM requests, which include supportive fans, the obligatory haters, and even some marriage proposals from complete strangers. Check out Loren’s new single “Cake” now: https://www.youtube.com/watch?v=klwWrurkjgc",,20200522-1630
https://www.buzzfeed.com/jenniferabidor/jokes-about-disney-villains?origin=web-hf,21 Times The Internet Roasted The Disney Villains,,20200522-1630
https://www.buzzfeed.com/tatianatenreyrowhitlock/lana-del-rey-responds-to-backlash-over-instagram-post?origin=web-hf,"Lana Del Rey Responded To The Backlash Toward Her Instagram Post, Saying She's Sad People Made It A ""WOC Issue""",,20200522-1630
https://www.buzzfeed.com/huynht2510/can-we-guess-your-most-recent-emoji-by-this-quiz-eqcv8mgpxb?origin=web-hf,Build A House And We'll Accurately Guess Your Most Recently Used Emoji,,20200522-1630
https://www.buzzfeed.com/farrahpenn/finals-week-zoom-university-fails?origin=web-hf,18 Times The Students Of Zoom University Really Struggled Through Finals Week,,20200522-1630
https://www.buzzfeed.com/mjs538/early-2000s-pictures-for-millennials?origin=web-hf,33 Pictures That Millennials Will Have To Explain To Generation Alpha Someday,,20200522-1630
https://www.buzzfeednews.com/article/laurenstrapagiel/influencers-say-instagram-is-more-likely-to-remove-photos?origin=web-hf,"Influencers Say Instagram Is Biased Against Plus-Size Bodies, And They May Be Right",,20200522-1630
https://www.buzzfeed.com/yiyang/futuristic-products-thatll-probably-make-you-feel-like?origin=web-hf,35 Futuristic Products That’ll Probably Make You Feel Like You’re Living In 3020,,20200522-1630
https://www.buzzfeed.com/morganmurrell/drake-called-kylie-jenner-side-piece-apology?origin=web-hf,"Drake Name-Dropped Kylie Jenner, Kendall Jenner, And Gigi Hadid In A Song, Then Issued An Apology Statement",,20200522-1630
/watch/video/105538,Can These Exes Be Friends?,,20200522-1630
https://www.buzzfeed.com/briangalindo/21-tbt-photos-celebs-posted-on-instagram-may-21?origin=web-hf,Here's What Chrissy Teigen And 20 Other Celebrities Shared This Week For #TBT,,20200522-1630
https://www.buzzfeed.com/christopherhudspeth/oh-come-on-facepalm-that-sucks-things?origin=web-hf,15 Facepalm-Worthy Things Humans Recently Did During This Pandemic That Make Me Hope Aliens Aren't Watching,,20200522-1630
https://www.buzzfeed.com/tatianatenreyrowhitlock/michael-cera-aubrey-plaza-chuck-e-cheese-pic?origin=web-hf,Michael Cera And Aubrey Plaza's Chuck E. Cheese Photo Is Legendary And Now We Have The Whole Story,,20200522-1630
https://www.buzzfeednews.com/article/skbaer/ahmaud-arbery-death-william-bryan-arrest?origin=web-hf,The Man Who Recorded Video Of Ahmaud Arbery Being Shot Has Been Arrested On A Murder Charge,,20200522-1630
https://www.buzzfeed.com/briangalindo/chris-pratt-accidentally-deleted-over-35000-unread-emails?origin=web-hf,"Chris Pratt Accidentally Deleted More Than 35,000 Unread Emails After His Son Gasped At His Full Inbox",,20200522-1630
https://www.buzzfeed.com/sydrobinson1/before-and-after-pets-being-adopted-quarantine?origin=web-hf,21 Before-And-After Pictures Of Pets Who Were Adopted During Quarantine,,20200522-1630
https://www.buzzfeed.com/daves4/everyone-hates-but-does?origin=web-hf,27 Things Everyone On Earth Hates That They Do But Does Anyway,,20200522-1630
https://www.buzzfeed.com/hannahmarder/teen-drama-characters-that-did-not-need-to-die?origin=web-hf,20 Of The Most Tragically Unnecessary Deaths From Teen Dramas,,20200522-1630
/watch/video/102332,"I Followed Bretman Rock's Oldest And Newest Makeup Tutorial
""This could either be a revelation or a giant mistake.""",,20200522-1630
https://www.buzzfeed.com/ehisosifo1/harry-potter-letter-p-trivia-quiz?origin=web-hf,"This ""Harry Potter"" Quiz Will Separate The Wizards From The Muggles And It All Depends On The Letter P",,20200522-1630
https://www.buzzfeed.com/tessafahey/identify-avatar-the-last-airbender-characters-quiz?origin=web-hf,"If You Can Identify 30/36 Of These ""Avatar: The Last Airbender"" Characters, You're A Master Bender",,20200522-1630
https://www.buzzfeed.com/clareaston/my-bibliotherapy-prescription?origin=web-hf,"You Can Now Be ""Prescribed"" Books For Your Mental Health And These Six Were Meant To Help Me",,20200522-1630
https://www.buzzfeed.com/rosethecorgi/choose-some-food-and-revile-your-soulmates-name-7gjir6fim?origin=web-hf,"If You Really Wanna Know The First Letter Of Your Soulmate's Name, Eat Some Food And We'll Tell You",,20200522-1630
https://www.buzzfeed.com/mjs538/rose-on-90-day-fiance-and-big-ed?origin=web-hf,We Need To Stop Talking About Big Ed And Start Talking About Rose,,20200522-1630
https://www.buzzfeed.com/isabellalouise/can-you-sort-these-hogwarts-students-in-their-righ-klzvv4gs4?origin=web-hf,Only A Hogwarts Genius Can Match The Student To The House They Were Sorted Into,,20200522-1630
https://www.buzzfeed.com/christopherhudspeth/people-believed-there-was-evidence-of-a-parallel-universe?origin=web-hf,"17 Of The Funniest Tweets About The Discovery Of ""Evidence"" That A Parallel Universe Exists",,20200522-1630
https://www.buzzfeed.com/ehisosifo1/drastic-americas-next-top-model-makeovers?origin=web-hf,"23 ""ANTM"" Makeovers That Tyra Banks Actually Assigned To Contestants",,20200522-1630
/watch/video/105809,"The ""Outer Banks"" Cast Answers Your Burning Questions
Your favorite Pogues return as the cast of the hit Netflix series “Outer Banks” (Chase Stokes, Madelyn Cline, Madison Bailey, Rudy Pankow, and Jonathan Daviss) all sit down to answer your burning questions, from how their lives have changed since the show’s debut, to what they think will happen in season two, all the way to which major roles they’ve auditioned for in the past but didn’t get…which leads to one cast member revealing that he very nearly spent some time in a galaxy far, far away.",,20200522-1630
https://www.buzzfeed.com/alliehayes/books-so-good-you-cannot-put-them-down-flipped?origin=web-hf,"21 Books That Are So Good, People Literally Could Not Put Them Down",,20200522-1630
https://www.buzzfeed.com/fallon2/what-hunger-games-characters-belong-in-these-hogwa-ckb6eid9yq?origin=web-hf,"Would You Sort These Characters From ""The Hunger Games"" Into The Same Hogwarts Houses As Everyone Else?",,20200522-1630
https://www.buzzfeed.com/juliawilling/for-everyone-in-love-with-boxer?origin=web-hf,"Boxer From ""White Lines"" Is Pure Sexual Dynamo And These 23 Tweets Prove It",,20200522-1630
https://www.buzzfeed.com/avaerickson04/which-disney-prince-do-you-belong-with-1mtuff45b1?origin=web-hf,Which Disney Prince Is Your Soulmate?,,20200522-1630
https://www.buzzfeed.com/stephenlaconte/lana-del-rey-controversy-beyonce-ariana-grande-cardi-b?origin=web-hf,"Lana Del Rey Seemed To Drag Artists Like Beyoncé, Cardi B, And Ariana Grande In A Statement On Instagram, And People Are Pissed",,20200522-1630
https://www.buzzfeed.com/stephenlaconte/oprah-winfrey-big-cabbage-instagram?origin=web-hf,"Oprah Grew A Cabbage So Big She Could Barely Carry It, And You Really Need To See It To Believe It's Real",,20200522-1630
https://www.buzzfeed.com/marielasummerhays01/therapy-is-for-men?origin=web-hf,These 7 Men Will Convince You Therapy Is For Everyone,,20200522-1630
https://www.buzzfeed.com/kristatorres/little-bugs-live-in-strawberries-so-you-should-al?origin=web-hf,"If You Wash Berries In Salt Water, Little Bugs Will Start To Crawl Out",,20200522-1630
/watch/video/103610,Gadiel Gets Financial Tips For Surviving This Pandemic,,20200522-1630
https://www.buzzfeed.com/daniellaemanuel/water-popsicles-tiktok?origin=web-hf,"A Mom On TikTok Makes ""Water Popsicles"" For Her Kids And I'm Cracking Up",,20200522-1630
https://www.buzzfeednews.com/article/michaelblackmon/lana-del-rey-instagram-post-race?origin=web-hf,This Is Why People Are Mad At Lana Del Rey,,20200522-1630
https://www.buzzfeed.com/katdo0907/the-office-and-friends-polls-1v8n4ssmtp?origin=web-hf,"These Polls Are For Fans Of ""Friends"" And ""The Office"" Only",,20200522-1630
https://www.buzzfeed.com/anoushkagadhwal/the-ultimate-harry-potter-and-the-sorcereras-sto-cn37ve6nwu?origin=web-hf,"I Bet You Can't Score 10/13 On This ""Harry Potter And The Sorcerer’s Stone"" Book Quiz",,20200522-1630
https://www.buzzfeed.com/ryanschocket2/people-are-sharing-the-worst-coworker-theyve-worked-with?origin=web-hf,"People Are Sharing The Worst Coworker They've Worked With And Wow, Just Wow",,20200522-1630
https://www.buzzfeed.com/victoriagasparowicz/dark-moments-from-kids-movies-that-are-probably-still?origin=web-hf,22 Unexpectedly Dark Kids Movie Moments That People Wish They Could Forget,,20200522-1630
https://www.buzzfeed.com/chilifritos1234/plan-a-wedding-a-well-tell-which-the-office-char-cvj3ackoya?origin=web-hf,"Design Your Dream Wedding And We'll Tell You Which Character From ""The Office"" You Belong With",,20200522-1630
https://www.buzzfeed.com/mjs538/a-news-clip-from-go-topless-jeep-weekend-is-going-viral?origin=web-hf,"A Video From ""Go Topless Jeep Weekend"" Is Going Viral Because ""Not Even SNL Could Write Something This Ridiculous""",,20200522-1630
/watch/video/103666,"Black Family Tries Each Others' Chocolate Chip Cookies
""I'm lactose intolerant, I don't need this!""",,20200522-1630
https://www.buzzfeednews.com,BuzzFeed NewsReporting on what you care about. We hold major institutions accountable and expose wrongdoing.,,20200522-1700
https://www.tasty.co,"BuzzFeed TastySearch, watch, and cook every single Tasty recipe and video ever - all in one place!",,20200522-1700
https://www.buzzfeed.com/goodful,"BuzzFeed GoodfulSelf care and ideas to help you live a healthier, happier life.",,20200522-1700
https://www.buzzfeed.com/bringme,"BuzzFeed Bring MeObsessed with travel? Discover unique things to do, places to eat, and sights to see in the best destinations around the world with Bring Me!",,20200522-1700
https://www.buzzfeed.com/asis,"BuzzFeed As IsSomething for everyone interested in hair, makeup, style, and body positivity.",,20200522-1700
https://www.buzzfeednews.com/article/danvergano/coronavirus-malaria-drug-trump-deadly-hydroxychloroquine?ref=hpsplash&origin=spl,A New Study Says The Malaria Drug Touted (And Taken) By Trump Looks Deadly For Coronavirus Patients,,20200522-1700
https://www.buzzfeed.com/jmihaly/home-long-run-benefits?origin=hpp,31 Somewhat Random Things To Buy For Your Home That'll Benefit You In The Long Run,,20200522-1700
https://www.buzzfeed.com/newsletters?ref=hplego,"WTF Is Happening Today? BuzzFeed Newsletters Can Help!
We have newsletters to help you stay in the loop AND newsletters to help you forget! Try one today!",,20200522-1700
https://www.buzzfeed.com/kristatorres/celebrity-kids-who-have-basically-became-adults?origin=web-hf,10 Then Vs. Now Photos Of Really Famous Celebrity Kids That Are Shocking To See,,20200522-1700
https://www.buzzfeed.com/josieayre1/super-cute-animal-tweets-that-will-melt-your-heart?origin=web-hf,21 Wholesome Animal Tweets That Still Have Me Smiling,,20200522-1700
https://www.buzzfeed.com/andrewziegler/quiz-party?origin=shp,"You Can Now Take BuzzFeed Quizzes In Real Time With Your Friends — You’re Welcome
Let’s get this party started.",,20200522-1700
https://www.buzzfeed.com/jenniferabidor/friends-a-to-z?origin=shp,"This ""Friends"" A–Z Quiz Will Reveal Which Main Character You Are",,20200522-1700
https://www.buzzfeed.com/sarahaspler/taste-in-disney-movies-age-quiz?origin=shp,Can We Accurately Guess Your Age Based On Your Taste In Disney Movies?,,20200522-1700
https://www.buzzfeed.com/andrewziegler/quiz-romantic-type?origin=shp,There Are Actually Only Four Romantic Types And We Can Accurately Guess Yours,,20200522-1700
https://www.buzzfeed.com/sarahaspler/everyone-has-a-fruit-that-matches-their-personalit?origin=shp,Everyone Has A Fruit That Matches Their Personality – Here’s Yours,,20200522-1700
https://www.buzzfeed.com/quizparty,Keep the quiz party going,,20200522-1700
https://www.buzzfeed.com/mjs538/martha-stewart-posted-an-extremely-sexual-instagram-caption?origin=web-hf,"Martha Stewart Accidentally Posted An Extremely Sexual Instagram Caption About Chicken And I Guess She's Really Horny, Y'all",,20200522-1700
https://www.buzzfeed.com/kaylayandoli/these-random-questions-will-reveal-the-decade-you-were-born?origin=web-hf,I Know The Decade You Were Born In Based On How You Answer These 15 Questions,,20200522-1700
https://www.buzzfeed.com/maitlandquitmeyer/best-memorial-day-sales-deals-2020?origin=hshp,"All The Best Memorial Day Weekend Deals
The savings start now.",,20200522-1700
https://www.buzzfeed.com/kaylasuazo/all-the-best-memorial-day-mattress-sales-2020?origin=hshp,All Of The Best Memorial Day Mattress Sales,,20200522-1700
https://www.buzzfeed.com/emmalord9/best-deals-wayfair-memorial-day-sale?origin=hshp,All The Best Deals At Wayfair's Memorial Day Sale,,20200522-1700
https://www.buzzfeed.com/abbykass/zappos-memorial-day-sale?origin=hshp,You Can Save On *So* Many Popular Shoes During The Zappos Memorial Day Sale,,20200522-1700
https://www.buzzfeed.com/elenamgarcia/dyson-is-having-a-pretty-major-memorial-day-sale-no-better?origin=hshp,Dyson Is Having A Pretty Major Memorial Day Sale — No Better Time Than Now To Get Yourself A New Vacuum,,20200522-1700
https://www.buzzfeed.com/shopping?origin=hshp,See more great product recommendations,,20200522-1700
https://www.buzzfeed.com/farrahpenn/phytophotodermatitis-sunlight-lime-photos?origin=web-hf,These Graphic Pictures Show What Can Happen If You Go Outside After Handling Limes,,20200522-1700
https://www.buzzfeed.com/lakenbrooks222/eat-your-favorite-desserts-and-well-tell-you-whic-yf5ecuouc?origin=web-hf,Eat Your Favorite Desserts And We'll Tell You Which Disney Villain You Are,,20200522-1700
https://www.buzzfeednews.com/article/danvergano/coronavirus-tips-spike-loop-protein-symptoms-death?origin=shp,"The Coronavirus Has A Mysterious “Loop” That Lets It Quickly Attack Human Lungs. Here’s How It Works.
How does a relatively common type of virus turn into one so deadly it could spur a pandemic? The answer may lie in its microscopic spikes.
51 minutes ago",,20200522-1700
https://www.buzzfeednews.com/article/janelytvynenko/coronavirus-spin-doctors?origin=shp,These Are The Fake Experts Pushing Pseudoscience And Conspiracy Theories About The Coronavirus Pandemic,,20200522-1700
https://www.buzzfeednews.com/article/davidmack/coronavirus-trump-test-positive-negative-answer-video?origin=shp,"Positive News! Trump Says He Tested Positively, Which Means Negative, For The Coronavirus.",,20200522-1700
https://www.buzzfeednews.com/article/clarissajanlim/doctor-congressional-hearing-coronavirus-second-wave-ppe?origin=shp,"A Doctor Told Lawmakers The Country Is Not ""Prepared For A Second Wave"" Of The Coronavirus",,20200522-1700
https://bzfd.it/noc-show,The daily News O'Clock podcast is here.,,20200522-1700
https://www.buzzfeed.com/daves4/childhood-house-quiz?origin=web-hf,"Sorry, But It's Pretty Much Impossible To Pass This Quiz If You're Over 30",,20200522-1700
https://www.buzzfeednews.com/article/ryancbrooks/joe-biden-charlamagne-black-breakfast-club?origin=web-hf,"Joe Biden Told Charlamagne He ""Ain't Black"" If He's Having Trouble Deciding Whether To Vote For Him Or Trump",,20200522-1700
https://www.buzzfeed.com/pablovaldivia/cats-being-rude?origin=web-hf,21 Cats Who Know They're Adorable Jerks And Are Proud Of It,,20200522-1700
https://www.buzzfeednews.com/article/davidmack/son-stabs-dad-murder-zoom-call?origin=web-hf,A Guy Was On A Zoom Call When His Son Allegedly Stabbed Him To Death,,20200522-1700
https://www.buzzfeed.com/lyapalater/things-famous-people-were-photographed-doing-this-week-5-22?origin=web-hf,16 Things Famous People Were Photographed Doing This Week,,20200522-1700
https://www.buzzfeed.com/victoriavouloumanos/stars-who-are-mixed-asian-pacific-islander?origin=shp,"34 Multiracial Celebs Who Are Actually Asian Or Pacific Islander
Relatable and inspirational icons, all of ‘em.",,20200522-1700
https://www.buzzfeed.com/nusrat21/a-guide-for-people-new-to-bollywood?origin=shp,30 Bollywood Films That Everyone Absolutely Must See,,20200522-1700
https://www.buzzfeed.com/michellemkim/asian-male-celebs-thirst?origin=shp,21 Asian Male Celebs That Have Us Feeling Oh So Very Thirsty,,20200522-1700
https://www.buzzfeed.com/michellemkim/which-anime-best-boy-are-you?origin=shp,Quiz: Which Anime Best Boy Are You?,,20200522-1700
https://www.buzzfeed.com/badge/apahm2020,See all of our APAHM coverage here,,20200522-1700
/watch/video/105061,"I Tried Boba Ice Cream From This Viral Ice Cream Shop
Follow Jasmine for more travel & food content! https://www.instagram.com/jasminepak/ ✨ Boba pints are only available online during Online Pint Drops. They will be available in-store at the opening of the Fairfax location in June! Check https://www.wanderlustcreamery.com/ for their latest updates for availability.",,20200522-1700
https://www.buzzfeed.com/eleanorbate/kristen-bell-daughter-diapers-mom-shaming?origin=web-hf,"Kristen Bell Opened Up About Mom-Shaming And Revealed Her Five-Year-Old Daughter Is ""Still In Diapers""",,20200522-1700
https://www.buzzfeed.com/kebornholtz/dont-miss-any-of-our-oscars-coverage-with-our-oscars-guide,Find The Next Show To Binge On With Our TV & Movies Newsletter!,,20200522-1700
https://www.buzzfeed.com/elliewoodward/kristin-cavallaris-friend-kelly-henderson-instagram-drama?origin=web-hf,Kristin Cavallari's Ex-Best Friend Is Being Dragged In Her Instagram Comments Over Jay Cutler Again And This Time She’s Responded,,20200522-1700
https://www.buzzfeed.com/soothnessbyshubhamg/here-are-disney-movies-10-supporting-characters-9rq6ct7w5j?origin=web-hf,Can You Match The Supporting Character To The Disney Movie?,,20200522-1700
https://www.buzzfeed.com/leonielove/are-you-a-disney-nerd-even-if-you-arent-you-can-bpsaewfmso?origin=web-hf,Only 23% Of Disney Fans Can Correctly Answer These Disney Movie Questions — Can You?,,20200522-1700
https://www.buzzfeed.com/bluewave/choose-a-makeup-routine-and-well-guess-your-eye-c-3l7xx9lyjo?origin=web-hf,Create A Makeup Routine And We'll Guess Your Eye Color With 91% Accuracy,,20200522-1700
https://www.buzzfeed.com/audreyworboys/17-popular-quizzes-this-week?origin=web-hf,17 Totally Tubular Quizzes You Should Take If You Want To Waste Some Time,,20200522-1700
https://www.buzzfeed.com/melanie_aman/what-is-the-best-place-to-buy-bras-if-you-have-small-boobs,What's The Best Place To Buy Bras If You Have Small Boobs?,,20200522-1700
/watch/video/102294,"We Didn't Use Toilet Paper For A Week 
Auri gets Steve to try reusable toilet paper, will he like it?",,20200522-1700
https://www.buzzfeed.com/morgansloss1/sorry-but-you-can-only-pick-one-movie-character-for-every?origin=web-hf,Let's See If You'd Pick The Same Movie Character For Every Letter Of The Alphabet As Everyone Else,,20200522-1700
https://www.buzzfeed.com/laurengarafano/pick-one-hot-guy-per-teen-drama-poll?origin=web-hf,I Regret To Inform You That You Can Only Pick One Hot Guy Per TV Show,,20200522-1700
https://www.buzzfeed.com/kaylaboyd/laundry-tips-our-readers-actually-swear-by?origin=web-hf,17 Laundry Tips Our Readers Actually Swear By,,20200522-1700
https://www.buzzfeed.com/benhenry/demi-lovato-boyfriend-max-ehrich-old-tweet?origin=web-hf,Demi Lovato Shared An Old Tweet Her Boyfriend Posted In 2011 About Wanting To Date Her And The Whole Thing Is Super Cute,,20200522-1700
https://www.buzzfeed.com/sam_cleal/guess-the-celeb-by-their-parent-quiz?origin=web-hf,Here Are 16 Celebrity Parents – If You Can Match At Least Half To Their Child I'll Be Impressed,,20200522-1700
https://www.buzzfeed.com/terrycarter/jeannie-mai-quarantine-interview?origin=web-hf,"Jeannie Mai Revealed What She's Looking Forward To Doing Once Quarantine Is Over And All I Can Say Is ""Same!""",,20200522-1700
https://www.buzzfeed.com/nusrat21/eloquii-sale-post-50-percent-off-sale?origin=web-hf,Eloquii Is Giving 50% Off On Items Already On Sale And Your Summer Wardrobe Is About To Be The Most Stylish It's Ever Been,,20200522-1700
https://www.buzzfeed.com/sp177/if-you-can-name-all-10-of-these-animals-from-frien-f9ehybf6k8?origin=web-hf,"You Might Be Obsessed With ""Friends"" If You Can Pass This ""Jeopardy!"" Trivia Quiz About The Animals In The Show",,20200522-1700
/watch/video/99501,"Boricua From The Island vs The Mainland 
Love one another, Puerto Ricans from around the world!",,20200522-1700
https://www.buzzfeed.com/frazyeah/plan-a-european-road-trip-and-ill-give-you-an-und-d9677ttbfw?origin=web-hf,We'll Give You An Underrated Netflix Movie To Watch Based On The European Road Trip You Plan,,20200522-1700
https://www.buzzfeednews.com/article/henrygomez/val-demings-joe-biden-vice-president?origin=web-hf,Val Demings Is On Joe Biden’s VP List. She Says She Has The “Real Life” Experience For The Job.,,20200522-1700
https://www.buzzfeed.com/hannahmarder/can-you-name-a-harry-potter-character-for-every-letter-of?origin=web-hf,"26 ""Harry Potter"" Characters Stand Between You And Acing This Quiz",,20200522-1700
https://www.buzzfeed.com/malloryannp/bed-frames-thatll-basically-be-the-star-of-your-bedroom?origin=web-hf,29 Bed Frames That'll Basically Be The Star Of Your Bedroom,,20200522-1700
https://www.buzzfeed.com/katyherman/modcloth-memorial-day-sale?origin=web-hf,"Everything, Yes Everything, At ModCloth Is At Least 30% Off For Memorial Day, So It's Probably Time For Some New Clothes",,20200522-1700
https://www.buzzfeed.com/almondmilk24/are-you-more-like-shrek-or-donkey-from-the-shrek-m-b2yysxzsot?origin=web-hf,This Personality Quiz Will Determine If You're More Like Shrek Or Donkey,,20200522-1700
https://www.buzzfeed.com/melanie_aman/backcountry-memorial-day-weekend-sale-up-to-50-off?origin=web-hf,Backcountry's Summer Essentials Are Up To 50% Off In Case You're In The Mood To Save,,20200522-1700
https://www.buzzfeed.com/hanifahrahman/what-tv-show-inconsistency-will-you-never-forget?origin=web-hf,Tell Us The Most Annoying TV Inconsistency You Know,,20200522-1700
/watch/video/105540,"Camp Counselor Horror Stories
In honor of summer former camp counselors share their craziest, weirdest and funniest experiences from camp.",,20200522-1700
https://www.buzzfeednews.com/article/tanyachen/are-shady-instagram-giveaways-the-new-mlms?origin=web-hf,These Controversial Loop Giveaways On Instagram Have Some Things In Common With MLMs,,20200522-1700
https://www.buzzfeed.com/kylerichmond/really-hard-quiz-about-canada?origin=web-hf,This Random Knowledge Quiz On Canada Will Stump You By Level 25,,20200522-1700
https://www.buzzfeed.com/christyz23/take-this-quiz-to-see-how-you-will-blow-up-on-tikt-9km5keymm2?origin=web-hf,What Will You Be TikTok Famous For?,,20200522-1700
https://www.buzzfeed.com/emmamcanaw/masks-made-here-20-off-sale?origin=web-hf,"If You're Bored Of Your Face Mask, Masks Made Here Is Having A 20% Off Sale",,20200522-1700
https://www.buzzfeednews.com/article/albertonardelli/trump-g7-coronavirus?origin=web-hf,Trump Wants To Hold The G7 Summit In Person But He Didn’t Ask Other World Leaders About The Idea Before Tweeting It,,20200522-1700
https://www.buzzfeed.com/mikespohr/mindblowing-facts?origin=web-hf,18 Random Facts That Absolutely Blew People's Minds On Twitter,,20200522-1700
https://www.buzzfeed.com/zipporkella/what-percent-typical-nerd-are-you-c09ywjxe9m?origin=web-hf,"If You Check Off At Least 17/26 Things On This List, Then You're A Total Nerd",,20200522-1700
https://www.buzzfeed.com/tessafahey/iconic-rom-com-checklist?origin=web-hf,How Many Iconic Rom-Coms Have You Actually Seen?,,20200522-1700
/watch/video/105310,"Loren Gray Reads Her Instagram DMs
Loren Gray bravely sits down to do a deep dive into her Instagram DM requests, which include supportive fans, the obligatory haters, and even some marriage proposals from complete strangers. Check out Loren’s new single “Cake” now: https://www.youtube.com/watch?v=klwWrurkjgc",,20200522-1700
https://www.buzzfeed.com/tatianatenreyrowhitlock/lady-gaga-and-ariana-grande-song?origin=web-hf,"Lady Gaga And Ariana Grande Just Made The Weekend More Exciting By Dropping Their Song ""Rain On Me""",,20200522-1700
https://www.buzzfeed.com/tatianatenreyrowhitlock/funniest-tweets-lana-del-rey-instagram-post-drama?origin=web-hf,15 Funny Tweets About The Lana Del Rey Instagram Post Drama,,20200522-1700
https://www.buzzfeed.com/noradominick/celeb-iconic-characters-trivia-quiz?origin=web-hf,These Iconic TV And Movie Characters Were Played By The Same Actor — Can You Tell Them Apart?,,20200522-1700
https://www.buzzfeed.com/jenniferabidor/jokes-about-disney-villains?origin=web-hf,21 Times The Internet Roasted The Disney Villains,,20200522-1700
https://www.buzzfeed.com/tatianatenreyrowhitlock/lana-del-rey-responds-to-backlash-over-instagram-post?origin=web-hf,"Lana Del Rey Responded To The Backlash Toward Her Instagram Post, Saying She's Sad People Made It A ""WOC Issue""",,20200522-1700
https://www.buzzfeed.com/huynht2510/can-we-guess-your-most-recent-emoji-by-this-quiz-eqcv8mgpxb?origin=web-hf,Build A House And We'll Accurately Guess Your Most Recently Used Emoji,,20200522-1700
https://www.buzzfeed.com/farrahpenn/finals-week-zoom-university-fails?origin=web-hf,18 Times The Students Of Zoom University Really Struggled Through Finals Week,,20200522-1700
https://www.buzzfeed.com/mjs538/early-2000s-pictures-for-millennials?origin=web-hf,33 Pictures That Millennials Will Have To Explain To Generation Alpha Someday,,20200522-1700
/watch/video/105538,Can These Exes Be Friends?,,20200522-1700
https://www.buzzfeednews.com/article/laurenstrapagiel/influencers-say-instagram-is-more-likely-to-remove-photos?origin=web-hf,"Influencers Say Instagram Is Biased Against Plus-Size Bodies, And They May Be Right",,20200522-1700
https://www.buzzfeed.com/yiyang/futuristic-products-thatll-probably-make-you-feel-like?origin=web-hf,35 Futuristic Products That’ll Probably Make You Feel Like You’re Living In 3020,,20200522-1700
https://www.buzzfeed.com/morganmurrell/drake-called-kylie-jenner-side-piece-apology?origin=web-hf,"Drake Name-Dropped Kylie Jenner, Kendall Jenner, And Gigi Hadid In A Song, Then Issued An Apology Statement",,20200522-1700
https://www.buzzfeed.com/briangalindo/21-tbt-photos-celebs-posted-on-instagram-may-21?origin=web-hf,Here's What Chrissy Teigen And 20 Other Celebrities Shared This Week For #TBT,,20200522-1700
https://www.buzzfeed.com/christopherhudspeth/oh-come-on-facepalm-that-sucks-things?origin=web-hf,15 Facepalm-Worthy Things Humans Recently Did During This Pandemic That Make Me Hope Aliens Aren't Watching,,20200522-1700
https://www.buzzfeed.com/tatianatenreyrowhitlock/michael-cera-aubrey-plaza-chuck-e-cheese-pic?origin=web-hf,Michael Cera And Aubrey Plaza's Chuck E. Cheese Photo Is Legendary And Now We Have The Whole Story,,20200522-1700
https://www.buzzfeed.com/briangalindo/chris-pratt-accidentally-deleted-over-35000-unread-emails?origin=web-hf,"Chris Pratt Accidentally Deleted More Than 35,000 Unread Emails After His Son Gasped At His Full Inbox",,20200522-1700
https://www.buzzfeednews.com/article/skbaer/ahmaud-arbery-death-william-bryan-arrest?origin=web-hf,The Man Who Recorded Video Of Ahmaud Arbery Being Shot Has Been Arrested On A Murder Charge,,20200522-1700
/watch/video/102332,"I Followed Bretman Rock's Oldest And Newest Makeup Tutorial
""This could either be a revelation or a giant mistake.""",,20200522-1700
https://www.buzzfeed.com/sydrobinson1/before-and-after-pets-being-adopted-quarantine?origin=web-hf,21 Before-And-After Pictures Of Pets Who Were Adopted During Quarantine,,20200522-1700
https://www.buzzfeed.com/daves4/everyone-hates-but-does?origin=web-hf,27 Things Everyone On Earth Hates That They Do But Does Anyway,,20200522-1700
https://www.buzzfeed.com/hannahmarder/teen-drama-characters-that-did-not-need-to-die?origin=web-hf,20 Of The Most Tragically Unnecessary Deaths From Teen Dramas,,20200522-1700
https://www.buzzfeed.com/ehisosifo1/harry-potter-letter-p-trivia-quiz?origin=web-hf,"This ""Harry Potter"" Quiz Will Separate The Wizards From The Muggles And It All Depends On The Letter P",,20200522-1700
https://www.buzzfeed.com/tessafahey/identify-avatar-the-last-airbender-characters-quiz?origin=web-hf,"If You Can Identify 30/36 Of These ""Avatar: The Last Airbender"" Characters, You're A Master Bender",,20200522-1700
https://www.buzzfeed.com/clareaston/my-bibliotherapy-prescription?origin=web-hf,"You Can Now Be ""Prescribed"" Books For Your Mental Health And These Six Were Meant To Help Me",,20200522-1700
https://www.buzzfeed.com/rosethecorgi/choose-some-food-and-revile-your-soulmates-name-7gjir6fim?origin=web-hf,"If You Really Wanna Know The First Letter Of Your Soulmate's Name, Eat Some Food And We'll Tell You",,20200522-1700
https://www.buzzfeed.com/mjs538/rose-on-90-day-fiance-and-big-ed?origin=web-hf,We Need To Stop Talking About Big Ed And Start Talking About Rose,,20200522-1700
/watch/video/105809,"The ""Outer Banks"" Cast Answers Your Burning Questions
Your favorite Pogues return as the cast of the hit Netflix series “Outer Banks” (Chase Stokes, Madelyn Cline, Madison Bailey, Rudy Pankow, and Jonathan Daviss) all sit down to answer your burning questions, from how their lives have changed since the show’s debut, to what they think will happen in season two, all the way to which major roles they’ve auditioned for in the past but didn’t get…which leads to one cast member revealing that he very nearly spent some time in a galaxy far, far away.",,20200522-1700
https://www.buzzfeed.com/isabellalouise/can-you-sort-these-hogwarts-students-in-their-righ-klzvv4gs4?origin=web-hf,Only A Hogwarts Genius Can Match The Student To The House They Were Sorted Into,,20200522-1700
https://www.buzzfeed.com/christopherhudspeth/people-believed-there-was-evidence-of-a-parallel-universe?origin=web-hf,"17 Of The Funniest Tweets About The Discovery Of ""Evidence"" That A Parallel Universe Exists",,20200522-1700
https://www.buzzfeed.com/ehisosifo1/drastic-americas-next-top-model-makeovers?origin=web-hf,"23 ""ANTM"" Makeovers That Tyra Banks Actually Assigned To Contestants",,20200522-1700
https://www.buzzfeed.com/alliehayes/books-so-good-you-cannot-put-them-down-flipped?origin=web-hf,"21 Books That Are So Good, People Literally Could Not Put Them Down",,20200522-1700
https://www.buzzfeed.com/fallon2/what-hunger-games-characters-belong-in-these-hogwa-ckb6eid9yq?origin=web-hf,"Would You Sort These Characters From ""The Hunger Games"" Into The Same Hogwarts Houses As Everyone Else?",,20200522-1700
https://www.buzzfeed.com/juliawilling/for-everyone-in-love-with-boxer?origin=web-hf,"Boxer From ""White Lines"" Is Pure Sexual Dynamo And These 23 Tweets Prove It",,20200522-1700
https://www.buzzfeed.com/avaerickson04/which-disney-prince-do-you-belong-with-1mtuff45b1?origin=web-hf,Which Disney Prince Is Your Soulmate?,,20200522-1700
https://www.buzzfeed.com/stephenlaconte/lana-del-rey-controversy-beyonce-ariana-grande-cardi-b?origin=web-hf,"Lana Del Rey Seemed To Drag Artists Like Beyoncé, Cardi B, And Ariana Grande In A Statement On Instagram, And People Are Pissed",,20200522-1700
/watch/video/103610,Gadiel Gets Financial Tips For Surviving This Pandemic,,20200522-1700
https://www.buzzfeed.com/stephenlaconte/oprah-winfrey-big-cabbage-instagram?origin=web-hf,"Oprah Grew A Cabbage So Big She Could Barely Carry It, And You Really Need To See It To Believe It's Real",,20200522-1700
https://www.buzzfeed.com/marielasummerhays01/therapy-is-for-men?origin=web-hf,These 7 Men Will Convince You Therapy Is For Everyone,,20200522-1700
https://www.buzzfeed.com/kristatorres/little-bugs-live-in-strawberries-so-you-should-al?origin=web-hf,"If You Wash Berries In Salt Water, Little Bugs Will Start To Crawl Out",,20200522-1700
https://www.buzzfeed.com/daniellaemanuel/water-popsicles-tiktok?origin=web-hf,"A Mom On TikTok Makes ""Water Popsicles"" For Her Kids And I'm Cracking Up",,20200522-1700
https://www.buzzfeednews.com/article/michaelblackmon/lana-del-rey-instagram-post-race?origin=web-hf,This Is Why People Are Mad At Lana Del Rey,,20200522-1700
https://www.buzzfeed.com/katdo0907/the-office-and-friends-polls-1v8n4ssmtp?origin=web-hf,"These Polls Are For Fans Of ""Friends"" And ""The Office"" Only",,20200522-1700
https://www.buzzfeed.com/ryanschocket2/people-are-sharing-the-worst-coworker-theyve-worked-with?origin=web-hf,"People Are Sharing The Worst Coworker They've Worked With And Wow, Just Wow",,20200522-1700
https://www.buzzfeed.com/anoushkagadhwal/the-ultimate-harry-potter-and-the-sorcereras-sto-cn37ve6nwu?origin=web-hf,"I Bet You Can't Score 10/13 On This ""Harry Potter And The Sorcerer’s Stone"" Book Quiz",,20200522-1700
/watch/video/103666,"Black Family Tries Each Others' Chocolate Chip Cookies
""I'm lactose intolerant, I don't need this!""",,20200522-1700
https://www.buzzfeednews.com,BuzzFeed NewsReporting on what you care about. We hold major institutions accountable and expose wrongdoing.,,20200522-1730
https://www.tasty.co,"BuzzFeed TastySearch, watch, and cook every single Tasty recipe and video ever - all in one place!",,20200522-1730
https://www.buzzfeed.com/goodful,"BuzzFeed GoodfulSelf care and ideas to help you live a healthier, happier life.",,20200522-1730
https://www.buzzfeed.com/bringme,"BuzzFeed Bring MeObsessed with travel? Discover unique things to do, places to eat, and sights to see in the best destinations around the world with Bring Me!",,20200522-1730
https://www.buzzfeed.com/asis,"BuzzFeed As IsSomething for everyone interested in hair, makeup, style, and body positivity.",,20200522-1730
https://www.buzzfeed.com/mjs538/martha-stewart-posted-an-extremely-sexual-instagram-caption?ref=hpsplash&origin=spl,Martha Stewart Posted An Extremely Sexual Instagram Caption About Chicken And I’m Losing My Mind,,20200522-1730
https://www.buzzfeed.com/jmihaly/home-long-run-benefits?origin=hpp,31 Somewhat Random Things To Buy For Your Home That'll Benefit You In The Long Run,,20200522-1730
https://www.buzzfeed.com/newsletters?ref=hplego,"WTF Is Happening Today? BuzzFeed Newsletters Can Help!
We have newsletters to help you stay in the loop AND newsletters to help you forget! Try one today!",,20200522-1730
https://www.buzzfeed.com/kristatorres/celebrity-kids-who-have-basically-became-adults?origin=web-hf,10 Famous Kids Who Have Basically Became Adults Since I Last Blinked My Eyes,,20200522-1730
https://www.buzzfeed.com/kellymartinez/tired-of-video-meetings?origin=web-hf,"16 Tweets For Everyone Who Is Really, Really Tired Of Video Calls And Meetings",,20200522-1730
https://www.buzzfeed.com/andrewziegler/quiz-party?origin=shp,"You Can Now Take BuzzFeed Quizzes In Real Time With Your Friends — You’re Welcome
Let’s get this party started.",,20200522-1730
https://www.buzzfeed.com/jenniferabidor/friends-a-to-z?origin=shp,"This ""Friends"" A–Z Quiz Will Reveal Which Main Character You Are",,20200522-1730
https://www.buzzfeed.com/sarahaspler/taste-in-disney-movies-age-quiz?origin=shp,Can We Accurately Guess Your Age Based On Your Taste In Disney Movies?,,20200522-1730
https://www.buzzfeed.com/andrewziegler/quiz-romantic-type?origin=shp,There Are Actually Only Four Romantic Types And We Can Accurately Guess Yours,,20200522-1730
https://www.buzzfeed.com/sarahaspler/everyone-has-a-fruit-that-matches-their-personalit?origin=shp,Everyone Has A Fruit That Matches Their Personality – Here’s Yours,,20200522-1730
https://www.buzzfeed.com/quizparty,Keep the quiz party going,,20200522-1730
https://www.buzzfeed.com/josieayre1/super-cute-animal-tweets-that-will-melt-your-heart?origin=web-hf,21 Wholesome Tweets About Animals That Prove How Ridiculous They Are,,20200522-1730
https://www.buzzfeed.com/valentinamustafa/we-can-guess-the-initials-of-your-soulmate-by-your-3xftdit82c?origin=web-hf,Your Taste In Music Will Reveal Your Future Soulmate's Initials,,20200522-1730
https://www.buzzfeed.com/maitlandquitmeyer/best-memorial-day-sales-deals-2020?origin=hshp,"All The Best Memorial Day Weekend Deals
The savings start now.",,20200522-1730
https://www.buzzfeed.com/kaylasuazo/all-the-best-memorial-day-mattress-sales-2020?origin=hshp,All Of The Best Memorial Day Mattress Sales,,20200522-1730
https://www.buzzfeed.com/emmalord9/best-deals-wayfair-memorial-day-sale?origin=hshp,All The Best Deals At Wayfair's Memorial Day Sale,,20200522-1730
https://www.buzzfeed.com/abbykass/zappos-memorial-day-sale?origin=hshp,You Can Save On *So* Many Popular Shoes During The Zappos Memorial Day Sale,,20200522-1730
https://www.buzzfeed.com/elenamgarcia/dyson-is-having-a-pretty-major-memorial-day-sale-no-better?origin=hshp,Dyson Is Having A Pretty Major Memorial Day Sale — No Better Time Than Now To Get Yourself A New Vacuum,,20200522-1730
https://www.buzzfeed.com/shopping?origin=hshp,See more great product recommendations,,20200522-1730
https://www.buzzfeed.com/kaylayandoli/these-random-questions-will-reveal-the-decade-you-were-born?origin=web-hf,I Know The Decade You Were Born In Based On How You Answer These 15 Questions,,20200522-1730
https://www.buzzfeed.com/farrahpenn/phytophotodermatitis-sunlight-lime-photos?origin=web-hf,These Graphic Pictures Show What Can Happen If You Go Outside After Handling Limes,,20200522-1730
https://www.buzzfeednews.com/article/danvergano/coronavirus-malaria-drug-trump-deadly-hydroxychloroquine?origin=shp,"A New Study Says The Malaria Drug Touted (And Taken) By Trump Looks Deadly For Coronavirus Patients
“If there was ever hope for this drug, this is the death of it.”
2 hours ago",,20200522-1730
https://www.buzzfeednews.com/article/danvergano/coronavirus-tips-spike-loop-protein-symptoms-death?origin=shp,The Coronavirus Has A Mysterious “Loop” That Lets It Quickly Attack Human Lungs. Here’s How It Works.,,20200522-1730
https://www.buzzfeednews.com/article/janelytvynenko/coronavirus-spin-doctors?origin=shp,These Are The Fake Experts Pushing Pseudoscience And Conspiracy Theories About The Coronavirus Pandemic,,20200522-1730
https://www.buzzfeednews.com/article/davidmack/coronavirus-trump-test-positive-negative-answer-video?origin=shp,"Positive News! Trump Says He Tested Positively, Which Means Negative, For The Coronavirus.",,20200522-1730
https://www.buzzfeednews.com/article/clarissajanlim/doctor-congressional-hearing-coronavirus-second-wave-ppe?origin=shp,"A Doctor Told Lawmakers The Country Is Not ""Prepared For A Second Wave"" Of The Coronavirus",,20200522-1730
https://bzfd.it/noc-show,The daily News O'Clock podcast is here.,,20200522-1730
https://www.buzzfeed.com/daves4/childhood-house-quiz?origin=web-hf,"Sorry, But If You're Over 30 It's Pretty Much Impossible To Pass This Quiz",,20200522-1730
https://www.buzzfeednews.com/article/ryancbrooks/joe-biden-charlamagne-black-breakfast-club?origin=web-hf,"Joe Biden Told Charlamagne He ""Ain't Black"" If He's Having Trouble Deciding Whether To Vote For Him Or Trump",,20200522-1730
https://www.buzzfeed.com/pablovaldivia/cats-being-rude?origin=web-hf,21 Cats Who Know They're Adorable Jerks And Are Proud Of It,,20200522-1730
https://www.buzzfeednews.com/article/davidmack/son-stabs-dad-murder-zoom-call?origin=web-hf,A Guy Was On A Zoom Call When His Son Allegedly Stabbed Him To Death,,20200522-1730
https://www.buzzfeed.com/lyapalater/things-famous-people-were-photographed-doing-this-week-5-22?origin=web-hf,16 Things Famous People Were Photographed Doing This Week,,20200522-1730
https://www.buzzfeed.com/victoriavouloumanos/stars-who-are-mixed-asian-pacific-islander?origin=shp,"34 Multiracial Celebs Who Are Actually Asian Or Pacific Islander
Relatable and inspirational icons, all of ‘em.",,20200522-1730
https://www.buzzfeed.com/nusrat21/a-guide-for-people-new-to-bollywood?origin=shp,30 Bollywood Films That Everyone Absolutely Must See,,20200522-1730
https://www.buzzfeed.com/michellemkim/asian-male-celebs-thirst?origin=shp,21 Asian Male Celebs That Have Us Feeling Oh So Very Thirsty,,20200522-1730
https://www.buzzfeed.com/michellemkim/which-anime-best-boy-are-you?origin=shp,Quiz: Which Anime Best Boy Are You?,,20200522-1730
https://www.buzzfeed.com/badge/apahm2020,See all of our APAHM coverage here,,20200522-1730
/watch/video/105061,"I Tried Boba Ice Cream From This Viral Ice Cream Shop
Follow Jasmine for more travel & food content! https://www.instagram.com/jasminepak/ ✨ Boba pints are only available online during Online Pint Drops. They will be available in-store at the opening of the Fairfax location in June! Check https://www.wanderlustcreamery.com/ for their latest updates for availability.",,20200522-1730
https://www.buzzfeed.com/eleanorbate/kristen-bell-daughter-diapers-mom-shaming?origin=web-hf,"Kristen Bell Opened Up About Mom-Shaming And Revealed Her Five-Year-Old Daughter Is ""Still In Diapers""",,20200522-1730
https://www.buzzfeed.com/buzzfeedresearch/civicscience-main3-buzz,Let Your Voice Be Heard. Tell Us Your Opinions!,,20200522-1730
https://www.buzzfeed.com/lakenbrooks222/eat-your-favorite-desserts-and-well-tell-you-whic-yf5ecuouc?origin=web-hf,Eat Your Favorite Desserts And We'll Tell You Which Disney Villain You Are,,20200522-1730
https://www.buzzfeed.com/elliewoodward/kristin-cavallaris-friend-kelly-henderson-instagram-drama?origin=web-hf,Kristin Cavallari's Ex-Best Friend Is Being Dragged In Her Instagram Comments Over Jay Cutler Again And This Time She’s Responded,,20200522-1730
https://www.buzzfeed.com/soothnessbyshubhamg/here-are-disney-movies-10-supporting-characters-9rq6ct7w5j?origin=web-hf,Can You Match The Supporting Character To The Disney Movie?,,20200522-1730
https://www.buzzfeed.com/leonielove/are-you-a-disney-nerd-even-if-you-arent-you-can-bpsaewfmso?origin=web-hf,Only A True Disney Nerd Can Score At Least 6/7 On This Disney Movie Quiz,,20200522-1730
https://www.buzzfeed.com/whitneyjefferson/tuca-bertie-coming-back-to-adult-swim-2021?origin=web-hf,"""Tuca & Bertie"" Is Coming Back From Cancellation To Adult Swim",,20200522-1730
https://www.buzzfeed.com/melanie_aman/what-is-the-best-place-to-buy-bras-if-you-have-small-boobs,What's The Best Place To Buy Bras If You Have Small Boobs?,,20200522-1730
/watch/video/102294,"We Didn't Use Toilet Paper For A Week 
Auri gets Steve to try reusable toilet paper, will he like it?",,20200522-1730
https://www.buzzfeed.com/bluewave/choose-a-makeup-routine-and-well-guess-your-eye-c-3l7xx9lyjo?origin=web-hf,Create A Makeup Routine And We'll Guess Your Eye Color With 91% Accuracy,,20200522-1730
https://www.buzzfeed.com/morgansloss1/sorry-but-you-can-only-pick-one-movie-character-for-every?origin=web-hf,Let's See If You'd Pick The Same Movie Character For Every Letter Of The Alphabet As Everyone Else,,20200522-1730
https://www.buzzfeed.com/laurengarafano/pick-one-hot-guy-per-teen-drama-poll?origin=web-hf,I Regret To Inform You That You Can Only Pick One Hot Guy Per TV Show,,20200522-1730
https://www.buzzfeed.com/kaylaboyd/laundry-tips-our-readers-actually-swear-by?origin=web-hf,17 Laundry Tips Our Readers Actually Swear By,,20200522-1730
https://www.buzzfeed.com/sam_cleal/guess-the-celeb-by-their-parent-quiz?origin=web-hf,Here Are 16 Celebrity Parents – If You Can Match At Least Half To Their Child I'll Be Impressed,,20200522-1730
https://www.buzzfeed.com/benhenry/demi-lovato-boyfriend-max-ehrich-old-tweet?origin=web-hf,Demi Lovato Shared An Old Tweet Her Boyfriend Posted In 2011 About Wanting To Date Her And The Whole Thing Is Super Cute,,20200522-1730
https://www.buzzfeed.com/terrycarter/jeannie-mai-quarantine-interview?origin=web-hf,"Jeannie Mai Shared 23 Things She's Been Up To While Stuck At Home, And It Includes Watching ""Tiger King,"" Obviously",,20200522-1730
https://www.buzzfeed.com/audreyworboys/17-popular-quizzes-this-week?origin=web-hf,"17 Quizzes From This Week That Are All Hits, Each And Every One Of Them",,20200522-1730
/watch/video/99501,"Boricua From The Island vs The Mainland 
Love one another, Puerto Ricans from around the world!",,20200522-1730
https://www.buzzfeed.com/sp177/if-you-can-name-all-10-of-these-animals-from-frien-f9ehybf6k8?origin=web-hf,"You Might Be Obsessed With ""Friends"" If You Can Pass This ""Jeopardy!"" Trivia Quiz About The Animals In The Show",,20200522-1730
https://www.buzzfeed.com/frazyeah/plan-a-european-road-trip-and-ill-give-you-an-und-d9677ttbfw?origin=web-hf,We'll Give You An Underrated Netflix Movie To Watch Based On The European Road Trip You Plan,,20200522-1730
https://www.buzzfeed.com/nusrat21/eloquii-sale-post-50-percent-off-sale?origin=web-hf,Eloquii Is Giving 50% Off On Items Already On Sale And Your Summer Wardrobe Is About To Be The Most Stylish It's Ever Been,,20200522-1730
https://www.buzzfeed.com/malloryannp/bed-frames-thatll-basically-be-the-star-of-your-bedroom?origin=web-hf,29 Bed Frames That'll Basically Be The Star Of Your Bedroom,,20200522-1730
https://www.buzzfeed.com/hannahmarder/can-you-name-a-harry-potter-character-for-every-letter-of?origin=web-hf,"Only True Potterheads Will Be Able To Name A ""Harry Potter"" Character For Every Letter Of The Alphabet",,20200522-1730
https://www.buzzfeednews.com/article/henrygomez/val-demings-joe-biden-vice-president?origin=web-hf,Val Demings Is On Joe Biden’s VP List. She Says She Has The “Real Life” Experience For The Job.,,20200522-1730
https://www.buzzfeed.com/katyherman/modcloth-memorial-day-sale?origin=web-hf,"If You're Looking For Cute Summer Clothes, Everything At ModCloth Is 30%-40% Off For Memorial Day",,20200522-1730
https://www.buzzfeed.com/melanie_aman/backcountry-memorial-day-weekend-sale-up-to-50-off?origin=web-hf,Score Up To 50% Off Backcountry's Summer Essentials This Memorial Day,,20200522-1730
/watch/video/105540,"Camp Counselor Horror Stories
In honor of summer former camp counselors share their craziest, weirdest and funniest experiences from camp.",,20200522-1730
https://www.buzzfeed.com/almondmilk24/are-you-more-like-shrek-or-donkey-from-the-shrek-m-b2yysxzsot?origin=web-hf,This Personality Quiz Will Determine If You're More Like Shrek Or Donkey,,20200522-1730
https://www.buzzfeed.com/hanifahrahman/what-tv-show-inconsistency-will-you-never-forget?origin=web-hf,Tell Us The Most Annoying TV Inconsistency You Know,,20200522-1730
https://www.buzzfeednews.com/article/tanyachen/are-shady-instagram-giveaways-the-new-mlms?origin=web-hf,These Controversial Loop Giveaways On Instagram Have Some Things In Common With MLMs,,20200522-1730
https://www.buzzfeed.com/kylerichmond/really-hard-quiz-about-canada?origin=web-hf,This Random Knowledge Quiz On Canada Will Stump You By Level 25,,20200522-1730
https://www.buzzfeed.com/christyz23/take-this-quiz-to-see-how-you-will-blow-up-on-tikt-9km5keymm2?origin=web-hf,What Will You Be TikTok Famous For?,,20200522-1730
https://www.buzzfeed.com/emmamcanaw/masks-made-here-20-off-sale?origin=web-hf,"If You're Bored Of Your Face Mask, Masks Made Here Is Having A 20% Off Sale",,20200522-1730
https://www.buzzfeednews.com/article/albertonardelli/trump-g7-coronavirus?origin=web-hf,Trump Wants To Hold The G7 Summit In Person But He Didn’t Ask Other World Leaders About The Idea Before Tweeting It,,20200522-1730
https://www.buzzfeed.com/mikespohr/mindblowing-facts?origin=web-hf,18 Random Facts That Absolutely Blew People's Minds On Twitter,,20200522-1730
/watch/video/105310,"Loren Gray Reads Her Instagram DMs
Loren Gray bravely sits down to do a deep dive into her Instagram DM requests, which include supportive fans, the obligatory haters, and even some marriage proposals from complete strangers. Check out Loren’s new single “Cake” now: https://www.youtube.com/watch?v=klwWrurkjgc",,20200522-1730
https://www.buzzfeed.com/zipporkella/what-percent-typical-nerd-are-you-c09ywjxe9m?origin=web-hf,"If You Check Off At Least 17/26 Things On This List, Then You're A Total Nerd",,20200522-1730
https://www.buzzfeed.com/tessafahey/iconic-rom-com-checklist?origin=web-hf,How Many Iconic Rom-Coms Have You Actually Seen?,,20200522-1730
https://www.buzzfeed.com/tatianatenreyrowhitlock/funniest-tweets-lana-del-rey-instagram-post-drama?origin=web-hf,15 Funny Tweets About The Lana Del Rey Instagram Post Drama,,20200522-1730
https://www.buzzfeed.com/tatianatenreyrowhitlock/lady-gaga-and-ariana-grande-song?origin=web-hf,"Lady Gaga And Ariana Grande Just Made The Weekend More Exciting By Dropping Their Song ""Rain On Me""",,20200522-1730
https://www.buzzfeed.com/noradominick/celeb-iconic-characters-trivia-quiz?origin=web-hf,These Iconic TV And Movie Characters Were Played By The Same Actor — Can You Tell Them Apart?,,20200522-1730
https://www.buzzfeed.com/jenniferabidor/jokes-about-disney-villains?origin=web-hf,21 Times The Internet Roasted The Disney Villains,,20200522-1730
https://www.buzzfeed.com/tatianatenreyrowhitlock/lana-del-rey-responds-to-backlash-over-instagram-post?origin=web-hf,"Lana Del Rey Responded To The Backlash Toward Her Instagram Post, Saying She's Sad People Made It A ""WOC Issue""",,20200522-1730
https://www.buzzfeed.com/huynht2510/can-we-guess-your-most-recent-emoji-by-this-quiz-eqcv8mgpxb?origin=web-hf,Build A House And We'll Accurately Guess Your Most Recently Used Emoji,,20200522-1730
/watch/video/105538,Can These Exes Be Friends?,,20200522-1730
https://www.buzzfeed.com/farrahpenn/finals-week-zoom-university-fails?origin=web-hf,18 Times The Students Of Zoom University Really Struggled Through Finals Week,,20200522-1730
https://www.buzzfeed.com/mjs538/early-2000s-pictures-for-millennials?origin=web-hf,33 Pictures That Millennials Will Have To Explain To Generation Alpha Someday,,20200522-1730
https://www.buzzfeednews.com/article/laurenstrapagiel/influencers-say-instagram-is-more-likely-to-remove-photos?origin=web-hf,"Influencers Say Instagram Is Biased Against Plus-Size Bodies, And They May Be Right",,20200522-1730
https://www.buzzfeed.com/morganmurrell/drake-called-kylie-jenner-side-piece-apology?origin=web-hf,"Drake Name-Dropped Kylie Jenner, Kendall Jenner, And Gigi Hadid In A Song, Then Issued An Apology Statement",,20200522-1730
https://www.buzzfeed.com/yiyang/futuristic-products-thatll-probably-make-you-feel-like?origin=web-hf,35 Futuristic Products That’ll Probably Make You Feel Like You’re Living In 3020,,20200522-1730
https://www.buzzfeed.com/christopherhudspeth/oh-come-on-facepalm-that-sucks-things?origin=web-hf,15 Facepalm-Worthy Things Humans Recently Did During This Pandemic That Make Me Hope Aliens Aren't Watching,,20200522-1730
https://www.buzzfeed.com/briangalindo/21-tbt-photos-celebs-posted-on-instagram-may-21?origin=web-hf,Here's What Chrissy Teigen And 20 Other Celebrities Shared This Week For #TBT,,20200522-1730
https://www.buzzfeed.com/tatianatenreyrowhitlock/michael-cera-aubrey-plaza-chuck-e-cheese-pic?origin=web-hf,Michael Cera And Aubrey Plaza's Chuck E. Cheese Photo Is Legendary And Now We Have The Whole Story,,20200522-1730
/watch/video/102332,"I Followed Bretman Rock's Oldest And Newest Makeup Tutorial
""This could either be a revelation or a giant mistake.""",,20200522-1730
https://www.buzzfeed.com/briangalindo/chris-pratt-accidentally-deleted-over-35000-unread-emails?origin=web-hf,"Chris Pratt Accidentally Deleted More Than 35,000 Unread Emails After His Son Gasped At His Full Inbox",,20200522-1730
https://www.buzzfeednews.com/article/skbaer/ahmaud-arbery-death-william-bryan-arrest?origin=web-hf,The Man Who Recorded Video Of Ahmaud Arbery Being Shot Has Been Arrested On A Murder Charge,,20200522-1730
https://www.buzzfeed.com/sydrobinson1/before-and-after-pets-being-adopted-quarantine?origin=web-hf,21 Before-And-After Pictures Of Pets Who Were Adopted During Quarantine,,20200522-1730
https://www.buzzfeed.com/daves4/everyone-hates-but-does?origin=web-hf,27 Things Everyone On Earth Hates That They Do But Does Anyway,,20200522-1730
https://www.buzzfeed.com/hannahmarder/teen-drama-characters-that-did-not-need-to-die?origin=web-hf,20 Of The Most Tragically Unnecessary Deaths From Teen Dramas,,20200522-1730
https://www.buzzfeed.com/ehisosifo1/harry-potter-letter-p-trivia-quiz?origin=web-hf,"This ""Harry Potter"" Quiz Will Separate The Wizards From The Muggles And It All Depends On The Letter P",,20200522-1730
https://www.buzzfeed.com/tessafahey/identify-avatar-the-last-airbender-characters-quiz?origin=web-hf,"If You Can Identify 30/36 Of These ""Avatar: The Last Airbender"" Characters, You're A Master Bender",,20200522-1730
https://www.buzzfeed.com/clareaston/my-bibliotherapy-prescription?origin=web-hf,"You Can Now Be ""Prescribed"" Books For Your Mental Health And These Six Were Meant To Help Me",,20200522-1730
/watch/video/105809,"The ""Outer Banks"" Cast Answers Your Burning Questions
Your favorite Pogues return as the cast of the hit Netflix series “Outer Banks” (Chase Stokes, Madelyn Cline, Madison Bailey, Rudy Pankow, and Jonathan Daviss) all sit down to answer your burning questions, from how their lives have changed since the show’s debut, to what they think will happen in season two, all the way to which major roles they’ve auditioned for in the past but didn’t get…which leads to one cast member revealing that he very nearly spent some time in a galaxy far, far away.",,20200522-1730
https://www.buzzfeed.com/rosethecorgi/choose-some-food-and-revile-your-soulmates-name-7gjir6fim?origin=web-hf,"If You Really Wanna Know The First Letter Of Your Soulmate's Name, Eat Some Food And We'll Tell You",,20200522-1730
https://www.buzzfeed.com/mjs538/rose-on-90-day-fiance-and-big-ed?origin=web-hf,We Need To Stop Talking About Big Ed And Start Talking About Rose,,20200522-1730
https://www.buzzfeed.com/isabellalouise/can-you-sort-these-hogwarts-students-in-their-righ-klzvv4gs4?origin=web-hf,Only A Hogwarts Genius Can Match The Student To The House They Were Sorted Into,,20200522-1730
https://www.buzzfeed.com/christopherhudspeth/people-believed-there-was-evidence-of-a-parallel-universe?origin=web-hf,"17 Of The Funniest Tweets About The Discovery Of ""Evidence"" That A Parallel Universe Exists",,20200522-1730
https://www.buzzfeed.com/ehisosifo1/drastic-americas-next-top-model-makeovers?origin=web-hf,"23 ""ANTM"" Makeovers That Tyra Banks Actually Assigned To Contestants",,20200522-1730
https://www.buzzfeed.com/alliehayes/books-so-good-you-cannot-put-them-down-flipped?origin=web-hf,"21 Books That Are So Good, People Literally Could Not Put Them Down",,20200522-1730
https://www.buzzfeed.com/fallon2/what-hunger-games-characters-belong-in-these-hogwa-ckb6eid9yq?origin=web-hf,"Would You Sort These Characters From ""The Hunger Games"" Into The Same Hogwarts Houses As Everyone Else?",,20200522-1730
https://www.buzzfeed.com/juliawilling/for-everyone-in-love-with-boxer?origin=web-hf,"Boxer From ""White Lines"" Is Pure Sexual Dynamo And These 23 Tweets Prove It",,20200522-1730
/watch/video/103610,Gadiel Gets Financial Tips For Surviving This Pandemic,,20200522-1730
https://www.buzzfeed.com/avaerickson04/which-disney-prince-do-you-belong-with-1mtuff45b1?origin=web-hf,Which Disney Prince Is Your Soulmate?,,20200522-1730
https://www.buzzfeed.com/stephenlaconte/oprah-winfrey-big-cabbage-instagram?origin=web-hf,"Oprah Grew A Cabbage So Big She Could Barely Carry It, And You Really Need To See It To Believe It's Real",,20200522-1730
https://www.buzzfeed.com/marielasummerhays01/therapy-is-for-men?origin=web-hf,These 7 Men Will Convince You Therapy Is For Everyone,,20200522-1730
https://www.buzzfeed.com/stephenlaconte/lana-del-rey-controversy-beyonce-ariana-grande-cardi-b?origin=web-hf,"Lana Del Rey Seemed To Drag Artists Like Beyoncé, Cardi B, And Ariana Grande In A Statement On Instagram, And People Are Pissed",,20200522-1730
https://www.buzzfeed.com/kristatorres/little-bugs-live-in-strawberries-so-you-should-al?origin=web-hf,"If You Wash Berries In Salt Water, Little Bugs Will Start To Crawl Out",,20200522-1730
https://www.buzzfeed.com/daniellaemanuel/water-popsicles-tiktok?origin=web-hf,"A Mom On TikTok Makes ""Water Popsicles"" For Her Kids And I'm Cracking Up",,20200522-1730
https://www.buzzfeednews.com/article/michaelblackmon/lana-del-rey-instagram-post-race?origin=web-hf,This Is Why People Are Mad At Lana Del Rey,,20200522-1730
https://www.buzzfeed.com/katdo0907/the-office-and-friends-polls-1v8n4ssmtp?origin=web-hf,"These Polls Are For Fans Of ""Friends"" And ""The Office"" Only",,20200522-1730
/watch/video/103666,"Black Family Tries Each Others' Chocolate Chip Cookies
""I'm lactose intolerant, I don't need this!""",,20200522-1730
https://www.buzzfeednews.com,BuzzFeed NewsReporting on what you care about. We hold major institutions accountable and expose wrongdoing.,,20200522-1800
https://www.tasty.co,"BuzzFeed TastySearch, watch, and cook every single Tasty recipe and video ever - all in one place!",,20200522-1800
https://www.buzzfeed.com/goodful,"BuzzFeed GoodfulSelf care and ideas to help you live a healthier, happier life.",,20200522-1800
https://www.buzzfeed.com/bringme,"BuzzFeed Bring MeObsessed with travel? Discover unique things to do, places to eat, and sights to see in the best destinations around the world with Bring Me!",,20200522-1800
https://www.buzzfeed.com/asis,"BuzzFeed As IsSomething for everyone interested in hair, makeup, style, and body positivity.",,20200522-1800
https://www.buzzfeed.com/mjs538/martha-stewart-posted-an-extremely-sexual-instagram-caption?ref=hpsplash&origin=spl,Martha Stewart Posted An Extremely Sexual Instagram Caption About Chicken And I’m Losing My Mind,,20200522-1800
https://www.buzzfeed.com/jmihaly/home-long-run-benefits?origin=hpp,31 Somewhat Random Things To Buy For Your Home That'll Benefit You In The Long Run,,20200522-1800
https://www.buzzfeed.com/newsletters?ref=hplego,"WTF Is Happening Today? BuzzFeed Newsletters Can Help!
We have newsletters to help you stay in the loop AND newsletters to help you forget! Try one today!",,20200522-1800
https://www.buzzfeed.com/kristatorres/celebrity-kids-who-have-basically-became-adults?origin=web-hf,10 Famous Kids Who Have Basically Became Adults Since I Last Blinked My Eyes,,20200522-1800
https://www.buzzfeed.com/morganmurrell/celebrity-instagrams-this-week-5-22-2020?origin=web-hf,18 Celebrity Instagrams You Probably Missed This Week,,20200522-1800
https://www.buzzfeed.com/andrewziegler/quiz-party?origin=shp,"You Can Now Take BuzzFeed Quizzes In Real Time With Your Friends — You’re Welcome
Let’s get this party started.",,20200522-1800
https://www.buzzfeed.com/jenniferabidor/friends-a-to-z?origin=shp,"This ""Friends"" A–Z Quiz Will Reveal Which Main Character You Are",,20200522-1800
https://www.buzzfeed.com/sarahaspler/taste-in-disney-movies-age-quiz?origin=shp,Can We Accurately Guess Your Age Based On Your Taste In Disney Movies?,,20200522-1800
https://www.buzzfeed.com/andrewziegler/quiz-romantic-type?origin=shp,There Are Actually Only Four Romantic Types And We Can Accurately Guess Yours,,20200522-1800
https://www.buzzfeed.com/sarahaspler/everyone-has-a-fruit-that-matches-their-personalit?origin=shp,Everyone Has A Fruit That Matches Their Personality – Here’s Yours,,20200522-1800
https://www.buzzfeed.com/quizparty,Keep the quiz party going,,20200522-1800
https://www.buzzfeed.com/kellymartinez/tired-of-video-meetings?origin=web-hf,Just A Bunch Of Tweets For You To Laugh At While You Sit Through Your 50th Video Call Meeting Of The Day,,20200522-1800
https://www.buzzfeed.com/josieayre1/super-cute-animal-tweets-that-will-melt-your-heart?origin=web-hf,21 Wholesome Tweets About Animals That Prove How Ridiculous They Are,,20200522-1800
https://www.buzzfeed.com/maitlandquitmeyer/best-memorial-day-sales-deals-2020?origin=hshp,"All The Best Memorial Day Weekend Deals
The savings start now.",,20200522-1800
https://www.buzzfeed.com/kaylasuazo/all-the-best-memorial-day-mattress-sales-2020?origin=hshp,All Of The Best Memorial Day Mattress Sales,,20200522-1800
https://www.buzzfeed.com/emmalord9/best-deals-wayfair-memorial-day-sale?origin=hshp,All The Best Deals At Wayfair's Memorial Day Sale,,20200522-1800
https://www.buzzfeed.com/abbykass/zappos-memorial-day-sale?origin=hshp,You Can Save On *So* Many Popular Shoes During The Zappos Memorial Day Sale,,20200522-1800
https://www.buzzfeed.com/elenamgarcia/dyson-is-having-a-pretty-major-memorial-day-sale-no-better?origin=hshp,Dyson Is Having A Pretty Major Memorial Day Sale — No Better Time Than Now To Get Yourself A New Vacuum,,20200522-1800
https://www.buzzfeed.com/shopping?origin=hshp,See more great product recommendations,,20200522-1800
https://www.buzzfeed.com/marietelling/pantry-staple-recipes-on-a-budget?origin=web-hf,8 Non-Perishables That Belong In Every Kitchen (And How To Turn Them Into Meals),,20200522-1800
https://www.buzzfeed.com/whitneyjefferson/new-movies-being-released-may-22-2020?origin=web-hf,Here Are All Of The Movies You Can Stream Or Rent This Weekend,,20200522-1800
https://www.buzzfeednews.com/article/danvergano/coronavirus-malaria-drug-trump-deadly-hydroxychloroquine?origin=shp,"A New Study Says The Malaria Drug Touted (And Taken) By Trump Looks Deadly For Coronavirus Patients
“If there was ever hope for this drug, this is the death of it.”
3 hours ago",,20200522-1800
https://www.buzzfeednews.com/article/danvergano/coronavirus-tips-spike-loop-protein-symptoms-death?origin=shp,The Coronavirus Has A Mysterious “Loop” That Lets It Quickly Attack Human Lungs. Here’s How It Works.,,20200522-1800
https://www.buzzfeednews.com/article/janelytvynenko/coronavirus-spin-doctors?origin=shp,These Are The Fake Experts Pushing Pseudoscience And Conspiracy Theories About The Coronavirus Pandemic,,20200522-1800
https://www.buzzfeednews.com/article/davidmack/coronavirus-trump-test-positive-negative-answer-video?origin=shp,"Positive News! Trump Says He Tested Positively, Which Means Negative, For The Coronavirus.",,20200522-1800
https://www.buzzfeednews.com/article/clarissajanlim/doctor-congressional-hearing-coronavirus-second-wave-ppe?origin=shp,"A Doctor Told Lawmakers The Country Is Not ""Prepared For A Second Wave"" Of The Coronavirus",,20200522-1800
https://bzfd.it/noc-show,The daily News O'Clock podcast is here.,,20200522-1800
https://www.buzzfeed.com/kaylayandoli/these-random-questions-will-reveal-the-decade-you-were-born?origin=web-hf,I Know The Decade You Were Born In Based On How You Answer These 15 Questions,,20200522-1800
https://www.buzzfeed.com/farrahpenn/phytophotodermatitis-sunlight-lime-photos?origin=web-hf,These Graphic Pictures Show What Can Happen If You Go Outside After Handling Limes,,20200522-1800
https://www.buzzfeed.com/flienlikesunicorn/what-percent-unicorn-are-you-964u4ihd3e?origin=web-hf,Answer Some Easy Questions To Find Out Exactly What Percent Unicorn You Are,,20200522-1800
https://www.buzzfeed.com/daves4/childhood-house-quiz?origin=web-hf,"Sorry, But It's Pretty Much Impossible To Pass This Quiz If You're Over 30",,20200522-1800
https://www.buzzfeednews.com/article/ryancbrooks/joe-biden-charlamagne-black-breakfast-club?origin=web-hf,"Joe Biden Told Charlamagne He ""Ain't Black"" If He's Having Trouble Deciding Whether To Vote For Him Or Trump",,20200522-1800
https://www.buzzfeed.com/victoriavouloumanos/stars-who-are-mixed-asian-pacific-islander?origin=shp,"34 Multiracial Celebs Who Are Actually Asian Or Pacific Islander
Relatable and inspirational icons, all of ‘em.",,20200522-1800
https://www.buzzfeed.com/nusrat21/a-guide-for-people-new-to-bollywood?origin=shp,30 Bollywood Films That Everyone Absolutely Must See,,20200522-1800
https://www.buzzfeed.com/michellemkim/asian-male-celebs-thirst?origin=shp,21 Asian Male Celebs That Have Us Feeling Oh So Very Thirsty,,20200522-1800
https://www.buzzfeed.com/michellemkim/which-anime-best-boy-are-you?origin=shp,Quiz: Which Anime Best Boy Are You?,,20200522-1800
https://www.buzzfeed.com/badge/apahm2020,See all of our APAHM coverage here,,20200522-1800
/watch/video/105061,"I Tried Boba Ice Cream From This Viral Ice Cream Shop
Follow Jasmine for more travel & food content! https://www.instagram.com/jasminepak/ ✨ Boba pints are only available online during Online Pint Drops. They will be available in-store at the opening of the Fairfax location in June! Check https://www.wanderlustcreamery.com/ for their latest updates for availability.",,20200522-1800
https://www.buzzfeed.com/pablovaldivia/cats-being-rude?origin=web-hf,21 Cats Who Know They're Adorable Jerks And Are Proud Of It,,20200522-1800
https://www.buzzfeed.com/buzzfeedresearch/civicscience-main3-buzz,Let Your Voice Be Heard. Tell Us Your Opinions!,,20200522-1800
https://www.buzzfeed.com/valentinamustafa/we-can-guess-the-initials-of-your-soulmate-by-your-3xftdit82c?origin=web-hf,This Music Quiz Will Actually Reveal The Initials Of Your Soulmate,,20200522-1800
https://www.buzzfeednews.com/article/davidmack/son-stabs-dad-murder-zoom-call?origin=web-hf,A Guy Was On A Zoom Call When His Son Allegedly Stabbed Him To Death,,20200522-1800
https://www.buzzfeednews.com/article/joshbillinson/cats-fighting-chuck-e-cheeze-pizzeria?origin=web-hf,"Did You See These Cats Interrupt A News Broadcast? Plus, Chuck E. Cheese’s Delivery Secret!",,20200522-1800
https://www.buzzfeed.com/lyapalater/things-famous-people-were-photographed-doing-this-week-5-22?origin=web-hf,16 Things Famous People Were Photographed Doing This Week,,20200522-1800
https://www.buzzfeed.com/eleanorbate/kristen-bell-daughter-diapers-mom-shaming?origin=web-hf,"Kristen Bell Opened Up About Mom-Shaming And Revealed Her Five-Year-Old Daughter Is ""Still In Diapers""",,20200522-1800
https://www.buzzfeed.com/hannahmarder/what-movies-about-mental-health-made-you-feel-seen,What Movies Got Mental Health Right?,,20200522-1800
/watch/video/102294,"We Didn't Use Toilet Paper For A Week 
Auri gets Steve to try reusable toilet paper, will he like it?",,20200522-1800
https://www.buzzfeed.com/lakenbrooks222/eat-your-favorite-desserts-and-well-tell-you-whic-yf5ecuouc?origin=web-hf,Eat Your Favorite Desserts And We'll Tell You Which Disney Villain You Are,,20200522-1800
https://www.buzzfeed.com/elliewoodward/kristin-cavallaris-friend-kelly-henderson-instagram-drama?origin=web-hf,Kristin Cavallari's Ex-Best Friend Is Being Dragged In Her Instagram Comments Over Jay Cutler Again And This Time She’s Responded,,20200522-1800
https://www.buzzfeed.com/soothnessbyshubhamg/here-are-disney-movies-10-supporting-characters-9rq6ct7w5j?origin=web-hf,Most Disney Fans Will Not Be Able To Identify Which Movie These Supporting Characters Are From,,20200522-1800
https://www.buzzfeed.com/leonielove/are-you-a-disney-nerd-even-if-you-arent-you-can-bpsaewfmso?origin=web-hf,Only A True Disney Nerd Can Score At Least 6/7 On This Disney Movie Quiz,,20200522-1800
https://www.buzzfeed.com/bluewave/choose-a-makeup-routine-and-well-guess-your-eye-c-3l7xx9lyjo?origin=web-hf,Create A Makeup Routine And We'll Guess Your Eye Color With 91% Accuracy,,20200522-1800
https://www.buzzfeed.com/morgansloss1/sorry-but-you-can-only-pick-one-movie-character-for-every?origin=web-hf,Let's See If You'd Pick The Same Movie Character For Every Letter Of The Alphabet As Everyone Else,,20200522-1800
https://www.buzzfeed.com/laurengarafano/pick-one-hot-guy-per-teen-drama-poll?origin=web-hf,I Regret To Inform You That You Can Only Pick One Hot Guy Per TV Show,,20200522-1800
https://www.buzzfeed.com/sam_cleal/guess-the-celeb-by-their-parent-quiz?origin=web-hf,Here Are 16 Celebrity Parents – If You Can Match At Least Half To Their Child I'll Be Impressed,,20200522-1800
/watch/video/99501,"Boricua From The Island vs The Mainland 
Love one another, Puerto Ricans from around the world!",,20200522-1800
https://www.buzzfeed.com/kaylaboyd/laundry-tips-our-readers-actually-swear-by?origin=web-hf,17 Laundry Tips Our Readers Actually Swear By,,20200522-1800
https://www.buzzfeed.com/benhenry/demi-lovato-boyfriend-max-ehrich-old-tweet?origin=web-hf,Demi Lovato Shared An Old Tweet Her Boyfriend Posted In 2011 About Wanting To Date Her And The Whole Thing Is Super Cute,,20200522-1800
https://www.buzzfeed.com/whitneyjefferson/tuca-bertie-coming-back-to-adult-swim-2021?origin=web-hf,"""Tuca & Bertie"" Is Coming Back From Cancellation To Adult Swim",,20200522-1800
https://www.buzzfeed.com/terrycarter/jeannie-mai-quarantine-interview?origin=web-hf,"Jeannie Mai Revealed What She's Looking Forward To Doing Once Quarantine Is Over And All I Can Say Is ""Same!""",,20200522-1800
https://www.buzzfeed.com/sp177/if-you-can-name-all-10-of-these-animals-from-frien-f9ehybf6k8?origin=web-hf,"You Might Be Obsessed With ""Friends"" If You Can Pass This ""Jeopardy!"" Trivia Quiz About The Animals In The Show",,20200522-1800
https://www.buzzfeed.com/frazyeah/plan-a-european-road-trip-and-ill-give-you-an-und-d9677ttbfw?origin=web-hf,We'll Give You An Underrated Netflix Movie To Watch Based On The European Road Trip You Plan,,20200522-1800
https://www.buzzfeed.com/nusrat21/eloquii-sale-post-50-percent-off-sale?origin=web-hf,Eloquii Is Giving 50% Off On Items Already On Sale And Your Summer Wardrobe Is About To Be The Most Stylish It's Ever Been,,20200522-1800
https://www.buzzfeed.com/malloryannp/bed-frames-thatll-basically-be-the-star-of-your-bedroom?origin=web-hf,29 Bed Frames That'll Basically Be The Star Of Your Bedroom,,20200522-1800
/watch/video/105540,"Camp Counselor Horror Stories
In honor of summer former camp counselors share their craziest, weirdest and funniest experiences from camp.",,20200522-1800
https://www.buzzfeed.com/audreyworboys/17-popular-quizzes-this-week?origin=web-hf,"17 Quizzes From This Week That Are All Hits, Each And Every One Of Them",,20200522-1800
https://www.buzzfeed.com/hannahmarder/can-you-name-a-harry-potter-character-for-every-letter-of?origin=web-hf,"26 ""Harry Potter"" Characters Stand Between You And Acing This Quiz",,20200522-1800
https://www.buzzfeednews.com/article/henrygomez/val-demings-joe-biden-vice-president?origin=web-hf,Val Demings Is On Joe Biden’s VP List. She Says She Has The “Real Life” Experience For The Job.,,20200522-1800
https://www.buzzfeed.com/katyherman/modcloth-memorial-day-sale?origin=web-hf,"It's Time To Treat Yourself, Because Everything At ModCloth Is At Least 30% Off For Memorial Day",,20200522-1800
https://www.buzzfeed.com/melanie_aman/backcountry-memorial-day-weekend-sale-up-to-50-off?origin=web-hf,Score Up To 50% Off Backcountry's Summer Essentials This Memorial Day,,20200522-1800
https://www.buzzfeed.com/hanifahrahman/what-tv-show-inconsistency-will-you-never-forget?origin=web-hf,Tell Us The Most Annoying TV Inconsistency You Know,,20200522-1800
https://www.buzzfeed.com/almondmilk24/are-you-more-like-shrek-or-donkey-from-the-shrek-m-b2yysxzsot?origin=web-hf,This Personality Quiz Will Determine If You're More Like Shrek Or Donkey,,20200522-1800
https://www.buzzfeednews.com/article/tanyachen/are-shady-instagram-giveaways-the-new-mlms?origin=web-hf,These Controversial Loop Giveaways On Instagram Have Some Things In Common With MLMs,,20200522-1800
/watch/video/105310,"Loren Gray Reads Her Instagram DMs
Loren Gray bravely sits down to do a deep dive into her Instagram DM requests, which include supportive fans, the obligatory haters, and even some marriage proposals from complete strangers. Check out Loren’s new single “Cake” now: https://www.youtube.com/watch?v=klwWrurkjgc",,20200522-1800
https://www.buzzfeed.com/kylerichmond/really-hard-quiz-about-canada?origin=web-hf,This Random Knowledge Quiz On Canada Will Stump You By Level 25,,20200522-1800
https://www.buzzfeed.com/christyz23/take-this-quiz-to-see-how-you-will-blow-up-on-tikt-9km5keymm2?origin=web-hf,What Will You Be TikTok Famous For?,,20200522-1800
https://www.buzzfeed.com/emmamcanaw/masks-made-here-20-off-sale?origin=web-hf,"If You're Bored Of Your Face Mask, Masks Made Here Is Having A 20% Off Sale",,20200522-1800
https://www.buzzfeednews.com/article/albertonardelli/trump-g7-coronavirus?origin=web-hf,Trump Wants To Hold The G7 Summit In Person But He Didn’t Ask Other World Leaders About The Idea Before Tweeting It,,20200522-1800
https://www.buzzfeed.com/mikespohr/mindblowing-facts?origin=web-hf,18 Random Facts That Absolutely Blew People's Minds On Twitter,,20200522-1800
https://www.buzzfeed.com/zipporkella/what-percent-typical-nerd-are-you-c09ywjxe9m?origin=web-hf,"If You Check Off At Least 17/26 Things On This List, Then You're A Total Nerd",,20200522-1800
https://www.buzzfeed.com/tessafahey/iconic-rom-com-checklist?origin=web-hf,How Many Iconic Rom-Coms Have You Actually Seen?,,20200522-1800
https://www.buzzfeed.com/tatianatenreyrowhitlock/funniest-tweets-lana-del-rey-instagram-post-drama?origin=web-hf,15 Funny Tweets About The Lana Del Rey Instagram Post Drama,,20200522-1800
/watch/video/105538,Can These Exes Be Friends?,,20200522-1800
https://www.buzzfeed.com/tatianatenreyrowhitlock/lady-gaga-and-ariana-grande-song?origin=web-hf,"Lady Gaga And Ariana Grande Just Made The Weekend More Exciting By Dropping Their Song ""Rain On Me""",,20200522-1800
https://www.buzzfeed.com/noradominick/celeb-iconic-characters-trivia-quiz?origin=web-hf,These Iconic TV And Movie Characters Were Played By The Same Actor — Can You Tell Them Apart?,,20200522-1800
https://www.buzzfeed.com/jenniferabidor/jokes-about-disney-villains?origin=web-hf,21 Times The Internet Roasted The Disney Villains,,20200522-1800
https://www.buzzfeed.com/tatianatenreyrowhitlock/lana-del-rey-responds-to-backlash-over-instagram-post?origin=web-hf,"Lana Del Rey Responded To The Backlash Toward Her Instagram Post, Saying She's Sad People Made It A ""WOC Issue""",,20200522-1800
https://www.buzzfeed.com/huynht2510/can-we-guess-your-most-recent-emoji-by-this-quiz-eqcv8mgpxb?origin=web-hf,Build A House And We'll Accurately Guess Your Most Recently Used Emoji,,20200522-1800
https://www.buzzfeed.com/farrahpenn/finals-week-zoom-university-fails?origin=web-hf,18 Times The Students Of Zoom University Really Struggled Through Finals Week,,20200522-1800
https://www.buzzfeed.com/mjs538/early-2000s-pictures-for-millennials?origin=web-hf,33 Pictures That Millennials Will Have To Explain To Generation Alpha Someday,,20200522-1800
https://www.buzzfeednews.com/article/laurenstrapagiel/influencers-say-instagram-is-more-likely-to-remove-photos?origin=web-hf,"Influencers Say Instagram Is Biased Against Plus-Size Bodies, And They May Be Right",,20200522-1800
/watch/video/102332,"I Followed Bretman Rock's Oldest And Newest Makeup Tutorial
""This could either be a revelation or a giant mistake.""",,20200522-1800
https://www.buzzfeed.com/morganmurrell/drake-called-kylie-jenner-side-piece-apology?origin=web-hf,"Drake Name-Dropped Kylie Jenner, Kendall Jenner, And Gigi Hadid In A Song, Then Issued An Apology Statement",,20200522-1800
https://www.buzzfeed.com/yiyang/futuristic-products-thatll-probably-make-you-feel-like?origin=web-hf,35 Futuristic Products That’ll Probably Make You Feel Like You’re Living In 3020,,20200522-1800
https://www.buzzfeed.com/briangalindo/21-tbt-photos-celebs-posted-on-instagram-may-21?origin=web-hf,Here's What Chrissy Teigen And 20 Other Celebrities Shared This Week For #TBT,,20200522-1800
https://www.buzzfeed.com/christopherhudspeth/oh-come-on-facepalm-that-sucks-things?origin=web-hf,15 Facepalm-Worthy Things Humans Recently Did During This Pandemic That Make Me Hope Aliens Aren't Watching,,20200522-1800
https://www.buzzfeed.com/tatianatenreyrowhitlock/michael-cera-aubrey-plaza-chuck-e-cheese-pic?origin=web-hf,Michael Cera And Aubrey Plaza's Chuck E. Cheese Photo Is Legendary And Now We Have The Whole Story,,20200522-1800
https://www.buzzfeed.com/briangalindo/chris-pratt-accidentally-deleted-over-35000-unread-emails?origin=web-hf,"Chris Pratt Accidentally Deleted More Than 35,000 Unread Emails After His Son Gasped At His Full Inbox",,20200522-1800
https://www.buzzfeednews.com/article/skbaer/ahmaud-arbery-death-william-bryan-arrest?origin=web-hf,The Man Who Recorded Video Of Ahmaud Arbery Being Shot Has Been Arrested On A Murder Charge,,20200522-1800
https://www.buzzfeed.com/sydrobinson1/before-and-after-pets-being-adopted-quarantine?origin=web-hf,21 Before-And-After Pictures Of Pets Who Were Adopted During Quarantine,,20200522-1800
/watch/video/105809,"The ""Outer Banks"" Cast Answers Your Burning Questions
Your favorite Pogues return as the cast of the hit Netflix series “Outer Banks” (Chase Stokes, Madelyn Cline, Madison Bailey, Rudy Pankow, and Jonathan Daviss) all sit down to answer your burning questions, from how their lives have changed since the show’s debut, to what they think will happen in season two, all the way to which major roles they’ve auditioned for in the past but didn’t get…which leads to one cast member revealing that he very nearly spent some time in a galaxy far, far away.",,20200522-1800
https://www.buzzfeed.com/daves4/everyone-hates-but-does?origin=web-hf,27 Things Everyone On Earth Hates That They Do But Does Anyway,,20200522-1800
https://www.buzzfeed.com/hannahmarder/teen-drama-characters-that-did-not-need-to-die?origin=web-hf,20 Of The Most Tragically Unnecessary Deaths From Teen Dramas,,20200522-1800
https://www.buzzfeed.com/ehisosifo1/harry-potter-letter-p-trivia-quiz?origin=web-hf,"This ""Harry Potter"" Quiz Will Separate The Wizards From The Muggles And It All Depends On The Letter P",,20200522-1800
https://www.buzzfeed.com/tessafahey/identify-avatar-the-last-airbender-characters-quiz?origin=web-hf,"If You Can Identify 30/36 Of These ""Avatar: The Last Airbender"" Characters, You're A Master Bender",,20200522-1800
https://www.buzzfeed.com/clareaston/my-bibliotherapy-prescription?origin=web-hf,"You Can Now Be ""Prescribed"" Books For Your Mental Health And These Six Were Meant To Help Me",,20200522-1800
https://www.buzzfeed.com/rosethecorgi/choose-some-food-and-revile-your-soulmates-name-7gjir6fim?origin=web-hf,"If You Really Wanna Know The First Letter Of Your Soulmate's Name, Eat Some Food And We'll Tell You",,20200522-1800
https://www.buzzfeed.com/mjs538/rose-on-90-day-fiance-and-big-ed?origin=web-hf,We Need To Stop Talking About Big Ed And Start Talking About Rose,,20200522-1800
https://www.buzzfeed.com/isabellalouise/can-you-sort-these-hogwarts-students-in-their-righ-klzvv4gs4?origin=web-hf,Only A Hogwarts Genius Can Match The Student To The House They Were Sorted Into,,20200522-1800
/watch/video/103610,Gadiel Gets Financial Tips For Surviving This Pandemic,,20200522-1800
https://www.buzzfeed.com/christopherhudspeth/people-believed-there-was-evidence-of-a-parallel-universe?origin=web-hf,"17 Of The Funniest Tweets About The Discovery Of ""Evidence"" That A Parallel Universe Exists",,20200522-1800
https://www.buzzfeed.com/ehisosifo1/drastic-americas-next-top-model-makeovers?origin=web-hf,"23 ""ANTM"" Makeovers That Tyra Banks Actually Assigned To Contestants",,20200522-1800
https://www.buzzfeed.com/alliehayes/books-so-good-you-cannot-put-them-down-flipped?origin=web-hf,"21 Books That Are So Good, People Literally Could Not Put Them Down",,20200522-1800
https://www.buzzfeed.com/fallon2/what-hunger-games-characters-belong-in-these-hogwa-ckb6eid9yq?origin=web-hf,"Would You Sort These Characters From ""The Hunger Games"" Into The Same Hogwarts Houses As Everyone Else?",,20200522-1800
https://www.buzzfeed.com/juliawilling/for-everyone-in-love-with-boxer?origin=web-hf,"Boxer From ""White Lines"" Is Pure Sexual Dynamo And These 23 Tweets Prove It",,20200522-1800
https://www.buzzfeed.com/avaerickson04/which-disney-prince-do-you-belong-with-1mtuff45b1?origin=web-hf,Which Disney Prince Is Your Soulmate?,,20200522-1800
https://www.buzzfeed.com/marielasummerhays01/therapy-is-for-men?origin=web-hf,These 7 Men Will Convince You Therapy Is For Everyone,,20200522-1800
https://www.buzzfeed.com/stephenlaconte/oprah-winfrey-big-cabbage-instagram?origin=web-hf,"Oprah Grew A Cabbage So Big She Could Barely Carry It, And You Really Need To See It To Believe It's Real",,20200522-1800
/watch/video/103666,"Black Family Tries Each Others' Chocolate Chip Cookies
""I'm lactose intolerant, I don't need this!""",,20200522-1800
https://www.buzzfeednews.com,BuzzFeed NewsReporting on what you care about. We hold major institutions accountable and expose wrongdoing.,,20200522-1830
https://www.tasty.co,"BuzzFeed TastySearch, watch, and cook every single Tasty recipe and video ever - all in one place!",,20200522-1830
https://www.buzzfeed.com/goodful,"BuzzFeed GoodfulSelf care and ideas to help you live a healthier, happier life.",,20200522-1830
https://www.buzzfeed.com/bringme,"BuzzFeed Bring MeObsessed with travel? Discover unique things to do, places to eat, and sights to see in the best destinations around the world with Bring Me!",,20200522-1830
https://www.buzzfeed.com/asis,"BuzzFeed As IsSomething for everyone interested in hair, makeup, style, and body positivity.",,20200522-1830
https://www.buzzfeed.com/whitneyjefferson/tuca-bertie-coming-back-to-adult-swim-2021?ref=hpsplash&origin=spl,“Tuca & Bertie” Is Coming Back In 2021 Thanks To Adult Swim,,20200522-1830
https://www.buzzfeed.com/hbraga/kitchen-products-worth-investment?origin=hpp,38 Kitchen Products That Are Totally Worth The Investment,,20200522-1830
https://www.buzzfeed.com/newsletters?ref=hplego,"WTF Is Happening Today? BuzzFeed Newsletters Can Help!
We have newsletters to help you stay in the loop AND newsletters to help you forget! Try one today!",,20200522-1830
https://www.buzzfeed.com/kristatorres/celebrity-kids-who-have-basically-became-adults?origin=web-hf,10 Famous Kids Who Have Basically Became Adults Since I Last Blinked My Eyes,,20200522-1830
https://www.buzzfeed.com/andyneuenschwander/iphone-tricks-on-tiktok-blowing-my-mind-jessicawangofficial?origin=web-hf,These iPhone Tricks On TikTok Are Kinda Blowing My Mind Right Now,,20200522-1830
https://www.buzzfeed.com/andrewziegler/quiz-party?origin=shp,"You Can Now Take BuzzFeed Quizzes In Real Time With Your Friends — You’re Welcome
Let’s get this party started.",,20200522-1830
https://www.buzzfeed.com/jenniferabidor/friends-a-to-z?origin=shp,"This ""Friends"" A–Z Quiz Will Reveal Which Main Character You Are",,20200522-1830
https://www.buzzfeed.com/sarahaspler/taste-in-disney-movies-age-quiz?origin=shp,Can We Accurately Guess Your Age Based On Your Taste In Disney Movies?,,20200522-1830
https://www.buzzfeed.com/andrewziegler/quiz-romantic-type?origin=shp,There Are Actually Only Four Romantic Types And We Can Accurately Guess Yours,,20200522-1830
https://www.buzzfeed.com/sarahaspler/everyone-has-a-fruit-that-matches-their-personalit?origin=shp,Everyone Has A Fruit That Matches Their Personality – Here’s Yours,,20200522-1830
https://www.buzzfeed.com/quizparty,Keep the quiz party going,,20200522-1830
https://www.buzzfeed.com/morganmurrell/celebrity-instagrams-this-week-5-22-2020?origin=web-hf,18 Celebrity Instagrams You Probably Missed This Week,,20200522-1830
https://www.buzzfeed.com/kellymartinez/tired-of-video-meetings?origin=web-hf,"Zoom Fatigue Is Real, And You Probably Have It If You Relate To These 16 Tweets",,20200522-1830
https://www.buzzfeed.com/maitlandquitmeyer/best-memorial-day-sales-deals-2020?origin=hshp,"All The Best Memorial Day Weekend Deals
The savings start now.",,20200522-1830
https://www.buzzfeed.com/kaylasuazo/all-the-best-memorial-day-mattress-sales-2020?origin=hshp,All Of The Best Memorial Day Mattress Sales,,20200522-1830
https://www.buzzfeed.com/emmalord9/best-deals-wayfair-memorial-day-sale?origin=hshp,All The Best Deals At Wayfair's Memorial Day Sale,,20200522-1830
https://www.buzzfeed.com/abbykass/zappos-memorial-day-sale?origin=hshp,You Can Save On *So* Many Popular Shoes During The Zappos Memorial Day Sale,,20200522-1830
https://www.buzzfeed.com/elenamgarcia/dyson-is-having-a-pretty-major-memorial-day-sale-no-better?origin=hshp,Dyson Is Having A Pretty Major Memorial Day Sale — No Better Time Than Now To Get Yourself A New Vacuum,,20200522-1830
https://www.buzzfeed.com/shopping?origin=hshp,See more great product recommendations,,20200522-1830
https://www.buzzfeed.com/isabellalouise/can-you-name-every-capital-in-this-a-z-country-qui-g98utjsi6?origin=web-hf,"If You Can Get 22/24 On This Capital Quiz, Then You're Officially A Genius",,20200522-1830
/watch/video/103929,"I Made The Crazy Tornado Omelet 
Who knew eggs could even be made this way - can Inga make the epic tornado omelet rice? Follow Inga for more fun food content: https://www.instagram.com/ingatylam/",,20200522-1830
https://www.buzzfeed.com/josieayre1/super-cute-animal-tweets-that-will-melt-your-heart?origin=web-hf,21 Wholesome Tweets About Animals That Prove How Ridiculous They Are,,20200522-1830
https://www.buzzfeednews.com/article/danvergano/coronavirus-malaria-drug-trump-deadly-hydroxychloroquine?origin=shp,"A New Study Says The Malaria Drug Touted (And Taken) By Trump Looks Deadly For Coronavirus Patients
“If there was ever hope for this drug, this is the death of it.”
3 hours ago",,20200522-1830
https://www.buzzfeednews.com/article/danvergano/coronavirus-tips-spike-loop-protein-symptoms-death?origin=shp,The Coronavirus Has A Mysterious “Loop” That Lets It Quickly Attack Human Lungs. Here’s How It Works.,,20200522-1830
https://www.buzzfeednews.com/article/janelytvynenko/coronavirus-spin-doctors?origin=shp,These Are The Fake Experts Pushing Pseudoscience And Conspiracy Theories About The Coronavirus Pandemic,,20200522-1830
https://www.buzzfeednews.com/article/davidmack/coronavirus-trump-test-positive-negative-answer-video?origin=shp,"Positive News! Trump Says He Tested Positively, Which Means Negative, For The Coronavirus.",,20200522-1830
https://www.buzzfeednews.com/article/clarissajanlim/doctor-congressional-hearing-coronavirus-second-wave-ppe?origin=shp,"A Doctor Told Lawmakers The Country Is Not ""Prepared For A Second Wave"" Of The Coronavirus",,20200522-1830
https://bzfd.it/noc-show,The daily News O'Clock podcast is here.,,20200522-1830
https://www.buzzfeed.com/mjs538/martha-stewart-posted-an-extremely-sexual-instagram-caption?origin=web-hf,"Martha Stewart Accidentally Posted An Extremely Sexual Instagram Caption About Chicken And I Guess She's Really Horny, Y'all",,20200522-1830
https://www.buzzfeed.com/kaylayandoli/these-random-questions-will-reveal-the-decade-you-were-born?origin=web-hf,I Know The Decade You Were Born In Based On How You Answer These 15 Questions,,20200522-1830
https://www.buzzfeed.com/farrahpenn/phytophotodermatitis-sunlight-lime-photos?origin=web-hf,These Graphic Pictures Show What Can Happen If You Go Outside After Handling Limes,,20200522-1830
https://www.buzzfeed.com/marietelling/pantry-staple-recipes-on-a-budget?origin=web-hf,45 Pantry-Staple Meals That All Start With Non-Perishables,,20200522-1830
https://www.buzzfeed.com/whitneyjefferson/new-movies-being-released-may-22-2020?origin=web-hf,All Of The New Movies Coming Out This Weekend,,20200522-1830
https://www.buzzfeed.com/victoriavouloumanos/stars-who-are-mixed-asian-pacific-islander?origin=shp,"34 Multiracial Celebs Who Are Actually Asian Or Pacific Islander
Relatable and inspirational icons, all of ‘em.",,20200522-1830
https://www.buzzfeed.com/nusrat21/a-guide-for-people-new-to-bollywood?origin=shp,30 Bollywood Films That Everyone Absolutely Must See,,20200522-1830
https://www.buzzfeed.com/michellemkim/asian-male-celebs-thirst?origin=shp,21 Asian Male Celebs That Have Us Feeling Oh So Very Thirsty,,20200522-1830
https://www.buzzfeed.com/michellemkim/which-anime-best-boy-are-you?origin=shp,Quiz: Which Anime Best Boy Are You?,,20200522-1830
https://www.buzzfeed.com/badge/apahm2020,See all of our APAHM coverage here,,20200522-1830
/watch/video/104128,"We Wore Monochromatic Outfits For A Week
""This might be a once and done, video exclusive, your eyes only!""",,20200522-1830
https://www.buzzfeed.com/daves4/childhood-house-quiz?origin=web-hf,"Sorry, But If You're Over 30 You're Going To Have An Impossible Time Passing This Quiz",,20200522-1830
https://www.buzzfeed.com/buzzfeedresearch/civicscience-main3-buzz,Let Your Voice Be Heard. Tell Us Your Opinions!,,20200522-1830
https://www.buzzfeed.com/pablovaldivia/cats-being-rude?origin=web-hf,21 Cats Who Know They're Adorable Jerks And Are Proud Of It,,20200522-1830
https://www.buzzfeednews.com/article/ryancbrooks/joe-biden-charlamagne-black-breakfast-club?origin=web-hf,"Joe Biden Told Charlamagne He ""Ain't Black"" If He's Having Trouble Deciding Whether To Vote For Him Or Trump",,20200522-1830
https://www.buzzfeednews.com/article/davidmack/son-stabs-dad-murder-zoom-call?origin=web-hf,A Guy Was On A Zoom Call When His Son Allegedly Stabbed Him To Death,,20200522-1830
https://www.buzzfeed.com/eleanorbate/kristen-bell-daughter-diapers-mom-shaming?origin=web-hf,"Kristen Bell Opened Up About Mom-Shaming And Revealed Her Five-Year-Old Daughter Is ""Still In Diapers""",,20200522-1830
https://www.buzzfeed.com/valentinamustafa/we-can-guess-the-initials-of-your-soulmate-by-your-3xftdit82c?origin=web-hf,Wanna Know Your Future Soulmate's Initials? Just Tell Us Your Music Preferences To Find Out,,20200522-1830
https://www.buzzfeed.com/hannahmarder/what-movies-about-mental-health-made-you-feel-seen,What Movies Got Mental Health Right?,,20200522-1830
https://www.buzzfeed.com/lyapalater/things-famous-people-were-photographed-doing-this-week-5-22?origin=web-hf,16 Things Famous People Were Photographed Doing This Week,,20200522-1830
https://www.buzzfeed.com/lakenbrooks222/eat-your-favorite-desserts-and-well-tell-you-whic-yf5ecuouc?origin=web-hf,Eat Your Favorite Desserts And We'll Tell You Which Disney Villain You Are,,20200522-1830
https://www.buzzfeed.com/elliewoodward/kristin-cavallaris-friend-kelly-henderson-instagram-drama?origin=web-hf,Kristin Cavallari's Ex-Best Friend Is Being Dragged In Her Instagram Comments Over Jay Cutler Again And This Time She’s Responded,,20200522-1830
https://www.buzzfeed.com/flienlikesunicorn/what-percent-unicorn-are-you-964u4ihd3e?origin=web-hf,Want To Know What % Unicorn You Are? Answer Some Sparkly Questions To Find Out,,20200522-1830
https://www.buzzfeed.com/soothnessbyshubhamg/here-are-disney-movies-10-supporting-characters-9rq6ct7w5j?origin=web-hf,Most Disney Fans Will Not Be Able To Identify Which Movie These Supporting Characters Are From,,20200522-1830
https://www.buzzfeed.com/leonielove/are-you-a-disney-nerd-even-if-you-arent-you-can-bpsaewfmso?origin=web-hf,Only A True Disney Nerd Can Score At Least 6/7 On This Disney Movie Quiz,,20200522-1830
https://www.buzzfeednews.com/article/joshbillinson/cats-fighting-chuck-e-cheeze-pizzeria?origin=web-hf,"Did You See These Cats Interrupt A News Broadcast? Plus, Chuck E. Cheese’s Delivery Secret!",,20200522-1830
https://www.buzzfeed.com/bluewave/choose-a-makeup-routine-and-well-guess-your-eye-c-3l7xx9lyjo?origin=web-hf,Create A Makeup Routine And We'll Guess Your Eye Color With 91% Accuracy,,20200522-1830
/watch/video/105061,"I Tried Boba Ice Cream From This Viral Ice Cream Shop
Follow Jasmine for more travel & food content! https://www.instagram.com/jasminepak/ ✨ Boba pints are only available online during Online Pint Drops. They will be available in-store at the opening of the Fairfax location in June! Check https://www.wanderlustcreamery.com/ for their latest updates for availability.",,20200522-1830
https://www.buzzfeed.com/morgansloss1/sorry-but-you-can-only-pick-one-movie-character-for-every?origin=web-hf,Let's See If You'd Pick The Same Movie Character For Every Letter Of The Alphabet As Everyone Else,,20200522-1830
https://www.buzzfeed.com/laurengarafano/pick-one-hot-guy-per-teen-drama-poll?origin=web-hf,I Regret To Inform You That You Can Only Pick One Hot Guy Per TV Show,,20200522-1830
https://www.buzzfeed.com/sam_cleal/guess-the-celeb-by-their-parent-quiz?origin=web-hf,Here Are 16 Celebrity Parents – If You Can Match At Least Half To Their Child I'll Be Impressed,,20200522-1830
https://www.buzzfeed.com/kaylaboyd/laundry-tips-our-readers-actually-swear-by?origin=web-hf,17 Laundry Tips Our Readers Actually Swear By,,20200522-1830
https://www.buzzfeed.com/benhenry/demi-lovato-boyfriend-max-ehrich-old-tweet?origin=web-hf,Demi Lovato Shared An Old Tweet Her Boyfriend Posted In 2011 About Wanting To Date Her And The Whole Thing Is Super Cute,,20200522-1830
https://www.buzzfeed.com/terrycarter/jeannie-mai-quarantine-interview?origin=web-hf,Jeannie Mai Shared What She's Been Doing At Home And It Sounds Like Her Quarantine Has Been Lit,,20200522-1830
https://www.buzzfeed.com/frazyeah/plan-a-european-road-trip-and-ill-give-you-an-und-d9677ttbfw?origin=web-hf,We'll Give You An Underrated Netflix Movie To Watch Based On The European Road Trip You Plan,,20200522-1830
https://www.buzzfeed.com/sp177/if-you-can-name-all-10-of-these-animals-from-frien-f9ehybf6k8?origin=web-hf,"You Might Be Obsessed With ""Friends"" If You Can Pass This ""Jeopardy!"" Trivia Quiz About The Animals In The Show",,20200522-1830
/watch/video/102294,"We Didn't Use Toilet Paper For A Week 
Auri gets Steve to try reusable toilet paper, will he like it?",,20200522-1830
https://www.buzzfeed.com/nusrat21/eloquii-sale-post-50-percent-off-sale?origin=web-hf,Eloquii Is Giving 50% Off On Items Already On Sale And Your Summer Wardrobe Is About To Be The Most Stylish It's Ever Been,,20200522-1830
https://www.buzzfeed.com/malloryannp/bed-frames-thatll-basically-be-the-star-of-your-bedroom?origin=web-hf,29 Bed Frames That'll Basically Be The Star Of Your Bedroom,,20200522-1830
https://www.buzzfeed.com/hannahmarder/can-you-name-a-harry-potter-character-for-every-letter-of?origin=web-hf,"26 ""Harry Potter"" Characters Stand Between You And Acing This Quiz",,20200522-1830
https://www.buzzfeed.com/audreyworboys/17-popular-quizzes-this-week?origin=web-hf,"If You're Bored, These Excellent Quizzes Are The First Things You Should Do",,20200522-1830
https://www.buzzfeednews.com/article/henrygomez/val-demings-joe-biden-vice-president?origin=web-hf,Val Demings Is On Joe Biden’s VP List. She Says She Has The “Real Life” Experience For The Job.,,20200522-1830
https://www.buzzfeed.com/katyherman/modcloth-memorial-day-sale?origin=web-hf,"It's Time To Treat Yourself, Because Everything At ModCloth Is At Least 30% Off For Memorial Day",,20200522-1830
https://www.buzzfeed.com/melanie_aman/backcountry-memorial-day-weekend-sale-up-to-50-off?origin=web-hf,Just FYI: Backcountry's Having A Huge Sale On Everything You Need For Summer,,20200522-1830
https://www.buzzfeed.com/hanifahrahman/what-tv-show-inconsistency-will-you-never-forget?origin=web-hf,Tell Us The Most Annoying TV Inconsistency You Know,,20200522-1830
/watch/video/99501,"Boricua From The Island vs The Mainland 
Love one another, Puerto Ricans from around the world!",,20200522-1830
https://www.buzzfeednews.com/article/tanyachen/are-shady-instagram-giveaways-the-new-mlms?origin=web-hf,These Controversial Loop Giveaways On Instagram Have Some Things In Common With MLMs,,20200522-1830
https://www.buzzfeed.com/almondmilk24/are-you-more-like-shrek-or-donkey-from-the-shrek-m-b2yysxzsot?origin=web-hf,This Personality Quiz Will Determine If You're More Like Shrek Or Donkey,,20200522-1830
https://www.buzzfeed.com/kylerichmond/really-hard-quiz-about-canada?origin=web-hf,This Random Knowledge Quiz On Canada Will Stump You By Level 25,,20200522-1830
https://www.buzzfeed.com/jmihaly/home-long-run-benefits?origin=web-hf,31 Somewhat Random Things To Buy For Your Home That'll Benefit You In The Long Run,,20200522-1830
https://www.buzzfeed.com/christyz23/take-this-quiz-to-see-how-you-will-blow-up-on-tikt-9km5keymm2?origin=web-hf,What Will You Be TikTok Famous For?,,20200522-1830
https://www.buzzfeed.com/emmamcanaw/masks-made-here-20-off-sale?origin=web-hf,"If You're Bored Of Your Face Mask, Masks Made Here Is Having A 20% Off Sale",,20200522-1830
https://www.buzzfeednews.com/article/albertonardelli/trump-g7-coronavirus?origin=web-hf,Trump Wants To Hold The G7 Summit In Person But He Didn’t Ask Other World Leaders About The Idea Before Tweeting It,,20200522-1830
https://www.buzzfeed.com/mikespohr/mindblowing-facts?origin=web-hf,18 Random Facts That Absolutely Blew People's Minds On Twitter,,20200522-1830
/watch/video/105540,"Camp Counselor Horror Stories
In honor of summer former camp counselors share their craziest, weirdest and funniest experiences from camp.",,20200522-1830
https://www.buzzfeed.com/zipporkella/what-percent-typical-nerd-are-you-c09ywjxe9m?origin=web-hf,"If You Check Off At Least 17/26 Things On This List, Then You're A Total Nerd",,20200522-1830
https://www.buzzfeed.com/tessafahey/iconic-rom-com-checklist?origin=web-hf,How Many Iconic Rom-Coms Have You Actually Seen?,,20200522-1830
https://www.buzzfeed.com/tatianatenreyrowhitlock/funniest-tweets-lana-del-rey-instagram-post-drama?origin=web-hf,15 Funny Tweets About The Lana Del Rey Instagram Post Drama,,20200522-1830
https://www.buzzfeed.com/tatianatenreyrowhitlock/lady-gaga-and-ariana-grande-song?origin=web-hf,"Lady Gaga And Ariana Grande Just Made The Weekend More Exciting By Dropping Their Song ""Rain On Me""",,20200522-1830
https://www.buzzfeed.com/noradominick/celeb-iconic-characters-trivia-quiz?origin=web-hf,These Iconic TV And Movie Characters Were Played By The Same Actor — Can You Tell Them Apart?,,20200522-1830
https://www.buzzfeed.com/jenniferabidor/jokes-about-disney-villains?origin=web-hf,21 Times The Internet Roasted The Disney Villains,,20200522-1830
https://www.buzzfeed.com/tatianatenreyrowhitlock/lana-del-rey-responds-to-backlash-over-instagram-post?origin=web-hf,"Lana Del Rey Responded To The Backlash Toward Her Instagram Post, Saying She's Sad People Made It A ""WOC Issue""",,20200522-1830
https://www.buzzfeed.com/huynht2510/can-we-guess-your-most-recent-emoji-by-this-quiz-eqcv8mgpxb?origin=web-hf,Build A House And We'll Accurately Guess Your Most Recently Used Emoji,,20200522-1830
/watch/video/105310,"Loren Gray Reads Her Instagram DMs
Loren Gray bravely sits down to do a deep dive into her Instagram DM requests, which include supportive fans, the obligatory haters, and even some marriage proposals from complete strangers. Check out Loren’s new single “Cake” now: https://www.youtube.com/watch?v=klwWrurkjgc",,20200522-1830
https://www.buzzfeed.com/farrahpenn/finals-week-zoom-university-fails?origin=web-hf,18 Times The Students Of Zoom University Really Struggled Through Finals Week,,20200522-1830
https://www.buzzfeed.com/mjs538/early-2000s-pictures-for-millennials?origin=web-hf,33 Pictures That Millennials Will Have To Explain To Generation Alpha Someday,,20200522-1830
https://www.buzzfeednews.com/article/laurenstrapagiel/influencers-say-instagram-is-more-likely-to-remove-photos?origin=web-hf,"Influencers Say Instagram Is Biased Against Plus-Size Bodies, And They May Be Right",,20200522-1830
https://www.buzzfeed.com/morganmurrell/drake-called-kylie-jenner-side-piece-apology?origin=web-hf,"Drake Name-Dropped Kylie Jenner, Kendall Jenner, And Gigi Hadid In A Song, Then Issued An Apology Statement",,20200522-1830
https://www.buzzfeed.com/yiyang/futuristic-products-thatll-probably-make-you-feel-like?origin=web-hf,35 Futuristic Products That’ll Probably Make You Feel Like You’re Living In 3020,,20200522-1830
https://www.buzzfeed.com/christopherhudspeth/oh-come-on-facepalm-that-sucks-things?origin=web-hf,15 Facepalm-Worthy Things Humans Recently Did During This Pandemic That Make Me Hope Aliens Aren't Watching,,20200522-1830
https://www.buzzfeed.com/briangalindo/21-tbt-photos-celebs-posted-on-instagram-may-21?origin=web-hf,Here's What Chrissy Teigen And 20 Other Celebrities Shared This Week For #TBT,,20200522-1830
https://www.buzzfeed.com/tatianatenreyrowhitlock/michael-cera-aubrey-plaza-chuck-e-cheese-pic?origin=web-hf,Michael Cera And Aubrey Plaza's Chuck E. Cheese Photo Is Legendary And Now We Have The Whole Story,,20200522-1830
/watch/video/105538,Can These Exes Be Friends?,,20200522-1830
https://www.buzzfeed.com/briangalindo/chris-pratt-accidentally-deleted-over-35000-unread-emails?origin=web-hf,"Chris Pratt Accidentally Deleted More Than 35,000 Unread Emails After His Son Gasped At His Full Inbox",,20200522-1830
https://www.buzzfeednews.com/article/skbaer/ahmaud-arbery-death-william-bryan-arrest?origin=web-hf,The Man Who Recorded Video Of Ahmaud Arbery Being Shot Has Been Arrested On A Murder Charge,,20200522-1830
https://www.buzzfeed.com/sydrobinson1/before-and-after-pets-being-adopted-quarantine?origin=web-hf,21 Before-And-After Pictures Of Pets Who Were Adopted During Quarantine,,20200522-1830
https://www.buzzfeed.com/daves4/everyone-hates-but-does?origin=web-hf,27 Things Everyone On Earth Hates That They Do But Does Anyway,,20200522-1830
https://www.buzzfeed.com/hannahmarder/teen-drama-characters-that-did-not-need-to-die?origin=web-hf,20 Of The Most Tragically Unnecessary Deaths From Teen Dramas,,20200522-1830
https://www.buzzfeed.com/ehisosifo1/harry-potter-letter-p-trivia-quiz?origin=web-hf,"This ""Harry Potter"" Quiz Will Separate The Wizards From The Muggles And It All Depends On The Letter P",,20200522-1830
https://www.buzzfeed.com/tessafahey/identify-avatar-the-last-airbender-characters-quiz?origin=web-hf,"If You Can Identify 30/36 Of These ""Avatar: The Last Airbender"" Characters, You're A Master Bender",,20200522-1830
https://www.buzzfeed.com/clareaston/my-bibliotherapy-prescription?origin=web-hf,"You Can Now Be ""Prescribed"" Books For Your Mental Health And These Six Were Meant To Help Me",,20200522-1830
/watch/video/102332,"I Followed Bretman Rock's Oldest And Newest Makeup Tutorial
""This could either be a revelation or a giant mistake.""",,20200522-1830
https://www.buzzfeed.com/rosethecorgi/choose-some-food-and-revile-your-soulmates-name-7gjir6fim?origin=web-hf,"If You Really Wanna Know The First Letter Of Your Soulmate's Name, Eat Some Food And We'll Tell You",,20200522-1830
https://www.buzzfeed.com/mjs538/rose-on-90-day-fiance-and-big-ed?origin=web-hf,We Need To Stop Talking About Big Ed And Start Talking About Rose,,20200522-1830
https://www.buzzfeed.com/isabellalouise/can-you-sort-these-hogwarts-students-in-their-righ-klzvv4gs4?origin=web-hf,Only A Hogwarts Genius Can Match The Student To The House They Were Sorted Into,,20200522-1830
https://www.buzzfeed.com/christopherhudspeth/people-believed-there-was-evidence-of-a-parallel-universe?origin=web-hf,"17 Of The Funniest Tweets About The Discovery Of ""Evidence"" That A Parallel Universe Exists",,20200522-1830
https://www.buzzfeed.com/ehisosifo1/drastic-americas-next-top-model-makeovers?origin=web-hf,"23 ""ANTM"" Makeovers That Tyra Banks Actually Assigned To Contestants",,20200522-1830
https://www.buzzfeed.com/alliehayes/books-so-good-you-cannot-put-them-down-flipped?origin=web-hf,"21 Books That Are So Good, People Literally Could Not Put Them Down",,20200522-1830
https://www.buzzfeed.com/fallon2/what-hunger-games-characters-belong-in-these-hogwa-ckb6eid9yq?origin=web-hf,"Would You Sort These Characters From ""The Hunger Games"" Into The Same Hogwarts Houses As Everyone Else?",,20200522-1830
https://www.buzzfeed.com/juliawilling/for-everyone-in-love-with-boxer?origin=web-hf,"Boxer From ""White Lines"" Is Pure Sexual Dynamo And These 23 Tweets Prove It",,20200522-1830
/watch/video/105809,"The ""Outer Banks"" Cast Answers Your Burning Questions
Your favorite Pogues return as the cast of the hit Netflix series “Outer Banks” (Chase Stokes, Madelyn Cline, Madison Bailey, Rudy Pankow, and Jonathan Daviss) all sit down to answer your burning questions, from how their lives have changed since the show’s debut, to what they think will happen in season two, all the way to which major roles they’ve auditioned for in the past but didn’t get…which leads to one cast member revealing that he very nearly spent some time in a galaxy far, far away.",,20200522-1830
https://www.buzzfeednews.com,BuzzFeed NewsReporting on what you care about. We hold major institutions accountable and expose wrongdoing.,,20200522-1900
https://www.tasty.co,"BuzzFeed TastySearch, watch, and cook every single Tasty recipe and video ever - all in one place!",,20200522-1900
https://www.buzzfeed.com/goodful,"BuzzFeed GoodfulSelf care and ideas to help you live a healthier, happier life.",,20200522-1900
https://www.buzzfeed.com/bringme,"BuzzFeed Bring MeObsessed with travel? Discover unique things to do, places to eat, and sights to see in the best destinations around the world with Bring Me!",,20200522-1900
https://www.buzzfeed.com/asis,"BuzzFeed As IsSomething for everyone interested in hair, makeup, style, and body positivity.",,20200522-1900
https://www.buzzfeed.com/tatianatenreyrowhitlock/funniest-tweets-lana-del-rey-instagram-post-drama?ref=hpsplash&origin=spl,15 Funny Tweets About The Lana Del Rey Instagram Post Drama,,20200522-1900
https://www.buzzfeed.com/hbraga/kitchen-products-worth-investment?origin=hpp,38 Kitchen Products That Are Totally Worth The Investment,,20200522-1900
https://www.buzzfeed.com/newsletters?ref=hplego,"WTF Is Happening Today? BuzzFeed Newsletters Can Help!
We have newsletters to help you stay in the loop AND newsletters to help you forget! Try one today!",,20200522-1900
https://www.buzzfeednews.com/article/paulmcleod/coronavirus-states-reopening-back-to-work-lawsuits?origin=web-hf,Employers May Soon Get Protected From Lawsuits While Workers and Customers Are Left In The Dark On Safety,,20200522-1900
https://www.buzzfeed.com/mjs538/ariana-grande-without-ponytail-in-lady-gaga-music-video?origin=web-hf,Ariana Grande Was Almost Unrecognizable Without Her Ponytail In Lady Gaga's New Music Video,,20200522-1900
https://www.buzzfeed.com/andrewziegler/quiz-party?origin=shp,"You Can Now Take BuzzFeed Quizzes In Real Time With Your Friends — You’re Welcome
Let’s get this party started.",,20200522-1900
https://www.buzzfeed.com/jenniferabidor/friends-a-to-z?origin=shp,"This ""Friends"" A–Z Quiz Will Reveal Which Main Character You Are",,20200522-1900
https://www.buzzfeed.com/sarahaspler/taste-in-disney-movies-age-quiz?origin=shp,Can We Accurately Guess Your Age Based On Your Taste In Disney Movies?,,20200522-1900
https://www.buzzfeed.com/andrewziegler/quiz-romantic-type?origin=shp,There Are Actually Only Four Romantic Types And We Can Accurately Guess Yours,,20200522-1900
https://www.buzzfeed.com/sarahaspler/everyone-has-a-fruit-that-matches-their-personalit?origin=shp,Everyone Has A Fruit That Matches Their Personality – Here’s Yours,,20200522-1900
https://www.buzzfeed.com/quizparty,Keep the quiz party going,,20200522-1900
https://www.buzzfeednews.com/article/maryanngeorgantopoulos/coronavirus-quaranteam-expanding-quarantine-circles?origin=web-hf,Tell Us: How Are You Expanding Your Quarantine Circle To Include More People?,,20200522-1900
https://www.buzzfeed.com/kristatorres/celebrity-kids-who-have-basically-became-adults?origin=web-hf,10 Famous Kids Who Have Basically Became Adults Since I Last Blinked My Eyes,,20200522-1900
https://www.buzzfeed.com/maitlandquitmeyer/best-memorial-day-sales-deals-2020?origin=hshp,"All The Best Memorial Day Weekend Deals
The savings start now.",,20200522-1900
https://www.buzzfeed.com/kaylasuazo/all-the-best-memorial-day-mattress-sales-2020?origin=hshp,All Of The Best Memorial Day Mattress Sales,,20200522-1900
https://www.buzzfeed.com/emmalord9/best-deals-wayfair-memorial-day-sale?origin=hshp,All The Best Deals At Wayfair's Memorial Day Sale,,20200522-1900
https://www.buzzfeed.com/abbykass/zappos-memorial-day-sale?origin=hshp,You Can Save On *So* Many Popular Shoes During The Zappos Memorial Day Sale,,20200522-1900
https://www.buzzfeed.com/elenamgarcia/dyson-is-having-a-pretty-major-memorial-day-sale-no-better?origin=hshp,Dyson Is Having A Pretty Major Memorial Day Sale — No Better Time Than Now To Get Yourself A New Vacuum,,20200522-1900
https://www.buzzfeed.com/shopping?origin=hshp,See more great product recommendations,,20200522-1900
https://www.buzzfeednews.com/article/ikrd/parents-buy-printer-when-girl-asks-for-ink?origin=web-hf,This Teen Needed A New Ink Cartridge. Her Parents Bought A Whole New Printer Instead.,,20200522-1900
/watch/video/103929,"I Made The Crazy Tornado Omelet 
Who knew eggs could even be made this way - can Inga make the epic tornado omelet rice? Follow Inga for more fun food content: https://www.instagram.com/ingatylam/",,20200522-1900
https://www.buzzfeed.com/andyneuenschwander/iphone-tricks-on-tiktok-blowing-my-mind-jessicawangofficial?origin=web-hf,This Fashion Influencer On TikTok Is Sharing iPhone Hacks And They're So Good,,20200522-1900
https://www.buzzfeednews.com/article/danvergano/coronavirus-malaria-drug-trump-deadly-hydroxychloroquine?origin=shp,"A New Study Says The Malaria Drug Touted (And Taken) By Trump Looks Deadly For Coronavirus Patients
“If there was ever hope for this drug, this is the death of it.”
4 hours ago",,20200522-1900
https://www.buzzfeednews.com/article/danvergano/coronavirus-tips-spike-loop-protein-symptoms-death?origin=shp,The Coronavirus Has A Mysterious “Loop” That Lets It Quickly Attack Human Lungs. Here’s How It Works.,,20200522-1900
https://www.buzzfeednews.com/article/janelytvynenko/coronavirus-spin-doctors?origin=shp,These Are The Fake Experts Pushing Pseudoscience And Conspiracy Theories About The Coronavirus Pandemic,,20200522-1900
https://www.buzzfeednews.com/article/davidmack/coronavirus-trump-test-positive-negative-answer-video?origin=shp,"Positive News! Trump Says He Tested Positively, Which Means Negative, For The Coronavirus.",,20200522-1900
https://www.buzzfeednews.com/article/clarissajanlim/doctor-congressional-hearing-coronavirus-second-wave-ppe?origin=shp,"A Doctor Told Lawmakers The Country Is Not ""Prepared For A Second Wave"" Of The Coronavirus",,20200522-1900
https://bzfd.it/noc-show,The daily News O'Clock podcast is here.,,20200522-1900
https://www.buzzfeed.com/morganmurrell/celebrity-instagrams-this-week-5-22-2020?origin=web-hf,18 Celebrity Instagrams You Probably Missed This Week,,20200522-1900
https://www.buzzfeed.com/daniellaemanuel/scary-tiktok-sandwich?origin=web-hf,"Everyone Is Terrified By This TikTok Sandwich, So I Decided To Try It",,20200522-1900
https://www.buzzfeed.com/kellymartinez/tired-of-video-meetings?origin=web-hf,"Zoom Fatigue Is Real, And You Probably Have It If You Relate To These 16 Tweets",,20200522-1900
https://www.buzzfeed.com/morgansloss1/celeb-quarantine-favorites?origin=web-hf,Which Famous People Would You Love To Quarantine With?,,20200522-1900
https://www.buzzfeed.com/josieayre1/super-cute-animal-tweets-that-will-melt-your-heart?origin=web-hf,21 Wholesome Tweets About Animals That Prove How Ridiculous They Are,,20200522-1900
https://www.buzzfeed.com/victoriavouloumanos/stars-who-are-mixed-asian-pacific-islander?origin=shp,"34 Multiracial Celebs Who Are Actually Asian Or Pacific Islander
Relatable and inspirational icons, all of ‘em.",,20200522-1900
https://www.buzzfeed.com/sumedha_bharpilania/which-indian-comfort-food-are-you?origin=shp,"If You Were An Indian Comfort Food, Which One Would You Be?",,20200522-1900
https://www.buzzfeed.com/michellemkim/asian-male-celebs-thirst?origin=shp,21 Asian Male Celebs That Have Us Feeling Oh So Very Thirsty,,20200522-1900
https://www.buzzfeed.com/michellemkim/which-anime-best-boy-are-you?origin=shp,Quiz: Which Anime Best Boy Are You?,,20200522-1900
https://www.buzzfeed.com/badge/apahm2020,See all of our APAHM coverage here,,20200522-1900
/watch/video/104128,"We Wore Monochromatic Outfits For A Week
""This might be a once and done, video exclusive, your eyes only!""",,20200522-1900
https://www.buzzfeed.com/hannahmarder/what-actor-from-a-teen-show-is-actually-amazing?origin=web-hf,Which Actors From Teen Dramas Were Better Than The Show They Were On?,,20200522-1900
https://www.buzzfeed.com/kirbybeaton/virtual-vacation-newsletter-bring-me,"If You're Missing Travel, Sign Up For Our ""Virtual Vacation"" Newsletter",,20200522-1900
https://www.buzzfeed.com/mjs538/martha-stewart-posted-an-extremely-sexual-instagram-caption?origin=web-hf,"Martha Stewart Accidentally Posted An Extremely Sexual Instagram Caption About Chicken And I Guess She's Really Horny, Y'all",,20200522-1900
https://www.buzzfeed.com/marvelhorcrux/sort-the-avengers-to-find-out-what-hogwarts-house-2aqu6d6aog?origin=web-hf,Where You Sort These Avengers Will Determine Which Hogwarts House You Belong In,,20200522-1900
https://www.buzzfeed.com/kaylayandoli/these-random-questions-will-reveal-the-decade-you-were-born?origin=web-hf,I Know The Decade You Were Born In Based On How You Answer These 15 Questions,,20200522-1900
https://www.buzzfeed.com/isabellalouise/can-you-name-every-capital-in-this-a-z-country-qui-g98utjsi6?origin=web-hf,"If You Can Get 22/24 On This Capital Quiz, Then You're Officially A Genius",,20200522-1900
https://www.buzzfeed.com/farrahpenn/phytophotodermatitis-sunlight-lime-photos?origin=web-hf,These Graphic Pictures Show What Can Happen If You Go Outside After Handling Limes,,20200522-1900
https://www.buzzfeed.com/hannahmarder/what-movies-about-mental-health-made-you-feel-seen,What Movies Got Mental Health Right?,,20200522-1900
https://www.buzzfeednews.com/article/scaachikoul/selling-sunset-season-2-netflix-adam-divello?origin=web-hf,I Went To The Set Of A Reality TV Show And It's Not Like What You Might Think,,20200522-1900
https://www.buzzfeed.com/marietelling/pantry-staple-recipes-on-a-budget?origin=web-hf,8 Non-Perishables That Belong In Every Kitchen (And How To Turn Them Into Meals),,20200522-1900
https://www.buzzfeed.com/whitneyjefferson/new-movies-being-released-may-22-2020?origin=web-hf,Here Are All Of The New Movies Coming Out This Weekend,,20200522-1900
https://www.buzzfeednews.com/article/davidmack/tiger-king-director-eric-goode-pays-restaurant-staff?origin=web-hf,"The Director Of ""Tiger King"" Has Now Paid Restaurant Staff He Laid Off Due To The Coronavirus Pandemic",,20200522-1900
https://www.buzzfeed.com/daves4/childhood-house-quiz?origin=web-hf,"Sorry, But It's Pretty Much Impossible To Pass This Quiz If You're Over 30",,20200522-1900
https://www.buzzfeed.com/pablovaldivia/cats-being-rude?origin=web-hf,21 Cats Who Know They're Adorable Jerks And Are Proud Of It,,20200522-1900
https://www.buzzfeednews.com/article/ryancbrooks/joe-biden-charlamagne-black-breakfast-club?origin=web-hf,"Joe Biden Told Charlamagne He ""Ain't Black"" If He's Having Trouble Deciding Whether To Vote For Him Or Trump",,20200522-1900
https://www.buzzfeednews.com/article/kadiagoba/small-business-loans-ppp-sba-inspector-general-report?origin=web-hf,Women- And Minority-Owned Small Businesses Are Struggling To Get Federal Loans During The Pandemic. A Watchdog Says The Government Failed To Prioritize Them.,,20200522-1900
/watch/video/105061,"I Tried Boba Ice Cream From This Viral Ice Cream Shop
Follow Jasmine for more travel & food content! https://www.instagram.com/jasminepak/ ✨ Boba pints are only available online during Online Pint Drops. They will be available in-store at the opening of the Fairfax location in June! Check https://www.wanderlustcreamery.com/ for their latest updates for availability.",,20200522-1900
https://www.buzzfeednews.com/article/davidmack/son-stabs-dad-murder-zoom-call?origin=web-hf,A Guy Was On A Zoom Call When His Son Allegedly Stabbed Him To Death,,20200522-1900
https://www.buzzfeed.com/eleanorbate/kristen-bell-daughter-diapers-mom-shaming?origin=web-hf,"Kristen Bell Opened Up About Mom-Shaming And Revealed Her Five-Year-Old Daughter Is ""Still In Diapers""",,20200522-1900
https://www.buzzfeed.com/lyapalater/things-famous-people-were-photographed-doing-this-week-5-22?origin=web-hf,16 Things Famous People Were Photographed Doing This Week,,20200522-1900
https://www.buzzfeed.com/valentinamustafa/we-can-guess-the-initials-of-your-soulmate-by-your-3xftdit82c?origin=web-hf,Wanna Know Your Future Soulmate's Initials? Just Tell Us Your Music Preferences To Find Out,,20200522-1900
https://www.buzzfeed.com/lakenbrooks222/eat-your-favorite-desserts-and-well-tell-you-whic-yf5ecuouc?origin=web-hf,Eat Your Favorite Desserts And We'll Tell You Which Disney Villain You Are,,20200522-1900
https://www.buzzfeed.com/elliewoodward/kristin-cavallaris-friend-kelly-henderson-instagram-drama?origin=web-hf,Kristin Cavallari's Ex-Best Friend Is Being Dragged In Her Instagram Comments Over Jay Cutler Again And This Time She’s Responded,,20200522-1900
https://www.buzzfeed.com/soothnessbyshubhamg/here-are-disney-movies-10-supporting-characters-9rq6ct7w5j?origin=web-hf,Most Disney Fans Will Not Be Able To Identify Which Movie These Supporting Characters Are From,,20200522-1900
https://www.buzzfeed.com/flienlikesunicorn/what-percent-unicorn-are-you-964u4ihd3e?origin=web-hf,What Percent Unicorn Are You?,,20200522-1900
/watch/video/102294,"We Didn't Use Toilet Paper For A Week 
Auri gets Steve to try reusable toilet paper, will he like it?",,20200522-1900
https://www.buzzfeed.com/leonielove/are-you-a-disney-nerd-even-if-you-arent-you-can-bpsaewfmso?origin=web-hf,Only A True Disney Nerd Can Score At Least 6/7 On This Disney Movie Quiz,,20200522-1900
https://www.buzzfeed.com/bluewave/choose-a-makeup-routine-and-well-guess-your-eye-c-3l7xx9lyjo?origin=web-hf,Create A Makeup Routine And We'll Guess Your Eye Color With 91% Accuracy,,20200522-1900
https://www.buzzfeed.com/morgansloss1/sorry-but-you-can-only-pick-one-movie-character-for-every?origin=web-hf,Let's See If You'd Pick The Same Movie Character For Every Letter Of The Alphabet As Everyone Else,,20200522-1900
https://www.buzzfeed.com/laurengarafano/pick-one-hot-guy-per-teen-drama-poll?origin=web-hf,I Regret To Inform You That You Can Only Pick One Hot Guy Per TV Show,,20200522-1900
https://www.buzzfeed.com/sam_cleal/guess-the-celeb-by-their-parent-quiz?origin=web-hf,Here Are 16 Celebrity Parents – If You Can Match At Least Half To Their Child I'll Be Impressed,,20200522-1900
https://www.buzzfeed.com/kaylaboyd/laundry-tips-our-readers-actually-swear-by?origin=web-hf,17 Laundry Tips Our Readers Actually Swear By,,20200522-1900
https://www.buzzfeednews.com/article/joshbillinson/cats-fighting-chuck-e-cheeze-pizzeria?origin=web-hf,"Did You See These Cats Interrupt A News Broadcast? Plus, Chuck E. Cheese’s Delivery Secret!",,20200522-1900
https://www.buzzfeed.com/benhenry/demi-lovato-boyfriend-max-ehrich-old-tweet?origin=web-hf,Demi Lovato Shared An Old Tweet Her Boyfriend Posted In 2011 About Wanting To Date Her And The Whole Thing Is Super Cute,,20200522-1900
/watch/video/99501,"Boricua From The Island vs The Mainland 
Love one another, Puerto Ricans from around the world!",,20200522-1900
https://www.buzzfeed.com/terrycarter/jeannie-mai-quarantine-interview?origin=web-hf,Jeannie Mai Shared What She's Been Doing At Home And It Sounds Like Her Quarantine Has Been Lit,,20200522-1900
https://www.buzzfeed.com/frazyeah/plan-a-european-road-trip-and-ill-give-you-an-und-d9677ttbfw?origin=web-hf,We'll Give You An Underrated Netflix Movie To Watch Based On The European Road Trip You Plan,,20200522-1900
https://www.buzzfeed.com/sp177/if-you-can-name-all-10-of-these-animals-from-frien-f9ehybf6k8?origin=web-hf,"You Might Be Obsessed With ""Friends"" If You Can Pass This ""Jeopardy!"" Trivia Quiz About The Animals In The Show",,20200522-1900
https://www.buzzfeed.com/whitneyjefferson/tuca-bertie-coming-back-to-adult-swim-2021?origin=web-hf,"Get Excited: ""Tuca And Bertie"" Is Returning With A Second Season",,20200522-1900
https://www.buzzfeed.com/nusrat21/eloquii-sale-post-50-percent-off-sale?origin=web-hf,Eloquii Is Giving 50% Off On Items Already On Sale And Your Summer Wardrobe Is About To Be The Most Stylish It's Ever Been,,20200522-1900
https://www.buzzfeed.com/malloryannp/bed-frames-thatll-basically-be-the-star-of-your-bedroom?origin=web-hf,29 Bed Frames That'll Basically Be The Star Of Your Bedroom,,20200522-1900
https://www.buzzfeed.com/hannahmarder/can-you-name-a-harry-potter-character-for-every-letter-of?origin=web-hf,"26 ""Harry Potter"" Characters Stand Between You And Acing This Quiz",,20200522-1900
https://www.buzzfeed.com/audreyworboys/17-popular-quizzes-this-week?origin=web-hf,17 Totally Tubular Quizzes You Should Take If You Want To Waste Some Time,,20200522-1900
/watch/video/105540,"Camp Counselor Horror Stories
In honor of summer former camp counselors share their craziest, weirdest and funniest experiences from camp.",,20200522-1900
https://www.buzzfeednews.com/article/henrygomez/val-demings-joe-biden-vice-president?origin=web-hf,Val Demings Is On Joe Biden’s VP List. She Says She Has The “Real Life” Experience For The Job.,,20200522-1900
https://www.buzzfeed.com/katyherman/modcloth-memorial-day-sale?origin=web-hf,"If You're Looking For Cute Summer Clothes, Everything At ModCloth Is 30%-40% Off For Memorial Day",,20200522-1900
https://www.buzzfeed.com/melanie_aman/backcountry-memorial-day-weekend-sale-up-to-50-off?origin=web-hf,Just FYI: Backcountry's Having A Huge Sale On Everything You Need For Summer,,20200522-1900
https://www.buzzfeed.com/hanifahrahman/what-tv-show-inconsistency-will-you-never-forget?origin=web-hf,Tell Us The Most Annoying TV Inconsistency You Know,,20200522-1900
https://www.buzzfeednews.com/article/tanyachen/are-shady-instagram-giveaways-the-new-mlms?origin=web-hf,These Controversial Loop Giveaways On Instagram Have Some Things In Common With MLMs,,20200522-1900
https://www.buzzfeed.com/almondmilk24/are-you-more-like-shrek-or-donkey-from-the-shrek-m-b2yysxzsot?origin=web-hf,This Personality Quiz Will Determine If You're More Like Shrek Or Donkey,,20200522-1900
https://www.buzzfeed.com/kylerichmond/really-hard-quiz-about-canada?origin=web-hf,This Random Knowledge Quiz On Canada Will Stump You By Level 25,,20200522-1900
https://www.buzzfeed.com/christyz23/take-this-quiz-to-see-how-you-will-blow-up-on-tikt-9km5keymm2?origin=web-hf,What Will You Be TikTok Famous For?,,20200522-1900
/watch/video/105310,"Loren Gray Reads Her Instagram DMs
Loren Gray bravely sits down to do a deep dive into her Instagram DM requests, which include supportive fans, the obligatory haters, and even some marriage proposals from complete strangers. Check out Loren’s new single “Cake” now: https://www.youtube.com/watch?v=klwWrurkjgc",,20200522-1900
https://www.buzzfeed.com/jmihaly/home-long-run-benefits?origin=web-hf,31 Somewhat Random Things To Buy For Your Home That'll Benefit You In The Long Run,,20200522-1900
https://www.buzzfeed.com/emmamcanaw/masks-made-here-20-off-sale?origin=web-hf,"If You're Bored Of Your Face Mask, Masks Made Here Is Having A 20% Off Sale",,20200522-1900
https://www.buzzfeednews.com/article/albertonardelli/trump-g7-coronavirus?origin=web-hf,Trump Wants To Hold The G7 Summit In Person But He Didn’t Ask Other World Leaders About The Idea Before Tweeting It,,20200522-1900
https://www.buzzfeed.com/mikespohr/mindblowing-facts?origin=web-hf,18 Random Facts That Absolutely Blew People's Minds On Twitter,,20200522-1900
https://www.buzzfeed.com/zipporkella/what-percent-typical-nerd-are-you-c09ywjxe9m?origin=web-hf,"If You Check Off At Least 17/26 Things On This List, Then You're A Total Nerd",,20200522-1900
https://www.buzzfeed.com/tessafahey/iconic-rom-com-checklist?origin=web-hf,How Many Iconic Rom-Coms Have You Actually Seen?,,20200522-1900
https://www.buzzfeed.com/tatianatenreyrowhitlock/lady-gaga-and-ariana-grande-song?origin=web-hf,"Lady Gaga And Ariana Grande Just Made The Weekend More Exciting By Dropping Their Song ""Rain On Me""",,20200522-1900
https://www.buzzfeed.com/noradominick/celeb-iconic-characters-trivia-quiz?origin=web-hf,These Iconic TV And Movie Characters Were Played By The Same Actor — Can You Tell Them Apart?,,20200522-1900
/watch/video/105538,Can These Exes Be Friends?,,20200522-1900
https://www.buzzfeed.com/jenniferabidor/jokes-about-disney-villains?origin=web-hf,21 Times The Internet Roasted The Disney Villains,,20200522-1900
https://www.buzzfeed.com/tatianatenreyrowhitlock/lana-del-rey-responds-to-backlash-over-instagram-post?origin=web-hf,"Lana Del Rey Responded To The Backlash Toward Her Instagram Post, Saying She's Sad People Made It A ""WOC Issue""",,20200522-1900
https://www.buzzfeed.com/huynht2510/can-we-guess-your-most-recent-emoji-by-this-quiz-eqcv8mgpxb?origin=web-hf,Build A House And We'll Accurately Guess Your Most Recently Used Emoji,,20200522-1900
https://www.buzzfeed.com/farrahpenn/finals-week-zoom-university-fails?origin=web-hf,18 Times The Students Of Zoom University Really Struggled Through Finals Week,,20200522-1900
https://www.buzzfeed.com/mjs538/early-2000s-pictures-for-millennials?origin=web-hf,33 Pictures That Millennials Will Have To Explain To Generation Alpha Someday,,20200522-1900
https://www.buzzfeednews.com/article/laurenstrapagiel/influencers-say-instagram-is-more-likely-to-remove-photos?origin=web-hf,"Influencers Say Instagram Is Biased Against Plus-Size Bodies, And They May Be Right",,20200522-1900
https://www.buzzfeed.com/morganmurrell/drake-called-kylie-jenner-side-piece-apology?origin=web-hf,"Drake Name-Dropped Kylie Jenner, Kendall Jenner, And Gigi Hadid In A Song, Then Issued An Apology Statement",,20200522-1900
https://www.buzzfeed.com/yiyang/futuristic-products-thatll-probably-make-you-feel-like?origin=web-hf,35 Futuristic Products That’ll Probably Make You Feel Like You’re Living In 3020,,20200522-1900
/watch/video/102332,"I Followed Bretman Rock's Oldest And Newest Makeup Tutorial
""This could either be a revelation or a giant mistake.""",,20200522-1900
https://www.buzzfeed.com/christopherhudspeth/oh-come-on-facepalm-that-sucks-things?origin=web-hf,15 Facepalm-Worthy Things Humans Recently Did During This Pandemic That Make Me Hope Aliens Aren't Watching,,20200522-1900
https://www.buzzfeed.com/briangalindo/21-tbt-photos-celebs-posted-on-instagram-may-21?origin=web-hf,Here's What Chrissy Teigen And 20 Other Celebrities Shared This Week For #TBT,,20200522-1900
https://www.buzzfeed.com/tatianatenreyrowhitlock/michael-cera-aubrey-plaza-chuck-e-cheese-pic?origin=web-hf,Michael Cera And Aubrey Plaza's Chuck E. Cheese Photo Is Legendary And Now We Have The Whole Story,,20200522-1900
https://www.buzzfeed.com/briangalindo/chris-pratt-accidentally-deleted-over-35000-unread-emails?origin=web-hf,"Chris Pratt Accidentally Deleted More Than 35,000 Unread Emails After His Son Gasped At His Full Inbox",,20200522-1900
https://www.buzzfeednews.com/article/skbaer/ahmaud-arbery-death-william-bryan-arrest?origin=web-hf,The Man Who Recorded Video Of Ahmaud Arbery Being Shot Has Been Arrested On A Murder Charge,,20200522-1900
https://www.buzzfeed.com/sydrobinson1/before-and-after-pets-being-adopted-quarantine?origin=web-hf,21 Before-And-After Pictures Of Pets Who Were Adopted During Quarantine,,20200522-1900
https://www.buzzfeed.com/daves4/everyone-hates-but-does?origin=web-hf,27 Things Everyone On Earth Hates That They Do But Does Anyway,,20200522-1900
https://www.buzzfeed.com/hannahmarder/teen-drama-characters-that-did-not-need-to-die?origin=web-hf,20 Of The Most Tragically Unnecessary Deaths From Teen Dramas,,20200522-1900
/watch/video/105809,"The ""Outer Banks"" Cast Answers Your Burning Questions
Your favorite Pogues return as the cast of the hit Netflix series “Outer Banks” (Chase Stokes, Madelyn Cline, Madison Bailey, Rudy Pankow, and Jonathan Daviss) all sit down to answer your burning questions, from how their lives have changed since the show’s debut, to what they think will happen in season two, all the way to which major roles they’ve auditioned for in the past but didn’t get…which leads to one cast member revealing that he very nearly spent some time in a galaxy far, far away.",,20200522-1900
https://www.buzzfeednews.com,BuzzFeed NewsReporting on what you care about. We hold major institutions accountable and expose wrongdoing.,,20200522-1930
https://www.tasty.co,"BuzzFeed TastySearch, watch, and cook every single Tasty recipe and video ever - all in one place!",,20200522-1930
https://www.buzzfeed.com/goodful,"BuzzFeed GoodfulSelf care and ideas to help you live a healthier, happier life.",,20200522-1930
https://www.buzzfeed.com/bringme,"BuzzFeed Bring MeObsessed with travel? Discover unique things to do, places to eat, and sights to see in the best destinations around the world with Bring Me!",,20200522-1930
https://www.buzzfeed.com/asis,"BuzzFeed As IsSomething for everyone interested in hair, makeup, style, and body positivity.",,20200522-1930
https://www.buzzfeed.com/andyneuenschwander/iphone-tricks-on-tiktok-blowing-my-mind-jessicawangofficial?ref=hpsplash&origin=spl,These iPhone Tricks On TikTok Are Kinda Blowing My Mind Right Now,,20200522-1930
https://www.buzzfeed.com/hbraga/kitchen-products-worth-investment?origin=hpp,38 Kitchen Products That Are Totally Worth The Investment,,20200522-1930
https://www.buzzfeed.com/newsletters?ref=hplego,"WTF Is Happening Today? BuzzFeed Newsletters Can Help!
We have newsletters to help you stay in the loop AND newsletters to help you forget! Try one today!",,20200522-1930
https://www.buzzfeed.com/mjs538/ariana-grande-without-ponytail-in-lady-gaga-music-video?origin=web-hf,Ariana Grande Took Down Her Ponytail And Lady Gaga Put Hers Up In The Gayest Moment Of 2020,,20200522-1930
https://www.buzzfeed.com/kristatorres/celebrity-kids-who-have-basically-became-adults?origin=web-hf,10 Famous Kids Who Have Basically Became Adults Since I Last Blinked My Eyes,,20200522-1930
https://www.buzzfeed.com/andrewziegler/quiz-party?origin=shp,"You Can Now Take BuzzFeed Quizzes In Real Time With Your Friends — You’re Welcome
Let’s get this party started.",,20200522-1930
https://www.buzzfeed.com/jenniferabidor/friends-a-to-z?origin=shp,"This ""Friends"" A–Z Quiz Will Reveal Which Main Character You Are",,20200522-1930
https://www.buzzfeed.com/sarahaspler/taste-in-disney-movies-age-quiz?origin=shp,Can We Accurately Guess Your Age Based On Your Taste In Disney Movies?,,20200522-1930
https://www.buzzfeed.com/andrewziegler/quiz-romantic-type?origin=shp,There Are Actually Only Four Romantic Types And We Can Accurately Guess Yours,,20200522-1930
https://www.buzzfeed.com/sarahaspler/everyone-has-a-fruit-that-matches-their-personalit?origin=shp,Everyone Has A Fruit That Matches Their Personality – Here’s Yours,,20200522-1930
https://www.buzzfeed.com/quizparty,Keep the quiz party going,,20200522-1930
https://www.buzzfeednews.com/article/ikrd/parents-buy-printer-when-girl-asks-for-ink?origin=web-hf,This Teen Needed New Ink. Her Parents Came Back With A Whole New Printer Instead.,,20200522-1930
https://www.buzzfeed.com/morganmurrell/celebrity-instagrams-this-week-5-22-2020?origin=web-hf,18 Celebrity Instagrams You Probably Missed This Week,,20200522-1930
https://www.buzzfeed.com/maitlandquitmeyer/best-memorial-day-sales-deals-2020?origin=hshp,"All The Best Memorial Day Weekend Deals
The savings start now.",,20200522-1930
https://www.buzzfeed.com/kaylasuazo/all-the-best-memorial-day-mattress-sales-2020?origin=hshp,All Of The Best Memorial Day Mattress Sales,,20200522-1930
https://www.buzzfeed.com/emmalord9/best-deals-wayfair-memorial-day-sale?origin=hshp,All The Best Deals At Wayfair's Memorial Day Sale,,20200522-1930
https://www.buzzfeed.com/abbykass/zappos-memorial-day-sale?origin=hshp,You Can Save On *So* Many Popular Shoes During The Zappos Memorial Day Sale,,20200522-1930
https://www.buzzfeed.com/elenamgarcia/dyson-is-having-a-pretty-major-memorial-day-sale-no-better?origin=hshp,Dyson Is Having A Pretty Major Memorial Day Sale — No Better Time Than Now To Get Yourself A New Vacuum,,20200522-1930
https://www.buzzfeed.com/shopping?origin=hshp,See more great product recommendations,,20200522-1930
https://www.buzzfeed.com/kellymartinez/tired-of-video-meetings?origin=web-hf,"Zoom Fatigue Is Real, And You Probably Have It If You Relate To These 16 Tweets",,20200522-1930
/watch/video/103685,"New Orleans Vlog : A Rat Came In And Pooped In Our Airbnb!!! | Jasmine Pak
If you guys are looking for what to do in New Orleans, feel free to use this as a guide! ... minus the rat in the Airbnb part haha.  Let me know if you want to see more travel vlogs in the future when we're all able to get out of quarantine!   My friends and I have been meeting up every few months in a different location since graduating college. Where should we go next? Follow me on Instagram! @jasminepak",,20200522-1930
https://www.buzzfeed.com/marinettestitch/can-you-guess-the-disney-princess-just-by-her-colo-epcyfshdi7?origin=web-hf,Guess The Disney Princess From Her Colour Palette And We'll Reveal How Much Of A Disney Stan You Are,,20200522-1930
https://www.buzzfeednews.com/article/danvergano/coronavirus-malaria-drug-trump-deadly-hydroxychloroquine?origin=shp,"A New Study Says The Malaria Drug Touted (And Taken) By Trump Looks Deadly For Coronavirus Patients
“If there was ever hope for this drug, this is the death of it.”
4 hours ago",,20200522-1930
https://www.buzzfeednews.com/article/danvergano/coronavirus-tips-spike-loop-protein-symptoms-death?origin=shp,The Coronavirus Has A Mysterious “Loop” That Lets It Quickly Attack Human Lungs. Here’s How It Works.,,20200522-1930
https://www.buzzfeednews.com/article/janelytvynenko/coronavirus-spin-doctors?origin=shp,These Are The Fake Experts Pushing Pseudoscience And Conspiracy Theories About The Coronavirus Pandemic,,20200522-1930
https://www.buzzfeednews.com/article/davidmack/coronavirus-trump-test-positive-negative-answer-video?origin=shp,"Positive News! Trump Says He Tested Positively, Which Means Negative, For The Coronavirus.",,20200522-1930
https://www.buzzfeednews.com/article/clarissajanlim/doctor-congressional-hearing-coronavirus-second-wave-ppe?origin=shp,"A Doctor Told Lawmakers The Country Is Not ""Prepared For A Second Wave"" Of The Coronavirus",,20200522-1930
https://bzfd.it/noc-show,The daily News O'Clock podcast is here.,,20200522-1930
https://www.buzzfeed.com/josieayre1/super-cute-animal-tweets-that-will-melt-your-heart?origin=web-hf,21 Wholesome Tweets About Animals That Prove How Ridiculous They Are,,20200522-1930
https://www.buzzfeed.com/daniellaemanuel/scary-tiktok-sandwich?origin=web-hf,"I Made A Peanut Butter, Mayonnaise, And Pickle Sandwich That I Saw On TikTok",,20200522-1930
https://www.buzzfeed.com/mjs538/martha-stewart-posted-an-extremely-sexual-instagram-caption?origin=web-hf,"Martha Stewart Accidentally Posted An Extremely Sexual Instagram Caption About Chicken And I Guess She's Really Horny, Y'all",,20200522-1930
https://www.buzzfeed.com/kaylayandoli/these-random-questions-will-reveal-the-decade-you-were-born?origin=web-hf,I Know The Decade You Were Born In Based On How You Answer These 15 Questions,,20200522-1930
https://www.buzzfeed.com/morgansloss1/celeb-quarantine-favorites?origin=web-hf,Which Famous People Would You Love To Quarantine With?,,20200522-1930
https://www.buzzfeed.com/victoriavouloumanos/stars-who-are-mixed-asian-pacific-islander?origin=shp,"34 Multiracial Celebs Who Are Actually Asian Or Pacific Islander
Relatable and inspirational icons, all of ‘em.",,20200522-1930
https://www.buzzfeed.com/sumedha_bharpilania/which-indian-comfort-food-are-you?origin=shp,"If You Were An Indian Comfort Food, Which One Would You Be?",,20200522-1930
https://www.buzzfeed.com/michellemkim/asian-male-celebs-thirst?origin=shp,21 Asian Male Celebs That Have Us Feeling Oh So Very Thirsty,,20200522-1930
https://www.buzzfeed.com/michellemkim/which-anime-best-boy-are-you?origin=shp,Quiz: Which Anime Best Boy Are You?,,20200522-1930
https://www.buzzfeed.com/badge/apahm2020,See all of our APAHM coverage here,,20200522-1930
/watch/video/103929,"I Made The Crazy Tornado Omelet 
Who knew eggs could even be made this way - can Inga make the epic tornado omelet rice? Follow Inga for more fun food content: https://www.instagram.com/ingatylam/",,20200522-1930
https://www.buzzfeed.com/farrahpenn/phytophotodermatitis-sunlight-lime-photos?origin=web-hf,These Graphic Pictures Show What Can Happen If You Go Outside After Handling Limes,,20200522-1930
https://www.buzzfeed.com/kebornholtz/dont-miss-any-of-our-oscars-coverage-with-our-oscars-guide,Find The Next Show To Binge On With Our TV & Movies Newsletter!,,20200522-1930
https://www.buzzfeed.com/isabellalouise/can-you-name-every-capital-in-this-a-z-country-qui-g98utjsi6?origin=web-hf,I Will Be Seriously Impressed If You Can Name The Capitals Of These 24 Countries,,20200522-1930
https://tasty.co/article/marietelling/pantry-staple-recipes-on-a-budget?origin=web-hf,8 Non-Perishables That Belong In Every Kitchen (And How To Turn Them Into Meals),,20200522-1930
https://www.buzzfeed.com/daves4/childhood-house-quiz?origin=web-hf,"Sorry, But If You're Over 30 It's Pretty Much Impossible To Pass This Quiz",,20200522-1930
https://www.buzzfeednews.com/article/scaachikoul/selling-sunset-season-2-netflix-adam-divello?origin=web-hf,I Went To The Set Of A Reality TV Show And It's Not Like What You Might Think,,20200522-1930
https://www.buzzfeed.com/pablovaldivia/cats-being-rude?origin=web-hf,21 Cats Who Know They're Adorable Jerks And Are Proud Of It,,20200522-1930
https://www.buzzfeed.com/hannahmarder/what-actor-from-a-teen-show-is-actually-amazing,What Actor From A Teen Show Is Actually Amazing?,,20200522-1930
/watch/video/104128,"We Wore Monochromatic Outfits For A Week
""This might be a once and done, video exclusive, your eyes only!""",,20200522-1930
https://www.buzzfeed.com/whitneyjefferson/new-movies-being-released-may-22-2020?origin=web-hf,Here Are All Of The New Movies Coming Out This Weekend,,20200522-1930
https://www.buzzfeed.com/marvelhorcrux/sort-the-avengers-to-find-out-what-hogwarts-house-2aqu6d6aog?origin=web-hf,Where You Sort These Avengers Will Determine Which Hogwarts House You Belong In,,20200522-1930
https://www.buzzfeednews.com/article/ryancbrooks/joe-biden-charlamagne-black-breakfast-club?origin=web-hf,"Joe Biden Told Charlamagne He ""Ain't Black"" If He's Having Trouble Deciding Whether To Vote For Him Or Trump",,20200522-1930
https://www.buzzfeednews.com/article/davidmack/son-stabs-dad-murder-zoom-call?origin=web-hf,A Guy Was On A Zoom Call When His Son Allegedly Stabbed Him To Death,,20200522-1930
https://www.buzzfeed.com/eleanorbate/kristen-bell-daughter-diapers-mom-shaming?origin=web-hf,"Kristen Bell Opened Up About Mom-Shaming And Revealed Her Five-Year-Old Daughter Is ""Still In Diapers""",,20200522-1930
https://www.buzzfeed.com/lyapalater/things-famous-people-were-photographed-doing-this-week-5-22?origin=web-hf,16 Things Famous People Were Photographed Doing This Week,,20200522-1930
https://www.buzzfeed.com/valentinamustafa/we-can-guess-the-initials-of-your-soulmate-by-your-3xftdit82c?origin=web-hf,Wanna Know Your Future Soulmate's Initials? Just Tell Us Your Music Preferences To Find Out,,20200522-1930
https://www.buzzfeednews.com/article/davidmack/tiger-king-director-eric-goode-pays-restaurant-staff?origin=web-hf,"The Director Of ""Tiger King"" Has Now Paid Restaurant Staff He Laid Off Due To The Coronavirus Pandemic",,20200522-1930
https://www.buzzfeed.com/lakenbrooks222/eat-your-favorite-desserts-and-well-tell-you-whic-yf5ecuouc?origin=web-hf,Eat Your Favorite Desserts And We'll Tell You Which Disney Villain You Are,,20200522-1930
https://www.buzzfeednews.com/article/paulmcleod/coronavirus-states-reopening-back-to-work-lawsuits?origin=web-hf,Employers May Soon Get Protected From Lawsuits While Workers and Customers Are Left In The Dark On Safety,,20200522-1930
https://www.buzzfeed.com/elliewoodward/kristin-cavallaris-friend-kelly-henderson-instagram-drama?origin=web-hf,Kristin Cavallari's Ex-Best Friend Is Being Dragged In Her Instagram Comments Over Jay Cutler Again And This Time She’s Responded,,20200522-1930
https://www.buzzfeednews.com/article/maryanngeorgantopoulos/coronavirus-quaranteam-expanding-quarantine-circles?origin=web-hf,Tell Us: How Are You Expanding Your Quaranteam To Include More People?,,20200522-1930
https://www.buzzfeed.com/soothnessbyshubhamg/here-are-disney-movies-10-supporting-characters-9rq6ct7w5j?origin=web-hf,Most Disney Fans Will Not Be Able To Identify Which Movie These Supporting Characters Are From,,20200522-1930
https://www.buzzfeed.com/flienlikesunicorn/what-percent-unicorn-are-you-964u4ihd3e?origin=web-hf,Answer Some Easy Questions To Find Out Exactly What Percent Unicorn You Are,,20200522-1930
https://www.buzzfeed.com/leonielove/are-you-a-disney-nerd-even-if-you-arent-you-can-bpsaewfmso?origin=web-hf,Only A True Disney Nerd Can Score At Least 6/7 On This Disney Movie Quiz,,20200522-1930
https://www.buzzfeednews.com/article/kadiagoba/small-business-loans-ppp-sba-inspector-general-report?origin=web-hf,Small Businesses Owned By Women And Minorities Are Struggling To Get Federal Loans During The Coronavirus Pandemic,,20200522-1930
/watch/video/105061,"I Tried Boba Ice Cream From This Viral Ice Cream Shop
Follow Jasmine for more travel & food content! https://www.instagram.com/jasminepak/ ✨ Boba pints are only available online during Online Pint Drops. They will be available in-store at the opening of the Fairfax location in June! Check https://www.wanderlustcreamery.com/ for their latest updates for availability.",,20200522-1930
https://www.buzzfeed.com/bluewave/choose-a-makeup-routine-and-well-guess-your-eye-c-3l7xx9lyjo?origin=web-hf,Create A Makeup Routine And We'll Guess Your Eye Color With 91% Accuracy,,20200522-1930
https://www.buzzfeed.com/morgansloss1/sorry-but-you-can-only-pick-one-movie-character-for-every?origin=web-hf,Let's See If You'd Pick The Same Movie Character For Every Letter Of The Alphabet As Everyone Else,,20200522-1930
https://www.buzzfeed.com/laurengarafano/pick-one-hot-guy-per-teen-drama-poll?origin=web-hf,I Regret To Inform You That You Can Only Pick One Hot Guy Per TV Show,,20200522-1930
https://www.buzzfeed.com/sam_cleal/guess-the-celeb-by-their-parent-quiz?origin=web-hf,Here Are 16 Celebrity Parents – If You Can Match At Least Half To Their Child I'll Be Impressed,,20200522-1930
https://www.buzzfeed.com/kaylaboyd/laundry-tips-our-readers-actually-swear-by?origin=web-hf,17 Laundry Tips Our Readers Actually Swear By,,20200522-1930
https://www.buzzfeed.com/benhenry/demi-lovato-boyfriend-max-ehrich-old-tweet?origin=web-hf,Demi Lovato Shared An Old Tweet Her Boyfriend Posted In 2011 About Wanting To Date Her And The Whole Thing Is Super Cute,,20200522-1930
https://www.buzzfeednews.com/article/joshbillinson/cats-fighting-chuck-e-cheeze-pizzeria?origin=web-hf,"Did You See These Cats Interrupt A News Broadcast? Plus, Chuck E. Cheese’s Delivery Secret!",,20200522-1930
https://www.buzzfeed.com/terrycarter/jeannie-mai-quarantine-interview?origin=web-hf,Jeannie Mai Shared What She's Been Doing At Home And It Sounds Like Her Quarantine Has Been Lit,,20200522-1930
/watch/video/102294,"We Didn't Use Toilet Paper For A Week 
Auri gets Steve to try reusable toilet paper, will he like it?",,20200522-1930
https://www.buzzfeed.com/frazyeah/plan-a-european-road-trip-and-ill-give-you-an-und-d9677ttbfw?origin=web-hf,We'll Give You An Underrated Netflix Movie To Watch Based On The European Road Trip You Plan,,20200522-1930
https://www.buzzfeed.com/sp177/if-you-can-name-all-10-of-these-animals-from-frien-f9ehybf6k8?origin=web-hf,"You Might Be Obsessed With ""Friends"" If You Can Pass This ""Jeopardy!"" Trivia Quiz About The Animals In The Show",,20200522-1930
https://www.buzzfeed.com/nusrat21/eloquii-sale-post-50-percent-off-sale?origin=web-hf,Eloquii Is Giving 50% Off On Items Already On Sale And Your Summer Wardrobe Is About To Be The Most Stylish It's Ever Been,,20200522-1930
https://www.buzzfeed.com/malloryannp/bed-frames-thatll-basically-be-the-star-of-your-bedroom?origin=web-hf,29 Bed Frames That'll Basically Be The Star Of Your Bedroom,,20200522-1930
https://www.buzzfeed.com/hannahmarder/can-you-name-a-harry-potter-character-for-every-letter-of?origin=web-hf,"26 ""Harry Potter"" Characters Stand Between You And Acing This Quiz",,20200522-1930
https://www.buzzfeed.com/whitneyjefferson/tuca-bertie-coming-back-to-adult-swim-2021?origin=web-hf,"Get Excited: ""Tuca And Bertie"" Is Returning With A Second Season",,20200522-1930
https://www.buzzfeed.com/audreyworboys/17-popular-quizzes-this-week?origin=web-hf,"17 Exquisite Quizzes That Are Top Shelf, If I Do Say So Myself",,20200522-1930
https://www.buzzfeed.com/melanie_aman/backcountry-memorial-day-weekend-sale-up-to-50-off?origin=web-hf,Just FYI: Backcountry's Having A Huge Sale On Everything You Need For Summer,,20200522-1930
/watch/video/99501,"Boricua From The Island vs The Mainland 
Love one another, Puerto Ricans from around the world!",,20200522-1930
https://www.buzzfeed.com/katyherman/modcloth-memorial-day-sale?origin=web-hf,"It's Time To Treat Yourself, Because Everything At ModCloth Is At Least 30% Off For Memorial Day",,20200522-1930
https://www.buzzfeednews.com/article/henrygomez/val-demings-joe-biden-vice-president?origin=web-hf,Val Demings Is On Joe Biden’s VP List. She Says She Has The “Real Life” Experience For The Job.,,20200522-1930
https://www.buzzfeed.com/hanifahrahman/what-tv-show-inconsistency-will-you-never-forget?origin=web-hf,Tell Us The Most Annoying TV Inconsistency You Know,,20200522-1930
https://www.buzzfeednews.com/article/tanyachen/are-shady-instagram-giveaways-the-new-mlms?origin=web-hf,These Controversial Loop Giveaways On Instagram Have Some Things In Common With MLMs,,20200522-1930
https://www.buzzfeed.com/almondmilk24/are-you-more-like-shrek-or-donkey-from-the-shrek-m-b2yysxzsot?origin=web-hf,This Personality Quiz Will Determine If You're More Like Shrek Or Donkey,,20200522-1930
https://www.buzzfeed.com/kylerichmond/really-hard-quiz-about-canada?origin=web-hf,This Random Knowledge Quiz On Canada Will Stump You By Level 25,,20200522-1930
https://www.buzzfeed.com/christyz23/take-this-quiz-to-see-how-you-will-blow-up-on-tikt-9km5keymm2?origin=web-hf,What Will You Be TikTok Famous For?,,20200522-1930
https://www.buzzfeed.com/jmihaly/home-long-run-benefits?origin=web-hf,31 Somewhat Random Things To Buy For Your Home That'll Benefit You In The Long Run,,20200522-1930
/watch/video/105540,"Camp Counselor Horror Stories
In honor of summer former camp counselors share their craziest, weirdest and funniest experiences from camp.",,20200522-1930
https://www.buzzfeed.com/emmamcanaw/masks-made-here-20-off-sale?origin=web-hf,"If You're Bored Of Your Face Mask, Masks Made Here Is Having A 20% Off Sale",,20200522-1930
https://www.buzzfeednews.com/article/albertonardelli/trump-g7-coronavirus?origin=web-hf,Trump Wants To Hold The G7 Summit In Person But He Didn’t Ask Other World Leaders About The Idea Before Tweeting It,,20200522-1930
https://www.buzzfeed.com/mikespohr/mindblowing-facts?origin=web-hf,18 Random Facts That Absolutely Blew People's Minds On Twitter,,20200522-1930
https://www.buzzfeed.com/zipporkella/what-percent-typical-nerd-are-you-c09ywjxe9m?origin=web-hf,"If You Check Off At Least 17/26 Things On This List, Then You're A Total Nerd",,20200522-1930
https://www.buzzfeed.com/tessafahey/iconic-rom-com-checklist?origin=web-hf,How Many Iconic Rom-Coms Have You Actually Seen?,,20200522-1930
https://www.buzzfeed.com/tatianatenreyrowhitlock/funniest-tweets-lana-del-rey-instagram-post-drama?origin=web-hf,15 Funny Tweets About The Lana Del Rey Instagram Post Drama,,20200522-1930
https://www.buzzfeed.com/tatianatenreyrowhitlock/lady-gaga-and-ariana-grande-song?origin=web-hf,"Lady Gaga And Ariana Grande Just Made The Weekend More Exciting By Dropping Their Song ""Rain On Me""",,20200522-1930
https://www.buzzfeed.com/noradominick/celeb-iconic-characters-trivia-quiz?origin=web-hf,These Iconic TV And Movie Characters Were Played By The Same Actor — Can You Tell Them Apart?,,20200522-1930
/watch/video/105310,"Loren Gray Reads Her Instagram DMs
Loren Gray bravely sits down to do a deep dive into her Instagram DM requests, which include supportive fans, the obligatory haters, and even some marriage proposals from complete strangers. Check out Loren’s new single “Cake” now: https://www.youtube.com/watch?v=klwWrurkjgc",,20200522-1930
https://www.buzzfeed.com/jenniferabidor/jokes-about-disney-villains?origin=web-hf,21 Times The Internet Roasted The Disney Villains,,20200522-1930
https://www.buzzfeed.com/tatianatenreyrowhitlock/lana-del-rey-responds-to-backlash-over-instagram-post?origin=web-hf,"Lana Del Rey Responded To The Backlash Toward Her Instagram Post, Saying She's Sad People Made It A ""WOC Issue""",,20200522-1930
https://www.buzzfeed.com/huynht2510/can-we-guess-your-most-recent-emoji-by-this-quiz-eqcv8mgpxb?origin=web-hf,Build A House And We'll Accurately Guess Your Most Recently Used Emoji,,20200522-1930
https://www.buzzfeed.com/farrahpenn/finals-week-zoom-university-fails?origin=web-hf,18 Times The Students Of Zoom University Really Struggled Through Finals Week,,20200522-1930
https://www.buzzfeed.com/mjs538/early-2000s-pictures-for-millennials?origin=web-hf,33 Pictures That Millennials Will Have To Explain To Generation Alpha Someday,,20200522-1930
https://www.buzzfeednews.com/article/laurenstrapagiel/influencers-say-instagram-is-more-likely-to-remove-photos?origin=web-hf,"Influencers Say Instagram Is Biased Against Plus-Size Bodies, And They May Be Right",,20200522-1930
https://www.buzzfeed.com/morganmurrell/drake-called-kylie-jenner-side-piece-apology?origin=web-hf,"Drake Name-Dropped Kylie Jenner, Kendall Jenner, And Gigi Hadid In A Song, Then Issued An Apology Statement",,20200522-1930
https://www.buzzfeed.com/yiyang/futuristic-products-thatll-probably-make-you-feel-like?origin=web-hf,35 Futuristic Products That’ll Probably Make You Feel Like You’re Living In 3020,,20200522-1930
/watch/video/105538,Can These Exes Be Friends?,,20200522-1930
https://www.buzzfeed.com/christopherhudspeth/oh-come-on-facepalm-that-sucks-things?origin=web-hf,15 Facepalm-Worthy Things Humans Recently Did During This Pandemic That Make Me Hope Aliens Aren't Watching,,20200522-1930
https://www.buzzfeed.com/briangalindo/21-tbt-photos-celebs-posted-on-instagram-may-21?origin=web-hf,Here's What Chrissy Teigen And 20 Other Celebrities Shared This Week For #TBT,,20200522-1930
https://www.buzzfeed.com/tatianatenreyrowhitlock/michael-cera-aubrey-plaza-chuck-e-cheese-pic?origin=web-hf,Michael Cera And Aubrey Plaza's Chuck E. Cheese Photo Is Legendary And Now We Have The Whole Story,,20200522-1930
https://www.buzzfeed.com/briangalindo/chris-pratt-accidentally-deleted-over-35000-unread-emails?origin=web-hf,"Chris Pratt Accidentally Deleted More Than 35,000 Unread Emails After His Son Gasped At His Full Inbox",,20200522-1930
https://www.buzzfeednews.com/article/skbaer/ahmaud-arbery-death-william-bryan-arrest?origin=web-hf,The Man Who Recorded Video Of Ahmaud Arbery Being Shot Has Been Arrested On A Murder Charge,,20200522-1930
https://www.buzzfeed.com/sydrobinson1/before-and-after-pets-being-adopted-quarantine?origin=web-hf,21 Before-And-After Pictures Of Pets Who Were Adopted During Quarantine,,20200522-1930
https://www.buzzfeed.com/daves4/everyone-hates-but-does?origin=web-hf,27 Things Everyone On Earth Hates That They Do But Does Anyway,,20200522-1930
https://www.buzzfeed.com/hannahmarder/teen-drama-characters-that-did-not-need-to-die?origin=web-hf,20 Of The Most Tragically Unnecessary Deaths From Teen Dramas,,20200522-1930
/watch/video/102332,"I Followed Bretman Rock's Oldest And Newest Makeup Tutorial
""This could either be a revelation or a giant mistake.""",,20200522-1930
https://www.buzzfeednews.com,BuzzFeed NewsReporting on what you care about. We hold major institutions accountable and expose wrongdoing.,,20200522-2000
https://www.tasty.co,"BuzzFeed TastySearch, watch, and cook every single Tasty recipe and video ever - all in one place!",,20200522-2000
https://www.buzzfeed.com/goodful,"BuzzFeed GoodfulSelf care and ideas to help you live a healthier, happier life.",,20200522-2000
https://www.buzzfeed.com/bringme,"BuzzFeed Bring MeObsessed with travel? Discover unique things to do, places to eat, and sights to see in the best destinations around the world with Bring Me!",,20200522-2000
https://www.buzzfeed.com/asis,"BuzzFeed As IsSomething for everyone interested in hair, makeup, style, and body positivity.",,20200522-2000
https://www.buzzfeed.com/kaylasuazo/the-buzzfeed-stay-at-home-talent-show-is-happening-today?ref=hpsplash&origin=spl,"The BuzzFeed Stay-At-Home Talent Show Is Happening Now!
Six great acts. Three judges. You don’t want to miss it.",,20200522-2000
https://www.buzzfeed.com/hbraga/kitchen-products-worth-investment?origin=hpp,38 Kitchen Products That Are Totally Worth The Investment,,20200522-2000
https://www.buzzfeed.com/newsletters?ref=hplego,"WTF Is Happening Today? BuzzFeed Newsletters Can Help!
We have newsletters to help you stay in the loop AND newsletters to help you forget! Try one today!",,20200522-2000
https://www.buzzfeed.com/mjs538/ariana-grande-without-ponytail-in-lady-gaga-music-video?origin=web-hf,Ariana Grande Took Down Her Ponytail And Lady Gaga Put Hers Up In The Gayest Moment Of 2020,,20200522-2000
https://www.buzzfeed.com/kristatorres/celebrity-kids-who-have-basically-became-adults?origin=web-hf,10 Famous Kids Who Have Basically Became Adults Since I Last Blinked My Eyes,,20200522-2000
https://www.buzzfeed.com/andrewziegler/quiz-party?origin=shp,"You Can Now Take BuzzFeed Quizzes In Real Time With Your Friends — You’re Welcome
Let’s get this party started.",,20200522-2000
https://www.buzzfeed.com/jenniferabidor/friends-a-to-z?origin=shp,"This ""Friends"" A–Z Quiz Will Reveal Which Main Character You Are",,20200522-2000
https://www.buzzfeed.com/sarahaspler/taste-in-disney-movies-age-quiz?origin=shp,Can We Accurately Guess Your Age Based On Your Taste In Disney Movies?,,20200522-2000
https://www.buzzfeed.com/andrewziegler/quiz-romantic-type?origin=shp,There Are Actually Only Four Romantic Types And We Can Accurately Guess Yours,,20200522-2000
https://www.buzzfeed.com/sarahaspler/everyone-has-a-fruit-that-matches-their-personalit?origin=shp,Everyone Has A Fruit That Matches Their Personality – Here’s Yours,,20200522-2000
https://www.buzzfeed.com/quizparty,Keep the quiz party going,,20200522-2000
https://www.buzzfeed.com/lakenbrooks222/can-you-solve-this-disney-princess-murder-mystery-chhbh703ee?origin=web-hf,Only 50% Of People Can Solve This Disney Princess Murder Mystery — Can You?,,20200522-2000
https://www.buzzfeednews.com/article/ikrd/parents-buy-printer-when-girl-asks-for-ink?origin=web-hf,These Parents Went Viral After They Bought Their Daughter A Whole New Printer Instead Of New Ink Cartridges,,20200522-2000
https://www.buzzfeed.com/maitlandquitmeyer/best-memorial-day-sales-deals-2020?origin=hshp,"All The Best Memorial Day Weekend Deals
The savings start now.",,20200522-2000
https://www.buzzfeed.com/kaylasuazo/all-the-best-memorial-day-mattress-sales-2020?origin=hshp,All Of The Best Memorial Day Mattress Sales,,20200522-2000
https://www.buzzfeed.com/emmalord9/best-deals-wayfair-memorial-day-sale?origin=hshp,All The Best Deals At Wayfair's Memorial Day Sale,,20200522-2000
https://www.buzzfeed.com/abbykass/zappos-memorial-day-sale?origin=hshp,You Can Save On *So* Many Popular Shoes During The Zappos Memorial Day Sale,,20200522-2000
https://www.buzzfeed.com/elenamgarcia/dyson-is-having-a-pretty-major-memorial-day-sale-no-better?origin=hshp,Dyson Is Having A Pretty Major Memorial Day Sale — No Better Time Than Now To Get Yourself A New Vacuum,,20200522-2000
https://www.buzzfeed.com/shopping?origin=hshp,See more great product recommendations,,20200522-2000
https://www.buzzfeed.com/andyneuenschwander/iphone-tricks-on-tiktok-blowing-my-mind-jessicawangofficial?origin=web-hf,These iPhone Tricks On TikTok Are Kinda Blowing My Mind Right Now,,20200522-2000
/watch/video/103685,"New Orleans Vlog : A Rat Came In And Pooped In Our Airbnb!!! | Jasmine Pak
If you guys are looking for what to do in New Orleans, feel free to use this as a guide! ... minus the rat in the Airbnb part haha.  Let me know if you want to see more travel vlogs in the future when we're all able to get out of quarantine!   My friends and I have been meeting up every few months in a different location since graduating college. Where should we go next? Follow me on Instagram! @jasminepak",,20200522-2000
https://www.buzzfeed.com/hannahmarder/choose-from-these-aesthetic-photos-to-find-out-which?origin=web-hf,Choose From These Aesthetic Photos To Find Out Which Fictional Mermaid You Are,,20200522-2000
https://www.buzzfeednews.com/article/danvergano/coronavirus-tips-spike-loop-protein-symptoms-death?origin=shp,"The Coronavirus Has A Mysterious “Loop” That Lets It Quickly Attack Human Lungs. Here’s How It Works.
How does a relatively common type of virus turn into one so deadly it could spur a pandemic? The answer may lie in its microscopic spikes.
3 hours ago",,20200522-2000
https://www.buzzfeednews.com/article/paulmcleod/coronavirus-states-reopening-back-to-work-lawsuits?origin=shp,Employers May Soon Get Protected From Lawsuits While Workers and Customers Are Left In The Dark On Safety,,20200522-2000
https://www.buzzfeednews.com/article/craigsilverman/coronavirus-information-apocalypse?origin=shp,"The Information Apocalypse Is Already Here, And Reality Is Losing",,20200522-2000
https://www.buzzfeednews.com/article/danvergano/coronavirus-malaria-drug-trump-deadly-hydroxychloroquine?origin=shp,A New Study Says The Malaria Drug Touted (And Taken) By Trump Looks Deadly For Coronavirus Patients,,20200522-2000
https://www.buzzfeednews.com/article/maryanngeorgantopoulos/coronavirus-quaranteam-expanding-quarantine-circles?origin=shp,Tell Us: How Are You Expanding Your Quarantine Circle To Include More People?,,20200522-2000
https://bzfd.it/noc-show,The daily News O'Clock podcast is here.,,20200522-2000
https://www.buzzfeed.com/morganmurrell/celebrity-instagrams-this-week-5-22-2020?origin=web-hf,18 Celebrity Instagrams You Probably Missed This Week,,20200522-2000
https://www.buzzfeednews.com/article/venessawong/low-wages-cut-hours-few-benefits-essential-work?origin=web-hf,“I Am Only Earning $300 A Week.” Here’s What People Are Making For Essential Work.,,20200522-2000
https://www.buzzfeed.com/kellymartinez/tired-of-video-meetings?origin=web-hf,"Zoom Fatigue Is Real, And You Probably Have It If You Relate To These 16 Tweets",,20200522-2000
https://www.buzzfeed.com/sydrobinson1/show-us-your-high-school-sweetheart-parents?origin=web-hf,Were Your Parents Or Grandparents High School Sweethearts? 'Cause We Wanna See Their Old Pics!,,20200522-2000
https://www.buzzfeed.com/kirbybeaton/geography-quiz-fake-cities?origin=web-hf,Can You Tell If This City Exists Or If I Just Made It Up?,,20200522-2000
https://www.buzzfeed.com/victoriavouloumanos/stars-who-are-mixed-asian-pacific-islander?origin=shp,"34 Multiracial Celebs Who Are Actually Asian Or Pacific Islander
Relatable and inspirational icons, all of ‘em.",,20200522-2000
https://www.buzzfeed.com/sumedha_bharpilania/which-indian-comfort-food-are-you?origin=shp,"If You Were An Indian Comfort Food, Which One Would You Be?",,20200522-2000
https://www.buzzfeed.com/michellemkim/asian-male-celebs-thirst?origin=shp,21 Asian Male Celebs That Have Us Feeling Oh So Very Thirsty,,20200522-2000
https://www.buzzfeed.com/michellemkim/which-anime-best-boy-are-you?origin=shp,Quiz: Which Anime Best Boy Are You?,,20200522-2000
https://www.buzzfeed.com/badge/apahm2020,See all of our APAHM coverage here,,20200522-2000
/watch/video/103929,"I Made The Crazy Tornado Omelet 
Who knew eggs could even be made this way - can Inga make the epic tornado omelet rice? Follow Inga for more fun food content: https://www.instagram.com/ingatylam/",,20200522-2000
https://www.buzzfeed.com/josieayre1/super-cute-animal-tweets-that-will-melt-your-heart?origin=web-hf,21 Wholesome Tweets About Animals That Prove How Ridiculous They Are,,20200522-2000
https://www.buzzfeed.com/kirbybeaton/virtual-vacation-newsletter-bring-me,"If You're Missing Travel, Sign Up For Our ""Virtual Vacation"" Newsletter",,20200522-2000
https://www.buzzfeed.com/daniellaemanuel/scary-tiktok-sandwich?origin=web-hf,"Everyone Is Terrified By This TikTok Sandwich, So I Decided To Try It",,20200522-2000
https://www.buzzfeed.com/mjs538/martha-stewart-posted-an-extremely-sexual-instagram-caption?origin=web-hf,"Martha Stewart Accidentally Posted An Extremely Sexual Instagram Caption About Chicken And I Guess She's Really Horny, Y'all",,20200522-2000
https://www.buzzfeed.com/kaylayandoli/these-random-questions-will-reveal-the-decade-you-were-born?origin=web-hf,I Know The Decade You Were Born In Based On How You Answer These 15 Questions,,20200522-2000
https://www.buzzfeed.com/farrahpenn/phytophotodermatitis-sunlight-lime-photos?origin=web-hf,These Graphic Pictures Show What Can Happen If You Go Outside After Handling Limes,,20200522-2000
https://www.buzzfeed.com/marinettestitch/can-you-guess-the-disney-princess-just-by-her-colo-epcyfshdi7?origin=web-hf,Can You Guess The Disney Princess Just By Her Colour Palette?,,20200522-2000
https://www.buzzfeed.com/hannahmarder/what-actor-from-a-teen-show-is-actually-amazing,Tell Us The Actors From Teen Dramas You Think Are Underrated,,20200522-2000
/watch/video/104128,"We Wore Monochromatic Outfits For A Week
""This might be a once and done, video exclusive, your eyes only!""",,20200522-2000
https://www.buzzfeed.com/morgansloss1/celeb-quarantine-favorites?origin=web-hf,Which Famous People Would You Love To Quarantine With?,,20200522-2000
https://www.buzzfeed.com/marietelling/pantry-staple-recipes-on-a-budget?origin=web-hf,8 Non-Perishables That Belong In Every Kitchen (And How To Turn Them Into Meals),,20200522-2000
https://www.buzzfeed.com/isabellalouise/can-you-name-every-capital-in-this-a-z-country-qui-g98utjsi6?origin=web-hf,I Will Be Seriously Impressed If You Can Name The Capitals Of These 24 Countries,,20200522-2000
https://www.buzzfeed.com/daves4/childhood-house-quiz?origin=web-hf,"Sorry, But If You're Over 30 It's Pretty Much Impossible To Pass This Quiz",,20200522-2000
https://www.buzzfeed.com/pablovaldivia/cats-being-rude?origin=web-hf,21 Cats Who Know They're Adorable Jerks And Are Proud Of It,,20200522-2000
https://www.buzzfeednews.com/article/ryancbrooks/joe-biden-charlamagne-black-breakfast-club?origin=web-hf,"Joe Biden Told Charlamagne He ""Ain't Black"" If He's Having Trouble Deciding Whether To Vote For Him Or Trump",,20200522-2000
https://www.buzzfeed.com/whitneyjefferson/new-movies-being-released-may-22-2020?origin=web-hf,Here Are All Of The New Movies Coming Out This Weekend,,20200522-2000
https://www.buzzfeednews.com/article/scaachikoul/selling-sunset-season-2-netflix-adam-divello?origin=web-hf,How The Man Behind “The Hills” And “Laguna Beach” Makes A Perfect Reality Show,,20200522-2000
https://www.buzzfeednews.com/article/davidmack/son-stabs-dad-murder-zoom-call?origin=web-hf,A Guy Was On A Zoom Call When His Son Allegedly Stabbed Him To Death,,20200522-2000
https://www.buzzfeed.com/eleanorbate/kristen-bell-daughter-diapers-mom-shaming?origin=web-hf,"Kristen Bell Opened Up About Mom-Shaming And Revealed Her Five-Year-Old Daughter Is ""Still In Diapers""",,20200522-2000
https://www.buzzfeed.com/marvelhorcrux/sort-the-avengers-to-find-out-what-hogwarts-house-2aqu6d6aog?origin=web-hf,Where You Sort These Avengers Will Determine Which Hogwarts House You Belong In,,20200522-2000
https://www.buzzfeed.com/lyapalater/things-famous-people-were-photographed-doing-this-week-5-22?origin=web-hf,16 Things Famous People Were Photographed Doing This Week,,20200522-2000
https://www.buzzfeed.com/valentinamustafa/we-can-guess-the-initials-of-your-soulmate-by-your-3xftdit82c?origin=web-hf,Wanna Know Your Future Soulmate's Initials? Just Tell Us Your Music Preferences To Find Out,,20200522-2000
https://www.buzzfeed.com/lakenbrooks222/eat-your-favorite-desserts-and-well-tell-you-whic-yf5ecuouc?origin=web-hf,Eat Your Favorite Desserts And We'll Tell You Which Disney Villain You Are,,20200522-2000
https://www.buzzfeed.com/elliewoodward/kristin-cavallaris-friend-kelly-henderson-instagram-drama?origin=web-hf,Kristin Cavallari's Ex-Best Friend Is Being Dragged In Her Instagram Comments Over Jay Cutler Again And This Time She’s Responded,,20200522-2000
https://www.buzzfeednews.com/article/davidmack/tiger-king-director-eric-goode-pays-restaurant-staff?origin=web-hf,"The Director Of ""Tiger King"" Has Now Paid Restaurant Staff He Laid Off Due To The Coronavirus Pandemic",,20200522-2000
/watch/video/105061,"I Tried Boba Ice Cream From This Viral Ice Cream Shop
Follow Jasmine for more travel & food content! https://www.instagram.com/jasminepak/ ✨ Boba pints are only available online during Online Pint Drops. They will be available in-store at the opening of the Fairfax location in June! Check https://www.wanderlustcreamery.com/ for their latest updates for availability.",,20200522-2000
https://www.buzzfeed.com/soothnessbyshubhamg/here-are-disney-movies-10-supporting-characters-9rq6ct7w5j?origin=web-hf,Most Disney Fans Will Not Be Able To Identify Which Movie These Supporting Characters Are From,,20200522-2000
https://www.buzzfeed.com/leonielove/are-you-a-disney-nerd-even-if-you-arent-you-can-bpsaewfmso?origin=web-hf,Only A True Disney Nerd Can Score At Least 6/7 On This Disney Movie Quiz,,20200522-2000
https://www.buzzfeed.com/flienlikesunicorn/what-percent-unicorn-are-you-964u4ihd3e?origin=web-hf,Want To Know What % Unicorn You Are? Answer Some Sparkly Questions To Find Out,,20200522-2000
https://www.buzzfeed.com/bluewave/choose-a-makeup-routine-and-well-guess-your-eye-c-3l7xx9lyjo?origin=web-hf,Create A Makeup Routine And We'll Guess Your Eye Color With 91% Accuracy,,20200522-2000
https://www.buzzfeed.com/morgansloss1/sorry-but-you-can-only-pick-one-movie-character-for-every?origin=web-hf,Let's See If You'd Pick The Same Movie Character For Every Letter Of The Alphabet As Everyone Else,,20200522-2000
https://www.buzzfeed.com/laurengarafano/pick-one-hot-guy-per-teen-drama-poll?origin=web-hf,I Regret To Inform You That You Can Only Pick One Hot Guy Per TV Show,,20200522-2000
https://www.buzzfeed.com/sam_cleal/guess-the-celeb-by-their-parent-quiz?origin=web-hf,Here Are 16 Celebrity Parents – If You Can Match At Least Half To Their Child I'll Be Impressed,,20200522-2000
https://www.buzzfeed.com/kaylaboyd/laundry-tips-our-readers-actually-swear-by?origin=web-hf,17 Laundry Tips Our Readers Actually Swear By,,20200522-2000
/watch/video/102294,"We Didn't Use Toilet Paper For A Week 
Auri gets Steve to try reusable toilet paper, will he like it?",,20200522-2000
https://www.buzzfeed.com/benhenry/demi-lovato-boyfriend-max-ehrich-old-tweet?origin=web-hf,Demi Lovato Shared An Old Tweet Her Boyfriend Posted In 2011 About Wanting To Date Her And The Whole Thing Is Super Cute,,20200522-2000
https://www.buzzfeednews.com/article/kadiagoba/small-business-loans-ppp-sba-inspector-general-report?origin=web-hf,Small Businesses Owned By Women And Minorities Are Struggling To Get Federal Loans During The Coronavirus Pandemic,,20200522-2000
https://www.buzzfeed.com/terrycarter/jeannie-mai-quarantine-interview?origin=web-hf,Jeannie Mai Shared What She's Been Doing At Home And It Sounds Like Her Quarantine Has Been Lit,,20200522-2000
https://www.buzzfeednews.com/article/joshbillinson/cats-fighting-chuck-e-cheeze-pizzeria?origin=web-hf,"Did You See These Cats Interrupt A News Broadcast? Plus, Chuck E. Cheese’s Delivery Secret!",,20200522-2000
https://www.buzzfeed.com/frazyeah/plan-a-european-road-trip-and-ill-give-you-an-und-d9677ttbfw?origin=web-hf,We'll Give You An Underrated Netflix Movie To Watch Based On The European Road Trip You Plan,,20200522-2000
https://www.buzzfeed.com/sp177/if-you-can-name-all-10-of-these-animals-from-frien-f9ehybf6k8?origin=web-hf,"You Might Be Obsessed With ""Friends"" If You Can Pass This ""Jeopardy!"" Trivia Quiz About The Animals In The Show",,20200522-2000
https://www.buzzfeed.com/nusrat21/eloquii-sale-post-50-percent-off-sale?origin=web-hf,Eloquii Is Giving 50% Off On Items Already On Sale And Your Summer Wardrobe Is About To Be The Most Stylish It's Ever Been,,20200522-2000
https://www.buzzfeed.com/malloryannp/bed-frames-thatll-basically-be-the-star-of-your-bedroom?origin=web-hf,29 Bed Frames That'll Basically Be The Star Of Your Bedroom,,20200522-2000
/watch/video/99501,"Boricua From The Island vs The Mainland 
Love one another, Puerto Ricans from around the world!",,20200522-2000
https://www.buzzfeed.com/hannahmarder/can-you-name-a-harry-potter-character-for-every-letter-of?origin=web-hf,"26 ""Harry Potter"" Characters Stand Between You And Acing This Quiz",,20200522-2000
https://www.buzzfeed.com/whitneyjefferson/tuca-bertie-coming-back-to-adult-swim-2021?origin=web-hf,"Get Excited: ""Tuca And Bertie"" Is Returning With A Second Season",,20200522-2000
https://www.buzzfeed.com/audreyworboys/17-popular-quizzes-this-week?origin=web-hf,"17 Quizzes From This Week That Are All Hits, Each And Every One Of Them",,20200522-2000
https://www.buzzfeed.com/melanie_aman/backcountry-memorial-day-weekend-sale-up-to-50-off?origin=web-hf,Just FYI: Backcountry's Having A Huge Sale On Everything You Need For Summer,,20200522-2000
https://www.buzzfeed.com/katyherman/modcloth-memorial-day-sale?origin=web-hf,"If You're Looking For Cute Summer Clothes, Everything At ModCloth Is 30%-40% Off For Memorial Day",,20200522-2000
https://www.buzzfeednews.com/article/henrygomez/val-demings-joe-biden-vice-president?origin=web-hf,Val Demings Is On Joe Biden’s VP List. She Says She Has The “Real Life” Experience For The Job.,,20200522-2000
https://www.buzzfeed.com/hanifahrahman/what-tv-show-inconsistency-will-you-never-forget?origin=web-hf,Tell Us The Most Annoying TV Inconsistency You Know,,20200522-2000
https://www.buzzfeednews.com/article/tanyachen/are-shady-instagram-giveaways-the-new-mlms?origin=web-hf,These Controversial Loop Giveaways On Instagram Have Some Things In Common With MLMs,,20200522-2000
/watch/video/105540,"Camp Counselor Horror Stories
In honor of summer former camp counselors share their craziest, weirdest and funniest experiences from camp.",,20200522-2000
https://www.buzzfeed.com/almondmilk24/are-you-more-like-shrek-or-donkey-from-the-shrek-m-b2yysxzsot?origin=web-hf,This Personality Quiz Will Determine If You're More Like Shrek Or Donkey,,20200522-2000
https://www.buzzfeed.com/kylerichmond/really-hard-quiz-about-canada?origin=web-hf,This Random Knowledge Quiz On Canada Will Stump You By Level 25,,20200522-2000
https://www.buzzfeed.com/christyz23/take-this-quiz-to-see-how-you-will-blow-up-on-tikt-9km5keymm2?origin=web-hf,What Will You Be TikTok Famous For?,,20200522-2000
https://www.buzzfeed.com/jmihaly/home-long-run-benefits?origin=web-hf,31 Somewhat Random Things To Buy For Your Home That'll Benefit You In The Long Run,,20200522-2000
https://www.buzzfeed.com/emmamcanaw/masks-made-here-20-off-sale?origin=web-hf,"If You're Bored Of Your Face Mask, Masks Made Here Is Having A 20% Off Sale",,20200522-2000
https://www.buzzfeednews.com/article/albertonardelli/trump-g7-coronavirus?origin=web-hf,Trump Wants To Hold The G7 Summit In Person But He Didn’t Ask Other World Leaders About The Idea Before Tweeting It,,20200522-2000
https://www.buzzfeed.com/mikespohr/mindblowing-facts?origin=web-hf,18 Random Facts That Absolutely Blew People's Minds On Twitter,,20200522-2000
https://www.buzzfeed.com/zipporkella/what-percent-typical-nerd-are-you-c09ywjxe9m?origin=web-hf,"If You Check Off At Least 17/26 Things On This List, Then You're A Total Nerd",,20200522-2000
/watch/video/105310,"Loren Gray Reads Her Instagram DMs
Loren Gray bravely sits down to do a deep dive into her Instagram DM requests, which include supportive fans, the obligatory haters, and even some marriage proposals from complete strangers. Check out Loren’s new single “Cake” now: https://www.youtube.com/watch?v=klwWrurkjgc",,20200522-2000
https://www.buzzfeed.com/tessafahey/iconic-rom-com-checklist?origin=web-hf,How Many Iconic Rom-Coms Have You Actually Seen?,,20200522-2000
https://www.buzzfeed.com/tatianatenreyrowhitlock/funniest-tweets-lana-del-rey-instagram-post-drama?origin=web-hf,15 Funny Tweets About The Lana Del Rey Instagram Post Drama,,20200522-2000
https://www.buzzfeed.com/tatianatenreyrowhitlock/lady-gaga-and-ariana-grande-song?origin=web-hf,"Lady Gaga And Ariana Grande Just Made The Weekend More Exciting By Dropping Their Song ""Rain On Me""",,20200522-2000
https://www.buzzfeed.com/noradominick/celeb-iconic-characters-trivia-quiz?origin=web-hf,These Iconic TV And Movie Characters Were Played By The Same Actor — Can You Tell Them Apart?,,20200522-2000
https://www.buzzfeed.com/jenniferabidor/jokes-about-disney-villains?origin=web-hf,21 Times The Internet Roasted The Disney Villains,,20200522-2000
https://www.buzzfeed.com/tatianatenreyrowhitlock/lana-del-rey-responds-to-backlash-over-instagram-post?origin=web-hf,"Lana Del Rey Responded To The Backlash Toward Her Instagram Post, Saying She's Sad People Made It A ""WOC Issue""",,20200522-2000
https://www.buzzfeed.com/huynht2510/can-we-guess-your-most-recent-emoji-by-this-quiz-eqcv8mgpxb?origin=web-hf,Build A House And We'll Accurately Guess Your Most Recently Used Emoji,,20200522-2000
https://www.buzzfeed.com/farrahpenn/finals-week-zoom-university-fails?origin=web-hf,18 Times The Students Of Zoom University Really Struggled Through Finals Week,,20200522-2000
/watch/video/105538,Can These Exes Be Friends?,,20200522-2000
https://www.buzzfeed.com/mjs538/early-2000s-pictures-for-millennials?origin=web-hf,33 Pictures That Millennials Will Have To Explain To Generation Alpha Someday,,20200522-2000
https://www.buzzfeednews.com/article/laurenstrapagiel/influencers-say-instagram-is-more-likely-to-remove-photos?origin=web-hf,"Influencers Say Instagram Is Biased Against Plus-Size Bodies, And They May Be Right",,20200522-2000
https://www.buzzfeed.com/morganmurrell/drake-called-kylie-jenner-side-piece-apology?origin=web-hf,"Drake Name-Dropped Kylie Jenner, Kendall Jenner, And Gigi Hadid In A Song, Then Issued An Apology Statement",,20200522-2000
https://www.buzzfeed.com/yiyang/futuristic-products-thatll-probably-make-you-feel-like?origin=web-hf,35 Futuristic Products That’ll Probably Make You Feel Like You’re Living In 3020,,20200522-2000
https://www.buzzfeed.com/christopherhudspeth/oh-come-on-facepalm-that-sucks-things?origin=web-hf,15 Facepalm-Worthy Things Humans Recently Did During This Pandemic That Make Me Hope Aliens Aren't Watching,,20200522-2000
https://www.buzzfeed.com/briangalindo/21-tbt-photos-celebs-posted-on-instagram-may-21?origin=web-hf,Here's What Chrissy Teigen And 20 Other Celebrities Shared This Week For #TBT,,20200522-2000
https://www.buzzfeed.com/tatianatenreyrowhitlock/michael-cera-aubrey-plaza-chuck-e-cheese-pic?origin=web-hf,Michael Cera And Aubrey Plaza's Chuck E. Cheese Photo Is Legendary And Now We Have The Whole Story,,20200522-2000
https://www.buzzfeed.com/briangalindo/chris-pratt-accidentally-deleted-over-35000-unread-emails?origin=web-hf,"Chris Pratt Accidentally Deleted More Than 35,000 Unread Emails After His Son Gasped At His Full Inbox",,20200522-2000
/watch/video/102332,"I Followed Bretman Rock's Oldest And Newest Makeup Tutorial
""This could either be a revelation or a giant mistake.""",,20200522-2000
https://www.buzzfeednews.com,BuzzFeed NewsReporting on what you care about. We hold major institutions accountable and expose wrongdoing.,,20200522-2030
https://www.tasty.co,"BuzzFeed TastySearch, watch, and cook every single Tasty recipe and video ever - all in one place!",,20200522-2030
https://www.buzzfeed.com/goodful,"BuzzFeed GoodfulSelf care and ideas to help you live a healthier, happier life.",,20200522-2030
https://www.buzzfeed.com/bringme,"BuzzFeed Bring MeObsessed with travel? Discover unique things to do, places to eat, and sights to see in the best destinations around the world with Bring Me!",,20200522-2030
https://www.buzzfeed.com/asis,"BuzzFeed As IsSomething for everyone interested in hair, makeup, style, and body positivity.",,20200522-2030
https://www.buzzfeed.com/kaylasuazo/the-buzzfeed-stay-at-home-talent-show-is-happening-today?origin=spl&ref=hpsplash,"The BuzzFeed Stay-At-Home Talent Show Is Happening Now!
Six great acts. Three judges. You don’t want to miss it.",,20200522-2030
https://www.buzzfeed.com/hbraga/kitchen-products-worth-investment?origin=hpp,38 Kitchen Products That Are Totally Worth The Investment,,20200522-2030
https://www.buzzfeed.com/newsletters?ref=hplego,"WTF Is Happening Today? BuzzFeed Newsletters Can Help!
We have newsletters to help you stay in the loop AND newsletters to help you forget! Try one today!",,20200522-2030
https://www.buzzfeed.com/stephenlaconte/found-sex-toys-boyfriends-drawer-advice-column?origin=web-hf,This Woman Found Multiple Dildos In Her Boyfriend's Sock Drawer — Should She Confront Him?,,20200522-2030
https://www.buzzfeed.com/mjs538/ariana-grande-without-ponytail-in-lady-gaga-music-video?origin=web-hf,Ariana Grande Took Down Her Ponytail And Lady Gaga Put Hers Up In The Gayest Moment Of 2020,,20200522-2030
https://www.buzzfeed.com/andrewziegler/quiz-party?origin=shp,"You Can Now Take BuzzFeed Quizzes In Real Time With Your Friends — You’re Welcome
Let’s get this party started.",,20200522-2030
https://www.buzzfeed.com/jenniferabidor/friends-a-to-z?origin=shp,"This ""Friends"" A–Z Quiz Will Reveal Which Main Character You Are",,20200522-2030
https://www.buzzfeed.com/sarahaspler/taste-in-disney-movies-age-quiz?origin=shp,Can We Accurately Guess Your Age Based On Your Taste In Disney Movies?,,20200522-2030
https://www.buzzfeed.com/andrewziegler/quiz-romantic-type?origin=shp,There Are Actually Only Four Romantic Types And We Can Accurately Guess Yours,,20200522-2030
https://www.buzzfeed.com/sarahaspler/everyone-has-a-fruit-that-matches-their-personalit?origin=shp,Everyone Has A Fruit That Matches Their Personality – Here’s Yours,,20200522-2030
https://www.buzzfeed.com/quizparty,Keep the quiz party going,,20200522-2030
https://www.buzzfeed.com/kristatorres/celebrity-kids-who-have-basically-became-adults?origin=web-hf,10 Famous Kids Who Have Basically Became Adults Since I Last Blinked My Eyes,,20200522-2030
https://www.buzzfeed.com/lucyruth/which-quarantine-trend-should-you-try-next-ei0sgl61hv?origin=web-hf,Which Quarantine Trend Should You Try?,,20200522-2030
https://www.buzzfeed.com/maitlandquitmeyer/best-memorial-day-sales-deals-2020?origin=hshp,"All The Best Memorial Day Weekend Deals
The savings start now.",,20200522-2030
https://www.buzzfeed.com/kaylasuazo/all-the-best-memorial-day-mattress-sales-2020?origin=hshp,All Of The Best Memorial Day Mattress Sales,,20200522-2030
https://www.buzzfeed.com/emmalord9/best-deals-wayfair-memorial-day-sale?origin=hshp,All The Best Deals At Wayfair's Memorial Day Sale,,20200522-2030
https://www.buzzfeed.com/abbykass/zappos-memorial-day-sale?origin=hshp,You Can Save On *So* Many Popular Shoes During The Zappos Memorial Day Sale,,20200522-2030
https://www.buzzfeed.com/elenamgarcia/dyson-is-having-a-pretty-major-memorial-day-sale-no-better?origin=hshp,Dyson Is Having A Pretty Major Memorial Day Sale — No Better Time Than Now To Get Yourself A New Vacuum,,20200522-2030
https://www.buzzfeed.com/shopping?origin=hshp,See more great product recommendations,,20200522-2030
https://www.buzzfeed.com/lakenbrooks222/can-you-solve-this-disney-princess-murder-mystery-chhbh703ee?origin=web-hf,Can You Solve This Disney Princess Murder Mystery?,,20200522-2030
/watch/video/105512,"BuzzFeed Presents: The Stay At Home Talent Show
We’re showcasing all of the wonderful talents people have sharpened during quarantine. 6 acts will perform live via video conference in front of 3 comedic judges and scored on a scale from 1-10. The highest score wins a sweet surprise! Tune in for beatboxing, food art, impressions, basketball trick shots, drumming, comedy and more!",,20200522-2030
https://www.buzzfeed.com/victoriagasparowicz/if-you-can-identify-18-out-of-20-of-these-gilmore-girls?origin=web-hf,Can You Identify At Least 15/20 Of These “Gilmore Girls” Characters?,,20200522-2030
https://www.buzzfeednews.com/article/danvergano/coronavirus-tips-spike-loop-protein-symptoms-death?origin=shp,"The Coronavirus Has A Mysterious “Loop” That Lets It Quickly Attack Human Lungs. Here’s How It Works.
How does a relatively common type of virus turn into one so deadly it could spur a pandemic? The answer may lie in its microscopic spikes.
4 hours ago",,20200522-2030
https://www.buzzfeednews.com/article/paulmcleod/coronavirus-states-reopening-back-to-work-lawsuits?origin=shp,No One Is Ready To Step In And Provide Safety Guidance As Businesses And Work Places Start To Reopen,,20200522-2030
https://www.buzzfeednews.com/article/craigsilverman/coronavirus-information-apocalypse?origin=shp,"The Information Apocalypse Is Already Here, And Reality Is Losing",,20200522-2030
https://www.buzzfeednews.com/article/danvergano/coronavirus-malaria-drug-trump-deadly-hydroxychloroquine?origin=shp,A New Study Says The Malaria Drug Touted (And Taken) By Trump Looks Deadly For Coronavirus Patients,,20200522-2030
https://www.buzzfeednews.com/article/maryanngeorgantopoulos/coronavirus-quaranteam-expanding-quarantine-circles?origin=shp,Tell Us: How Are You Expanding Your Quarantine Circle To Include More People?,,20200522-2030
https://bzfd.it/noc-show,The daily News O'Clock podcast is here.,,20200522-2030
https://www.buzzfeednews.com/article/ikrd/parents-buy-printer-when-girl-asks-for-ink?origin=web-hf,This Teen Needed New Ink. Her Parents Came Back With A Whole New Printer Instead.,,20200522-2030
https://www.buzzfeed.com/elenamgarcia/bedtime-accessories-thatll-help-you-get-a-better?origin=web-hf,39 Bedtime Accessories That'll Help You Get A Better Night's Rest,,20200522-2030
https://www.buzzfeed.com/ehisosifo1/ryan-murphy-glee-reboot-instagram?origin=web-hf,"What Do Lea Michele, Ben Platt, And Feldstein Have In Common? They're The Stars Of Ryan Murphy's Ideal ""Glee"" Reboot",,20200522-2030
https://www.buzzfeed.com/andyneuenschwander/iphone-tricks-on-tiktok-blowing-my-mind-jessicawangofficial?origin=web-hf,These iPhone Tricks On TikTok Are Kinda Blowing My Mind Right Now,,20200522-2030
https://www.buzzfeed.com/morganmurrell/celebrity-instagrams-this-week-5-22-2020?origin=web-hf,18 Celebrity Instagrams You Probably Missed This Week,,20200522-2030
https://www.buzzfeed.com/victoriavouloumanos/stars-who-are-mixed-asian-pacific-islander?origin=shp,"34 Multiracial Celebs Who Are Actually Asian Or Pacific Islander
Relatable and inspirational icons, all of ‘em.",,20200522-2030
https://www.buzzfeed.com/sumedha_bharpilania/which-indian-comfort-food-are-you?origin=shp,"If You Were An Indian Comfort Food, Which One Would You Be?",,20200522-2030
https://www.buzzfeed.com/michellemkim/asian-male-celebs-thirst?origin=shp,21 Asian Male Celebs That Have Us Feeling Oh So Very Thirsty,,20200522-2030
https://www.buzzfeed.com/michellemkim/which-anime-best-boy-are-you?origin=shp,Quiz: Which Anime Best Boy Are You?,,20200522-2030
https://www.buzzfeed.com/badge/apahm2020,See all of our APAHM coverage here,,20200522-2030
/watch/video/103685,"New Orleans Vlog : A Rat Came In And Pooped In Our Airbnb!!! | Jasmine Pak
If you guys are looking for what to do in New Orleans, feel free to use this as a guide! ... minus the rat in the Airbnb part haha.  Let me know if you want to see more travel vlogs in the future when we're all able to get out of quarantine!   My friends and I have been meeting up every few months in a different location since graduating college. Where should we go next? Follow me on Instagram! @jasminepak",,20200522-2030
https://www.buzzfeed.com/kellymartinez/tired-of-video-meetings?origin=web-hf,"Zoom Fatigue Is Real, And You Probably Have It If You Relate To These 16 Tweets",,20200522-2030
https://www.buzzfeed.com/buzzfeedresearch/civicscience-main3-buzz,Let Your Voice Be Heard. Tell Us Your Opinions!,,20200522-2030
https://www.buzzfeed.com/josieayre1/super-cute-animal-tweets-that-will-melt-your-heart?origin=web-hf,21 Wholesome Tweets About Animals That Prove How Ridiculous They Are,,20200522-2030
https://www.buzzfeed.com/hannahmarder/choose-from-these-aesthetic-photos-to-find-out-which?origin=web-hf,Which Fictional Mermaid Are You Based On Your Aesthetic?,,20200522-2030
https://www.buzzfeed.com/daniellaemanuel/scary-tiktok-sandwich?origin=web-hf,"Everyone Is Terrified By This TikTok Sandwich, So I Decided To Try It",,20200522-2030
https://www.buzzfeed.com/kirbybeaton/geography-quiz-fake-cities?origin=web-hf,Can You Pick Which 9 Cities Don't Actually Exist?,,20200522-2030
https://www.buzzfeednews.com/article/venessawong/low-wages-cut-hours-few-benefits-essential-work?origin=web-hf,"Low Wages, Cut Hours, Few Benefits: The Lopsided Rewards For Doing “Essential Work”",,20200522-2030
https://www.buzzfeed.com/hannahmarder/what-actor-from-a-teen-show-is-actually-amazing,What Actor From A Teen Show Is Actually Amazing?,,20200522-2030
/watch/video/103929,"I Made The Crazy Tornado Omelet 
Who knew eggs could even be made this way - can Inga make the epic tornado omelet rice? Follow Inga for more fun food content: https://www.instagram.com/ingatylam/",,20200522-2030
https://www.buzzfeed.com/mjs538/martha-stewart-posted-an-extremely-sexual-instagram-caption?origin=web-hf,"Martha Stewart Accidentally Posted An Extremely Sexual Instagram Caption About Chicken And I Guess She's Really Horny, Y'all",,20200522-2030
https://www.buzzfeed.com/sydrobinson1/show-us-your-high-school-sweetheart-parents?origin=web-hf,Show Us Old Pictures Of Your High School Sweetheart Parents,,20200522-2030
https://www.buzzfeed.com/kaylayandoli/these-random-questions-will-reveal-the-decade-you-were-born?origin=web-hf,I Know The Decade You Were Born In Based On How You Answer These 15 Questions,,20200522-2030
https://www.buzzfeed.com/farrahpenn/phytophotodermatitis-sunlight-lime-photos?origin=web-hf,These Graphic Pictures Show What Can Happen If You Go Outside After Handling Limes,,20200522-2030
https://www.buzzfeed.com/marietelling/pantry-staple-recipes-on-a-budget?origin=web-hf,8 Non-Perishables That Belong In Every Kitchen (And How To Turn Them Into Meals),,20200522-2030
https://www.buzzfeed.com/morgansloss1/celeb-quarantine-favorites?origin=web-hf,Time To Pick Which Famous People You'd Love To Spend Quarantine With,,20200522-2030
https://www.buzzfeed.com/daves4/childhood-house-quiz?origin=web-hf,"Sorry, But You'll Only Pass This Quiz If You're Under 25 Years Old",,20200522-2030
https://www.buzzfeed.com/isabellalouise/can-you-name-every-capital-in-this-a-z-country-qui-g98utjsi6?origin=web-hf,I Will Be Seriously Impressed If You Can Name The Capitals Of These 24 Countries,,20200522-2030
/watch/video/104128,"We Wore Monochromatic Outfits For A Week
""This might be a once and done, video exclusive, your eyes only!""",,20200522-2030
https://www.buzzfeed.com/pablovaldivia/cats-being-rude?origin=web-hf,21 Cats Who Know They're Adorable Jerks And Are Proud Of It,,20200522-2030
https://www.buzzfeed.com/marinettestitch/can-you-guess-the-disney-princess-just-by-her-colo-epcyfshdi7?origin=web-hf,"We'll Give You A Colour Palette, And If You Can Guess Which Disney Princess It Belongs To, You'll Prove Yourself To Be The Ultimate Disney Fan",,20200522-2030
https://www.buzzfeednews.com/article/ryancbrooks/joe-biden-charlamagne-black-breakfast-club?origin=web-hf,"Joe Biden Told Charlamagne He ""Ain't Black"" If He's Having Trouble Deciding Whether To Vote For Him Or Trump",,20200522-2030
https://www.buzzfeed.com/whitneyjefferson/new-movies-being-released-may-22-2020?origin=web-hf,Here Are All Of The New Movies Coming Out This Weekend,,20200522-2030
https://www.buzzfeednews.com/article/scaachikoul/selling-sunset-season-2-netflix-adam-divello?origin=web-hf,How The Man Behind “The Hills” And “Laguna Beach” Makes A Perfect Reality Show,,20200522-2030
https://www.buzzfeed.com/eleanorbate/kristen-bell-daughter-diapers-mom-shaming?origin=web-hf,"Kristen Bell Opened Up About Mom-Shaming And Revealed Her Five-Year-Old Daughter Is ""Still In Diapers""",,20200522-2030
https://www.buzzfeednews.com/article/davidmack/son-stabs-dad-murder-zoom-call?origin=web-hf,A Guy Was On A Zoom Call When His Son Allegedly Stabbed Him To Death,,20200522-2030
https://www.buzzfeed.com/lyapalater/things-famous-people-were-photographed-doing-this-week-5-22?origin=web-hf,16 Things Famous People Were Photographed Doing This Week,,20200522-2030
https://www.buzzfeed.com/marvelhorcrux/sort-the-avengers-to-find-out-what-hogwarts-house-2aqu6d6aog?origin=web-hf,Where You Sort These Avengers Will Determine Which Hogwarts House You Belong In,,20200522-2030
https://www.buzzfeed.com/valentinamustafa/we-can-guess-the-initials-of-your-soulmate-by-your-3xftdit82c?origin=web-hf,Wanna Know Your Future Soulmate's Initials? Just Tell Us Your Music Preferences To Find Out,,20200522-2030
https://www.buzzfeed.com/lakenbrooks222/eat-your-favorite-desserts-and-well-tell-you-whic-yf5ecuouc?origin=web-hf,Eat Your Favorite Desserts And We'll Tell You Which Disney Villain You Are,,20200522-2030
https://www.buzzfeed.com/elliewoodward/kristin-cavallaris-friend-kelly-henderson-instagram-drama?origin=web-hf,Kristin Cavallari's Ex-Best Friend Is Being Dragged In Her Instagram Comments Over Jay Cutler Again And This Time She’s Responded,,20200522-2030
https://www.buzzfeed.com/soothnessbyshubhamg/here-are-disney-movies-10-supporting-characters-9rq6ct7w5j?origin=web-hf,Most Disney Fans Will Not Be Able To Identify Which Movie These Supporting Characters Are From,,20200522-2030
https://www.buzzfeednews.com/article/davidmack/tiger-king-director-eric-goode-pays-restaurant-staff?origin=web-hf,"The Director Of ""Tiger King"" Has Now Paid Restaurant Staff He Laid Off Due To The Coronavirus Pandemic",,20200522-2030
https://www.buzzfeed.com/leonielove/are-you-a-disney-nerd-even-if-you-arent-you-can-bpsaewfmso?origin=web-hf,Only A True Disney Nerd Can Score At Least 6/7 On This Disney Movie Quiz,,20200522-2030
https://www.buzzfeed.com/bluewave/choose-a-makeup-routine-and-well-guess-your-eye-c-3l7xx9lyjo?origin=web-hf,Create A Makeup Routine And We'll Guess Your Eye Color With 91% Accuracy,,20200522-2030
/watch/video/105061,"I Tried Boba Ice Cream From This Viral Ice Cream Shop
Follow Jasmine for more travel & food content! https://www.instagram.com/jasminepak/ ✨ Boba pints are only available online during Online Pint Drops. They will be available in-store at the opening of the Fairfax location in June! Check https://www.wanderlustcreamery.com/ for their latest updates for availability.",,20200522-2030
https://www.buzzfeed.com/flienlikesunicorn/what-percent-unicorn-are-you-964u4ihd3e?origin=web-hf,Want To Know What % Unicorn You Are? Answer Some Sparkly Questions To Find Out,,20200522-2030
https://www.buzzfeed.com/morgansloss1/sorry-but-you-can-only-pick-one-movie-character-for-every?origin=web-hf,Let's See If You'd Pick The Same Movie Character For Every Letter Of The Alphabet As Everyone Else,,20200522-2030
https://www.buzzfeed.com/laurengarafano/pick-one-hot-guy-per-teen-drama-poll?origin=web-hf,I Regret To Inform You That You Can Only Pick One Hot Guy Per TV Show,,20200522-2030
https://www.buzzfeed.com/sam_cleal/guess-the-celeb-by-their-parent-quiz?origin=web-hf,Here Are 16 Celebrity Parents – If You Can Match At Least Half To Their Child I'll Be Impressed,,20200522-2030
https://www.buzzfeed.com/kaylaboyd/laundry-tips-our-readers-actually-swear-by?origin=web-hf,17 Laundry Tips Our Readers Actually Swear By,,20200522-2030
https://www.buzzfeed.com/benhenry/demi-lovato-boyfriend-max-ehrich-old-tweet?origin=web-hf,Demi Lovato Shared An Old Tweet Her Boyfriend Posted In 2011 About Wanting To Date Her And The Whole Thing Is Super Cute,,20200522-2030
https://www.buzzfeed.com/terrycarter/jeannie-mai-quarantine-interview?origin=web-hf,Jeannie Mai Shared What She's Been Doing At Home And It Sounds Like Her Quarantine Has Been Lit,,20200522-2030
https://www.buzzfeed.com/frazyeah/plan-a-european-road-trip-and-ill-give-you-an-und-d9677ttbfw?origin=web-hf,We'll Give You An Underrated Netflix Movie To Watch Based On The European Road Trip You Plan,,20200522-2030
/watch/video/102294,"We Didn't Use Toilet Paper For A Week 
Auri gets Steve to try reusable toilet paper, will he like it?",,20200522-2030
https://www.buzzfeed.com/sp177/if-you-can-name-all-10-of-these-animals-from-frien-f9ehybf6k8?origin=web-hf,"You Might Be Obsessed With ""Friends"" If You Can Pass This ""Jeopardy!"" Trivia Quiz About The Animals In The Show",,20200522-2030
https://www.buzzfeed.com/nusrat21/eloquii-sale-post-50-percent-off-sale?origin=web-hf,Eloquii Is Giving 50% Off On Items Already On Sale And Your Summer Wardrobe Is About To Be The Most Stylish It's Ever Been,,20200522-2030
https://www.buzzfeednews.com/article/joshbillinson/cats-fighting-chuck-e-cheeze-pizzeria?origin=web-hf,"Did You See These Cats Interrupt A News Broadcast? Plus, Chuck E. Cheese’s Delivery Secret!",,20200522-2030
https://www.buzzfeed.com/malloryannp/bed-frames-thatll-basically-be-the-star-of-your-bedroom?origin=web-hf,29 Bed Frames That'll Basically Be The Star Of Your Bedroom,,20200522-2030
https://www.buzzfeed.com/hannahmarder/can-you-name-a-harry-potter-character-for-every-letter-of?origin=web-hf,"26 ""Harry Potter"" Characters Stand Between You And Acing This Quiz",,20200522-2030
https://www.buzzfeednews.com/article/kadiagoba/small-business-loans-ppp-sba-inspector-general-report?origin=web-hf,Small Businesses Owned By Women And Minorities Are Struggling To Get Federal Loans During The Coronavirus Pandemic,,20200522-2030
https://www.buzzfeed.com/whitneyjefferson/tuca-bertie-coming-back-to-adult-swim-2021?origin=web-hf,"Get Excited: ""Tuca And Bertie"" Is Returning With A Second Season",,20200522-2030
https://www.buzzfeed.com/audreyworboys/17-popular-quizzes-this-week?origin=web-hf,"17 Exquisite Quizzes That Are Top Shelf, If I Do Say So Myself",,20200522-2030
/watch/video/99501,"Boricua From The Island vs The Mainland 
Love one another, Puerto Ricans from around the world!",,20200522-2030
https://www.buzzfeed.com/melanie_aman/backcountry-memorial-day-weekend-sale-up-to-50-off?origin=web-hf,Just FYI: Backcountry's Having A Huge Sale On Everything You Need For Summer,,20200522-2030
https://www.buzzfeed.com/katyherman/modcloth-memorial-day-sale?origin=web-hf,"It's Time To Treat Yourself, Because Everything At ModCloth Is At Least 30% Off For Memorial Day",,20200522-2030
https://www.buzzfeed.com/hanifahrahman/what-tv-show-inconsistency-will-you-never-forget?origin=web-hf,Tell Us The Most Annoying TV Inconsistency You Know,,20200522-2030
https://www.buzzfeednews.com/article/henrygomez/val-demings-joe-biden-vice-president?origin=web-hf,Val Demings Is On Joe Biden’s VP List. She Says She Has The “Real Life” Experience For The Job.,,20200522-2030
https://www.buzzfeednews.com/article/tanyachen/are-shady-instagram-giveaways-the-new-mlms?origin=web-hf,These Controversial Loop Giveaways On Instagram Have Some Things In Common With MLMs,,20200522-2030
https://www.buzzfeed.com/almondmilk24/are-you-more-like-shrek-or-donkey-from-the-shrek-m-b2yysxzsot?origin=web-hf,This Personality Quiz Will Determine If You're More Like Shrek Or Donkey,,20200522-2030
https://www.buzzfeed.com/kylerichmond/really-hard-quiz-about-canada?origin=web-hf,This Random Knowledge Quiz On Canada Will Stump You By Level 25,,20200522-2030
https://www.buzzfeed.com/christyz23/take-this-quiz-to-see-how-you-will-blow-up-on-tikt-9km5keymm2?origin=web-hf,What Will You Be TikTok Famous For?,,20200522-2030
/watch/video/105540,"Camp Counselor Horror Stories
In honor of summer former camp counselors share their craziest, weirdest and funniest experiences from camp.",,20200522-2030
https://www.buzzfeed.com/jmihaly/home-long-run-benefits?origin=web-hf,31 Somewhat Random Things To Buy For Your Home That'll Benefit You In The Long Run,,20200522-2030
https://www.buzzfeed.com/emmamcanaw/masks-made-here-20-off-sale?origin=web-hf,"If You're Bored Of Your Face Mask, Masks Made Here Is Having A 20% Off Sale",,20200522-2030
https://www.buzzfeednews.com/article/albertonardelli/trump-g7-coronavirus?origin=web-hf,Trump Wants To Hold The G7 Summit In Person But He Didn’t Ask Other World Leaders About The Idea Before Tweeting It,,20200522-2030
https://www.buzzfeed.com/mikespohr/mindblowing-facts?origin=web-hf,18 Random Facts That Absolutely Blew People's Minds On Twitter,,20200522-2030
https://www.buzzfeed.com/zipporkella/what-percent-typical-nerd-are-you-c09ywjxe9m?origin=web-hf,"If You Check Off At Least 17/26 Things On This List, Then You're A Total Nerd",,20200522-2030
https://www.buzzfeed.com/tessafahey/iconic-rom-com-checklist?origin=web-hf,How Many Iconic Rom-Coms Have You Actually Seen?,,20200522-2030
https://www.buzzfeed.com/tatianatenreyrowhitlock/funniest-tweets-lana-del-rey-instagram-post-drama?origin=web-hf,15 Funny Tweets About The Lana Del Rey Instagram Post Drama,,20200522-2030
https://www.buzzfeed.com/tatianatenreyrowhitlock/lady-gaga-and-ariana-grande-song?origin=web-hf,"Lady Gaga And Ariana Grande Just Made The Weekend More Exciting By Dropping Their Song ""Rain On Me""",,20200522-2030
/watch/video/105310,"Loren Gray Reads Her Instagram DMs
Loren Gray bravely sits down to do a deep dive into her Instagram DM requests, which include supportive fans, the obligatory haters, and even some marriage proposals from complete strangers. Check out Loren’s new single “Cake” now: https://www.youtube.com/watch?v=klwWrurkjgc",,20200522-2030
https://www.buzzfeed.com/noradominick/celeb-iconic-characters-trivia-quiz?origin=web-hf,These Iconic TV And Movie Characters Were Played By The Same Actor — Can You Tell Them Apart?,,20200522-2030
https://www.buzzfeed.com/jenniferabidor/jokes-about-disney-villains?origin=web-hf,21 Times The Internet Roasted The Disney Villains,,20200522-2030
https://www.buzzfeed.com/tatianatenreyrowhitlock/lana-del-rey-responds-to-backlash-over-instagram-post?origin=web-hf,"Lana Del Rey Responded To The Backlash Toward Her Instagram Post, Saying She's Sad People Made It A ""WOC Issue""",,20200522-2030
https://www.buzzfeed.com/huynht2510/can-we-guess-your-most-recent-emoji-by-this-quiz-eqcv8mgpxb?origin=web-hf,Build A House And We'll Accurately Guess Your Most Recently Used Emoji,,20200522-2030
https://www.buzzfeed.com/farrahpenn/finals-week-zoom-university-fails?origin=web-hf,18 Times The Students Of Zoom University Really Struggled Through Finals Week,,20200522-2030
https://www.buzzfeed.com/mjs538/early-2000s-pictures-for-millennials?origin=web-hf,33 Pictures That Millennials Will Have To Explain To Generation Alpha Someday,,20200522-2030
https://www.buzzfeednews.com/article/laurenstrapagiel/influencers-say-instagram-is-more-likely-to-remove-photos?origin=web-hf,"Influencers Say Instagram Is Biased Against Plus-Size Bodies, And They May Be Right",,20200522-2030
https://www.buzzfeed.com/yiyang/futuristic-products-thatll-probably-make-you-feel-like?origin=web-hf,35 Futuristic Products That’ll Probably Make You Feel Like You’re Living In 3020,,20200522-2030
/watch/video/105538,Can These Exes Be Friends?,,20200522-2030
https://www.buzzfeednews.com,BuzzFeed NewsReporting on what you care about. We hold major institutions accountable and expose wrongdoing.,,20200522-2100
https://www.tasty.co,"BuzzFeed TastySearch, watch, and cook every single Tasty recipe and video ever - all in one place!",,20200522-2100
https://www.buzzfeed.com/goodful,"BuzzFeed GoodfulSelf care and ideas to help you live a healthier, happier life.",,20200522-2100
https://www.buzzfeed.com/bringme,"BuzzFeed Bring MeObsessed with travel? Discover unique things to do, places to eat, and sights to see in the best destinations around the world with Bring Me!",,20200522-2100
https://www.buzzfeed.com/asis,"BuzzFeed As IsSomething for everyone interested in hair, makeup, style, and body positivity.",,20200522-2100
https://www.buzzfeed.com/farrahpenn/phytophotodermatitis-sunlight-lime-photos?ref=hpsplash&origin=spl,These Graphic Pictures Show What Can Happen If You Go Outside After Handling Limes,,20200522-2100
https://www.buzzfeed.com/hbraga/kitchen-products-worth-investment?origin=hpp,38 Kitchen Products That Are Totally Worth The Investment,,20200522-2100
https://www.buzzfeed.com/newsletters?ref=hplego,"WTF Is Happening Today? BuzzFeed Newsletters Can Help!
We have newsletters to help you stay in the loop AND newsletters to help you forget! Try one today!",,20200522-2100
https://www.buzzfeed.com/jonmichaelpoff/costco-worker-kicked-out-customer-no-mask?origin=web-hf,This Video Of A Costco Worker Kicking Out A Guy For Not Wearing A Mask Is Going Viral Because It's So Wild,,20200522-2100
https://www.buzzfeed.com/pablovaldivia/cheese-quiz-inner-age?origin=web-hf,"Rate 20 Cheeses From ""Yuck"" To ""Yum"" And We'll Reveal Your Inner Age",,20200522-2100
https://www.buzzfeed.com/andrewziegler/quiz-party?origin=shp,"You Can Now Take BuzzFeed Quizzes In Real Time With Your Friends — You’re Welcome
Let’s get this party started.",,20200522-2100
https://www.buzzfeed.com/jenniferabidor/friends-a-to-z?origin=shp,"This ""Friends"" A–Z Quiz Will Reveal Which Main Character You Are",,20200522-2100
https://www.buzzfeed.com/sarahaspler/taste-in-disney-movies-age-quiz?origin=shp,Can We Accurately Guess Your Age Based On Your Taste In Disney Movies?,,20200522-2100
https://www.buzzfeed.com/andrewziegler/quiz-romantic-type?origin=shp,There Are Actually Only Four Romantic Types And We Can Accurately Guess Yours,,20200522-2100
https://www.buzzfeed.com/sarahaspler/everyone-has-a-fruit-that-matches-their-personalit?origin=shp,Everyone Has A Fruit That Matches Their Personality – Here’s Yours,,20200522-2100
https://www.buzzfeed.com/quizparty,Keep the quiz party going,,20200522-2100
https://www.buzzfeed.com/christopherhudspeth/reopening-in-america-photos-new-normal-the-future?origin=web-hf,16 Photos Of Things Opening Back Up In The US That Give An Idea Of What The Future Might Be Like,,20200522-2100
https://www.buzzfeed.com/daniellaemanuel/mistakes-movies-shows?origin=web-hf,18 Huge Errors In Movies And Shows That I'm Shocked No One Caught,,20200522-2100
https://www.buzzfeed.com/maitlandquitmeyer/best-memorial-day-sales-deals-2020?origin=hshp,"All The Best Memorial Day Weekend Deals
The savings start now.",,20200522-2100
https://www.buzzfeed.com/kaylasuazo/all-the-best-memorial-day-mattress-sales-2020?origin=hshp,All Of The Best Memorial Day Mattress Sales,,20200522-2100
https://www.buzzfeed.com/emmalord9/best-deals-wayfair-memorial-day-sale?origin=hshp,All The Best Deals At Wayfair's Memorial Day Sale,,20200522-2100
https://www.buzzfeed.com/abbykass/zappos-memorial-day-sale?origin=hshp,You Can Save On *So* Many Popular Shoes During The Zappos Memorial Day Sale,,20200522-2100
https://www.buzzfeed.com/elenamgarcia/dyson-is-having-a-pretty-major-memorial-day-sale-no-better?origin=hshp,Dyson Is Having A Pretty Major Memorial Day Sale — No Better Time Than Now To Get Yourself A New Vacuum,,20200522-2100
https://www.buzzfeed.com/shopping?origin=hshp,See more great product recommendations,,20200522-2100
https://www.buzzfeed.com/kristatorres/jason-derulos-tried-to-eat-corn-off-a-power-drill?origin=web-hf,Jason Derulo Tried To Eat Corn Off A Power Drill And Things Did Not Go Well,,20200522-2100
/watch/video/106006,"""Normal People"" Stars Daisy Edgar-Jones and Paul Mescal Read Thirst Tweets
Daisy Edgar-Jones and Paul Mescal, stars of the hit Hulu series ""Normal People"", dive headfirst into the Twittersphere’s obsession with their on-screen romance, and learn that for a lot of people out there, Connell and Marianne are the ultimate OTP.",,20200522-2100
https://www.buzzfeed.com/stephenlaconte/found-sex-toys-boyfriends-drawer-advice-column?origin=web-hf,I Just Discovered Multiple Dildos In My Boyfriend's Sock Drawer — Should I Confront Him?,,20200522-2100
https://www.buzzfeednews.com/article/venessawong/low-wages-cut-hours-few-benefits-essential-work?origin=shp,"Low Wages, Cut Hours, Few Benefits: The Lopsided Rewards For Doing “Essential Work”
“The take-home pay is completely ludicrous for what we do.”
1 hour ago",,20200522-2100
https://www.buzzfeednews.com/article/danvergano/coronavirus-tips-spike-loop-protein-symptoms-death?origin=shp,The Coronavirus Has A Mysterious “Loop” That Lets It Quickly Attack Human Lungs. Here’s How It Works.,,20200522-2100
https://www.buzzfeednews.com/article/paulmcleod/coronavirus-states-reopening-back-to-work-lawsuits?origin=shp,No One Is Ready To Step In And Provide Safety Guidance As Businesses And Work Places Start To Reopen,,20200522-2100
https://www.buzzfeednews.com/article/craigsilverman/coronavirus-information-apocalypse?origin=shp,"The Information Apocalypse Is Already Here, And Reality Is Losing",,20200522-2100
https://www.buzzfeednews.com/article/maryanngeorgantopoulos/coronavirus-quaranteam-expanding-quarantine-circles?origin=shp,Tell Us: How Are You Expanding Your Quarantine Circle To Include More People?,,20200522-2100
https://bzfd.it/noc-show,The daily News O'Clock podcast is here.,,20200522-2100
https://www.buzzfeed.com/mjs538/ariana-grande-without-ponytail-in-lady-gaga-music-video?origin=web-hf,Ariana Grande Took Down Her Ponytail And Lady Gaga Put Hers Up In The Gayest Moment Of 2020,,20200522-2100
https://www.buzzfeed.com/noradominick/tv-moments-of-week-5-22-20?origin=web-hf,Here Are The 23 Biggest TV Moments This Week That You Might've Missed,,20200522-2100
https://www.buzzfeed.com/kristatorres/celebrity-kids-who-have-basically-became-adults?origin=web-hf,10 Famous Kids Who Have Basically Became Adults Since I Last Blinked My Eyes,,20200522-2100
https://www.buzzfeed.com/mermaidbarbie/everyone-is-a-combination-of-a-disney-princess-and-7a2ivypbis?origin=web-hf,Everyone Is 50% A Disney Princess And 50% A Disney Villain — Here's Your Combo,,20200522-2100
https://www.buzzfeed.com/lakenbrooks222/can-you-solve-this-disney-princess-murder-mystery-chhbh703ee?origin=web-hf,Solve This Pretend Disney Princess Murder Mystery To Prove You're A True Sleuth,,20200522-2100
https://www.buzzfeed.com/victoriavouloumanos/stars-who-are-mixed-asian-pacific-islander?origin=shp,"34 Multiracial Celebs Who Are Actually Asian Or Pacific Islander
Relatable and inspirational icons, all of ‘em.",,20200522-2100
https://www.buzzfeed.com/sumedha_bharpilania/which-indian-comfort-food-are-you?origin=shp,"If You Were An Indian Comfort Food, Which One Would You Be?",,20200522-2100
https://www.buzzfeed.com/michellemkim/asian-male-celebs-thirst?origin=shp,21 Asian Male Celebs That Have Us Feeling Oh So Very Thirsty,,20200522-2100
https://www.buzzfeed.com/michellemkim/which-anime-best-boy-are-you?origin=shp,Quiz: Which Anime Best Boy Are You?,,20200522-2100
https://www.buzzfeed.com/badge/apahm2020,See all of our APAHM coverage here,,20200522-2100
/watch/video/105512,"BuzzFeed Presents: The Stay At Home Talent Show
We’re showcasing all of the wonderful talents people have sharpened during quarantine. 6 acts will perform live via video conference in front of 3 comedic judges and scored on a scale from 1-10. The highest score wins a sweet surprise! Tune in for beatboxing, food art, impressions, basketball trick shots, drumming, comedy and more!",,20200522-2100
https://www.buzzfeed.com/ehisosifo1/daisy-edgar-jones-paul-mescal-normal-people-thirst-tweets?origin=web-hf,"Daisy Edgar-Jones And Paul Mescal Shared An Unsexy Story About Their Sexy Italy Tans In ""Normal People""",,20200522-2100
https://www.buzzfeed.com/kebornholtz/dont-miss-any-of-our-oscars-coverage-with-our-oscars-guide,Find The Next Show To Binge On With Our TV & Movies Newsletter!,,20200522-2100
https://www.buzzfeednews.com/article/ikrd/parents-buy-printer-when-girl-asks-for-ink?origin=web-hf,These Parents Went Viral After They Bought Their Daughter A Whole New Printer Instead Of New Ink Cartridges,,20200522-2100
https://www.buzzfeed.com/lucyruth/which-quarantine-trend-should-you-try-next-ei0sgl61hv?origin=web-hf,Take This Personality Quiz To Reveal Which Quarantine Trend You Should Try,,20200522-2100
https://www.buzzfeed.com/victoriagasparowicz/if-you-can-identify-18-out-of-20-of-these-gilmore-girls?origin=web-hf,"I Feel Like If You've Seen ""Gilmore Girls"" More Than Once Then You Can Identify At Least 18/20 Of These Characters",,20200522-2100
https://www.buzzfeed.com/andyneuenschwander/iphone-tricks-on-tiktok-blowing-my-mind-jessicawangofficial?origin=web-hf,These iPhone Tricks On TikTok Are Kinda Blowing My Mind Right Now,,20200522-2100
https://www.buzzfeed.com/morganmurrell/celebrity-instagrams-this-week-5-22-2020?origin=web-hf,18 Celebrity Instagrams You Probably Missed This Week,,20200522-2100
https://www.buzzfeed.com/hannahmarder/what-movies-about-mental-health-made-you-feel-seen,What Movies Got Mental Health Right?,,20200522-2100
/watch/video/103685,"New Orleans Vlog : A Rat Came In And Pooped In Our Airbnb!!! | Jasmine Pak
If you guys are looking for what to do in New Orleans, feel free to use this as a guide! ... minus the rat in the Airbnb part haha.  Let me know if you want to see more travel vlogs in the future when we're all able to get out of quarantine!   My friends and I have been meeting up every few months in a different location since graduating college. Where should we go next? Follow me on Instagram! @jasminepak",,20200522-2100
https://www.buzzfeed.com/kellymartinez/tired-of-video-meetings?origin=web-hf,"Zoom Fatigue Is Real, And You Probably Have It If You Relate To These 16 Tweets",,20200522-2100
https://www.buzzfeed.com/elenamgarcia/bedtime-accessories-thatll-help-you-get-a-better?origin=web-hf,39 Bedtime Accessories That'll Help You Get A Better Night's Rest,,20200522-2100
https://www.buzzfeed.com/genevievescarano/workout-essentials-get-on-sale-right-now?origin=web-hf,Just 27 Pieces Of Activewear You Can Get On Sale Right Now,,20200522-2100
https://www.buzzfeed.com/josieayre1/super-cute-animal-tweets-that-will-melt-your-heart?origin=web-hf,21 Wholesome Tweets About Animals That Prove How Ridiculous They Are,,20200522-2100
https://www.buzzfeed.com/ehisosifo1/ryan-murphy-glee-reboot-instagram?origin=web-hf,"Ryan Murphy Reimagined The Pilot Of “Glee” With Ben Platt, Beanie Feldstein, And Lea Michele And I Would Like To See It",,20200522-2100
https://www.buzzfeed.com/daniellaemanuel/scary-tiktok-sandwich?origin=web-hf,"Everyone Is Terrified By This TikTok Sandwich, So I Decided To Try It",,20200522-2100
https://www.buzzfeed.com/hannahmarder/choose-from-these-aesthetic-photos-to-find-out-which?origin=web-hf,Which Fictional Mermaid Are You Based On Your Aesthetic?,,20200522-2100
https://www.buzzfeed.com/mjs538/martha-stewart-posted-an-extremely-sexual-instagram-caption?origin=web-hf,"Martha Stewart Accidentally Posted An Extremely Sexual Instagram Caption About Chicken And I Guess She's Really Horny, Y'all",,20200522-2100
/watch/video/103929,"I Made The Crazy Tornado Omelet 
Who knew eggs could even be made this way - can Inga make the epic tornado omelet rice? Follow Inga for more fun food content: https://www.instagram.com/ingatylam/",,20200522-2100
https://www.buzzfeednews.com/article/emaoconnor/animal-crossing-ramadan-2020-eid-celebration-coronavirus?origin=web-hf,"During The Pandemic, This Game Developer Has Been Hosting Ramadan In “Animal Crossing”",,20200522-2100
https://www.buzzfeed.com/kirbybeaton/geography-quiz-fake-cities?origin=web-hf,9 Of These Cities Are Fake — Can You Tell Which Ones?,,20200522-2100
https://www.buzzfeed.com/kaylayandoli/these-random-questions-will-reveal-the-decade-you-were-born?origin=web-hf,I Know The Decade You Were Born In Based On How You Answer These 15 Questions,,20200522-2100
https://www.buzzfeed.com/sydrobinson1/show-us-your-high-school-sweetheart-parents?origin=web-hf,Show Us Old Pictures Of Your High School Sweetheart Parents,,20200522-2100
https://www.buzzfeed.com/marietelling/pantry-staple-recipes-on-a-budget?origin=web-hf,8 Non-Perishables That Belong In Every Kitchen (And How To Turn Them Into Meals),,20200522-2100
https://www.buzzfeed.com/daves4/childhood-house-quiz?origin=web-hf,"Sorry, But If You're Over 30 You're Going To Have An Impossible Time Passing This Quiz",,20200522-2100
https://www.buzzfeed.com/morgansloss1/celeb-quarantine-favorites?origin=web-hf,Time To Pick Which Famous People You'd Love To Spend Quarantine With,,20200522-2100
https://www.buzzfeed.com/pablovaldivia/cats-being-rude?origin=web-hf,21 Cats Who Know They're Adorable Jerks And Are Proud Of It,,20200522-2100
/watch/video/104128,"We Wore Monochromatic Outfits For A Week
""This might be a once and done, video exclusive, your eyes only!""",,20200522-2100
https://www.buzzfeed.com/isabellalouise/can-you-name-every-capital-in-this-a-z-country-qui-g98utjsi6?origin=web-hf,I Will Be Seriously Impressed If You Can Name The Capitals Of These 24 Countries,,20200522-2100
https://www.buzzfeed.com/hannahmarder/what-actor-from-a-teen-show-is-actually-amazing?origin=web-hf,What Actor From A Teen Drama Carried The Show On Their Back?,,20200522-2100
https://www.buzzfeednews.com/article/ryancbrooks/joe-biden-charlamagne-black-breakfast-club?origin=web-hf,"Joe Biden Told Charlamagne He ""Ain't Black"" If He's Having Trouble Deciding Whether To Vote For Him Or Trump",,20200522-2100
https://www.buzzfeed.com/whitneyjefferson/new-movies-being-released-may-22-2020?origin=web-hf,Here Are All Of The New Movies Coming Out This Weekend,,20200522-2100
https://www.buzzfeed.com/marinettestitch/can-you-guess-the-disney-princess-just-by-her-colo-epcyfshdi7?origin=web-hf,Guess The Disney Princess From Her Colour Palette And We'll Reveal How Much Of A Disney Stan You Are,,20200522-2100
https://www.buzzfeed.com/emlyntravis/k-pop-news-522?origin=web-hf,"BTS's Suga Releases Second Mixtape ""D-2,"" And 4 Other K-Pop Headlines You Need To Read",,20200522-2100
https://www.buzzfeednews.com/article/scaachikoul/selling-sunset-season-2-netflix-adam-divello?origin=web-hf,I Got A Front-Row Seat To The New Season Of “Selling Sunset”,,20200522-2100
https://www.buzzfeed.com/eleanorbate/kristen-bell-daughter-diapers-mom-shaming?origin=web-hf,"Kristen Bell Opened Up About Mom-Shaming And Revealed Her Five-Year-Old Daughter Is ""Still In Diapers""",,20200522-2100
https://www.buzzfeednews.com/article/davidmack/son-stabs-dad-murder-zoom-call?origin=web-hf,A Guy Was On A Zoom Call When His Son Allegedly Stabbed Him To Death,,20200522-2100
https://www.buzzfeed.com/lyapalater/things-famous-people-were-photographed-doing-this-week-5-22?origin=web-hf,16 Things Famous People Were Photographed Doing This Week,,20200522-2100
https://www.buzzfeed.com/marvelhorcrux/sort-the-avengers-to-find-out-what-hogwarts-house-2aqu6d6aog?origin=web-hf,Where You Sort These Avengers Will Determine Which Hogwarts House You Belong In,,20200522-2100
https://www.buzzfeed.com/valentinamustafa/we-can-guess-the-initials-of-your-soulmate-by-your-3xftdit82c?origin=web-hf,Wanna Know Your Future Soulmate's Initials? Just Tell Us Your Music Preferences To Find Out,,20200522-2100
https://www.buzzfeed.com/lakenbrooks222/eat-your-favorite-desserts-and-well-tell-you-whic-yf5ecuouc?origin=web-hf,Eat Your Favorite Desserts And We'll Tell You Which Disney Villain You Are,,20200522-2100
https://www.buzzfeed.com/elliewoodward/kristin-cavallaris-friend-kelly-henderson-instagram-drama?origin=web-hf,Kristin Cavallari's Ex-Best Friend Is Being Dragged In Her Instagram Comments Over Jay Cutler Again And This Time She’s Responded,,20200522-2100
https://www.buzzfeed.com/soothnessbyshubhamg/here-are-disney-movies-10-supporting-characters-9rq6ct7w5j?origin=web-hf,Most Disney Fans Will Not Be Able To Identify Which Movie These Supporting Characters Are From,,20200522-2100
https://www.buzzfeednews.com/article/davidmack/tiger-king-director-eric-goode-pays-restaurant-staff?origin=web-hf,"The Director Of ""Tiger King"" Has Now Paid Restaurant Staff He Laid Off Due To The Coronavirus Pandemic",,20200522-2100
/watch/video/105061,"I Tried Boba Ice Cream From This Viral Ice Cream Shop
Follow Jasmine for more travel & food content! https://www.instagram.com/jasminepak/ ✨ Boba pints are only available online during Online Pint Drops. They will be available in-store at the opening of the Fairfax location in June! Check https://www.wanderlustcreamery.com/ for their latest updates for availability.",,20200522-2100
https://www.buzzfeed.com/leonielove/are-you-a-disney-nerd-even-if-you-arent-you-can-bpsaewfmso?origin=web-hf,Only A True Disney Nerd Can Score At Least 6/7 On This Disney Movie Quiz,,20200522-2100
https://www.buzzfeed.com/bluewave/choose-a-makeup-routine-and-well-guess-your-eye-c-3l7xx9lyjo?origin=web-hf,Create A Makeup Routine And We'll Guess Your Eye Color With 91% Accuracy,,20200522-2100
https://www.buzzfeed.com/morgansloss1/sorry-but-you-can-only-pick-one-movie-character-for-every?origin=web-hf,Let's See If You'd Pick The Same Movie Character For Every Letter Of The Alphabet As Everyone Else,,20200522-2100
https://www.buzzfeed.com/flienlikesunicorn/what-percent-unicorn-are-you-964u4ihd3e?origin=web-hf,Want To Know What % Unicorn You Are? Answer Some Sparkly Questions To Find Out,,20200522-2100
https://www.buzzfeed.com/sam_cleal/guess-the-celeb-by-their-parent-quiz?origin=web-hf,Here Are 16 Celebrity Parents – If You Can Match At Least Half To Their Child I'll Be Impressed,,20200522-2100
https://www.buzzfeed.com/laurengarafano/pick-one-hot-guy-per-teen-drama-poll?origin=web-hf,I Regret To Inform You That You Can Only Pick One Hot Guy Per TV Show,,20200522-2100
https://www.buzzfeed.com/kaylaboyd/laundry-tips-our-readers-actually-swear-by?origin=web-hf,17 Laundry Tips Our Readers Actually Swear By,,20200522-2100
https://www.buzzfeed.com/benhenry/demi-lovato-boyfriend-max-ehrich-old-tweet?origin=web-hf,Demi Lovato Shared An Old Tweet Her Boyfriend Posted In 2011 About Wanting To Date Her And The Whole Thing Is Super Cute,,20200522-2100
/watch/video/102294,"We Didn't Use Toilet Paper For A Week 
Auri gets Steve to try reusable toilet paper, will he like it?",,20200522-2100
https://www.buzzfeed.com/terrycarter/jeannie-mai-quarantine-interview?origin=web-hf,Jeannie Mai Shared What She's Been Doing At Home And It Sounds Like Her Quarantine Has Been Lit,,20200522-2100
https://www.buzzfeed.com/frazyeah/plan-a-european-road-trip-and-ill-give-you-an-und-d9677ttbfw?origin=web-hf,We'll Give You An Underrated Netflix Movie To Watch Based On The European Road Trip You Plan,,20200522-2100
https://www.buzzfeed.com/sp177/if-you-can-name-all-10-of-these-animals-from-frien-f9ehybf6k8?origin=web-hf,"You Might Be Obsessed With ""Friends"" If You Can Pass This ""Jeopardy!"" Trivia Quiz About The Animals In The Show",,20200522-2100
https://www.buzzfeed.com/nusrat21/eloquii-sale-post-50-percent-off-sale?origin=web-hf,Eloquii Is Giving 50% Off On Items Already On Sale And Your Summer Wardrobe Is About To Be The Most Stylish It's Ever Been,,20200522-2100
https://www.buzzfeed.com/malloryannp/bed-frames-thatll-basically-be-the-star-of-your-bedroom?origin=web-hf,29 Bed Frames That'll Basically Be The Star Of Your Bedroom,,20200522-2100
https://www.buzzfeednews.com/article/danvergano/coronavirus-malaria-drug-trump-deadly-hydroxychloroquine?origin=web-hf,A New Study Says The Malaria Drug Touted (And Taken) By Trump Looks Deadly For Coronavirus Patients,,20200522-2100
https://www.buzzfeed.com/hannahmarder/can-you-name-a-harry-potter-character-for-every-letter-of?origin=web-hf,"26 ""Harry Potter"" Characters Stand Between You And Acing This Quiz",,20200522-2100
https://www.buzzfeednews.com/article/joshbillinson/cats-fighting-chuck-e-cheeze-pizzeria?origin=web-hf,"Did You See These Cats Interrupt A News Broadcast? Plus, Chuck E. Cheese’s Delivery Secret!",,20200522-2100
/watch/video/99501,"Boricua From The Island vs The Mainland 
Love one another, Puerto Ricans from around the world!",,20200522-2100
https://www.buzzfeednews.com/article/kadiagoba/small-business-loans-ppp-sba-inspector-general-report?origin=web-hf,Small Businesses Owned By Women And Minorities Are Struggling To Get Federal Loans During The Coronavirus Pandemic,,20200522-2100
https://www.buzzfeed.com/whitneyjefferson/tuca-bertie-coming-back-to-adult-swim-2021?origin=web-hf,"Get Excited: ""Tuca And Bertie"" Is Returning With A Second Season",,20200522-2100
https://www.buzzfeed.com/melanie_aman/backcountry-memorial-day-weekend-sale-up-to-50-off?origin=web-hf,Just FYI: Backcountry's Having A Huge Sale On Everything You Need For Summer,,20200522-2100
https://www.buzzfeed.com/audreyworboys/17-popular-quizzes-this-week?origin=web-hf,"If You're Bored, These Excellent Quizzes Are The First Things You Should Do",,20200522-2100
https://www.buzzfeed.com/hanifahrahman/what-tv-show-inconsistency-will-you-never-forget?origin=web-hf,Tell Us The Most Annoying TV Inconsistency You Know,,20200522-2100
https://www.buzzfeed.com/katyherman/modcloth-memorial-day-sale?origin=web-hf,"If You're Looking For Cute Summer Clothes, Everything At ModCloth Is 30%-40% Off For Memorial Day",,20200522-2100
https://www.buzzfeednews.com/article/henrygomez/val-demings-joe-biden-vice-president?origin=web-hf,Val Demings Is On Joe Biden’s VP List. She Says She Has The “Real Life” Experience For The Job.,,20200522-2100
https://www.buzzfeednews.com/article/tanyachen/are-shady-instagram-giveaways-the-new-mlms?origin=web-hf,These Controversial Loop Giveaways On Instagram Have Some Things In Common With MLMs,,20200522-2100
/watch/video/105540,"Camp Counselor Horror Stories
In honor of summer former camp counselors share their craziest, weirdest and funniest experiences from camp.",,20200522-2100
https://www.buzzfeed.com/almondmilk24/are-you-more-like-shrek-or-donkey-from-the-shrek-m-b2yysxzsot?origin=web-hf,This Personality Quiz Will Determine If You're More Like Shrek Or Donkey,,20200522-2100
https://www.buzzfeed.com/kylerichmond/really-hard-quiz-about-canada?origin=web-hf,This Random Knowledge Quiz On Canada Will Stump You By Level 25,,20200522-2100
https://www.buzzfeed.com/christyz23/take-this-quiz-to-see-how-you-will-blow-up-on-tikt-9km5keymm2?origin=web-hf,What Will You Be TikTok Famous For?,,20200522-2100
https://www.buzzfeed.com/jmihaly/home-long-run-benefits?origin=web-hf,31 Somewhat Random Things To Buy For Your Home That'll Benefit You In The Long Run,,20200522-2100
https://www.buzzfeed.com/emmamcanaw/masks-made-here-20-off-sale?origin=web-hf,"If You're Bored Of Your Face Mask, Masks Made Here Is Having A 20% Off Sale",,20200522-2100
https://www.buzzfeednews.com/article/albertonardelli/trump-g7-coronavirus?origin=web-hf,Trump Wants To Hold The G7 Summit In Person But He Didn’t Ask Other World Leaders About The Idea Before Tweeting It,,20200522-2100
https://www.buzzfeed.com/mikespohr/mindblowing-facts?origin=web-hf,18 Random Facts That Absolutely Blew People's Minds On Twitter,,20200522-2100
https://www.buzzfeed.com/zipporkella/what-percent-typical-nerd-are-you-c09ywjxe9m?origin=web-hf,"If You Check Off At Least 17/26 Things On This List, Then You're A Total Nerd",,20200522-2100
/watch/video/105310,"Loren Gray Reads Her Instagram DMs
Loren Gray bravely sits down to do a deep dive into her Instagram DM requests, which include supportive fans, the obligatory haters, and even some marriage proposals from complete strangers. Check out Loren’s new single “Cake” now: https://www.youtube.com/watch?v=klwWrurkjgc",,20200522-2100
https://www.buzzfeednews.com,BuzzFeed NewsReporting on what you care about. We hold major institutions accountable and expose wrongdoing.,,20200522-2130
https://www.tasty.co,"BuzzFeed TastySearch, watch, and cook every single Tasty recipe and video ever - all in one place!",,20200522-2130
https://www.buzzfeed.com/goodful,"BuzzFeed GoodfulSelf care and ideas to help you live a healthier, happier life.",,20200522-2130
https://www.buzzfeed.com/bringme,"BuzzFeed Bring MeObsessed with travel? Discover unique things to do, places to eat, and sights to see in the best destinations around the world with Bring Me!",,20200522-2130
https://www.buzzfeed.com/asis,"BuzzFeed As IsSomething for everyone interested in hair, makeup, style, and body positivity.",,20200522-2130
https://www.buzzfeed.com/farrahpenn/phytophotodermatitis-sunlight-lime-photos?ref=hpsplash&origin=spl,These Graphic Pictures Show What Can Happen If You Go Outside After Handling Limes,,20200522-2130
https://www.buzzfeed.com/hbraga/kitchen-products-worth-investment?origin=hpp,38 Kitchen Products That Are Totally Worth The Investment,,20200522-2130
https://www.buzzfeed.com/newsletters?ref=hplego,"WTF Is Happening Today? BuzzFeed Newsletters Can Help!
We have newsletters to help you stay in the loop AND newsletters to help you forget! Try one today!",,20200522-2130
https://www.buzzfeednews.com/article/ariannarebolini/new-book-quiz-coronavirus-memorial-day-weekend?origin=web-hf,Which New Book Should You Read This Weekend?,,20200522-2130
https://www.buzzfeed.com/daniellaemanuel/mistakes-movies-shows?origin=web-hf,18 Huge Errors In Movies And Shows That I'm Shocked No One Caught,,20200522-2130
https://www.buzzfeed.com/andrewziegler/quiz-party?origin=shp,"You Can Now Take BuzzFeed Quizzes In Real Time With Your Friends — You’re Welcome
Let’s get this party started.",,20200522-2130
https://www.buzzfeed.com/jenniferabidor/friends-a-to-z?origin=shp,"This ""Friends"" A–Z Quiz Will Reveal Which Main Character You Are",,20200522-2130
https://www.buzzfeed.com/sarahaspler/taste-in-disney-movies-age-quiz?origin=shp,Can We Accurately Guess Your Age Based On Your Taste In Disney Movies?,,20200522-2130
https://www.buzzfeed.com/andrewziegler/quiz-romantic-type?origin=shp,There Are Actually Only Four Romantic Types And We Can Accurately Guess Yours,,20200522-2130
https://www.buzzfeed.com/sarahaspler/everyone-has-a-fruit-that-matches-their-personalit?origin=shp,Everyone Has A Fruit That Matches Their Personality – Here’s Yours,,20200522-2130
https://www.buzzfeed.com/quizparty,Keep the quiz party going,,20200522-2130
https://www.buzzfeed.com/alanathellama/pick-between-these-shoes-and-well-tell-you-your-a-ctu0eiyqav?origin=web-hf,Fill Up Your Closet With New Shoes And We'll Accurately Guess Your Age,,20200522-2130
https://www.buzzfeednews.com/article/katebubacz/most-powerful-photos-may-22?origin=web-hf,24 Of The Most Powerful Photos Of This Week,,20200522-2130
https://www.buzzfeed.com/maitlandquitmeyer/best-memorial-day-sales-deals-2020?origin=hshp,"All The Best Memorial Day Weekend Deals
The savings start now.",,20200522-2130
https://www.buzzfeed.com/kaylasuazo/all-the-best-memorial-day-mattress-sales-2020?origin=hshp,All Of The Best Memorial Day Mattress Sales,,20200522-2130
https://www.buzzfeed.com/emmalord9/best-deals-wayfair-memorial-day-sale?origin=hshp,All The Best Deals At Wayfair's Memorial Day Sale,,20200522-2130
https://www.buzzfeed.com/abbykass/zappos-memorial-day-sale?origin=hshp,You Can Save On *So* Many Popular Shoes During The Zappos Memorial Day Sale,,20200522-2130
https://www.buzzfeed.com/elenamgarcia/dyson-is-having-a-pretty-major-memorial-day-sale-no-better?origin=hshp,Dyson Is Having A Pretty Major Memorial Day Sale — No Better Time Than Now To Get Yourself A New Vacuum,,20200522-2130
https://www.buzzfeed.com/shopping?origin=hshp,See more great product recommendations,,20200522-2130
https://www.buzzfeed.com/stephenlaconte/found-sex-toys-boyfriends-drawer-advice-column?origin=web-hf,This Woman Found Multiple Sex Toys In Her Boyfriend's Sock Drawer — Should She Confront Him?,,20200522-2130
/watch/video/103886,"Ex-Cyber Criminal Answers Burning Questions About The Dark Web
Can you actually hire a hitman on the dark web...?",,20200522-2130
https://www.buzzfeed.com/mjs538/ariana-grande-without-ponytail-in-lady-gaga-music-video?origin=web-hf,Ariana Grande Took Down Her Ponytail And Lady Gaga Put Hers Up In The Gayest Moment Of 2020,,20200522-2130
https://www.buzzfeednews.com/article/venessawong/low-wages-cut-hours-few-benefits-essential-work?origin=shp,"Low Wages, Cut Hours, Few Benefits: The Lopsided Rewards For Doing “Essential Work”
“The take-home pay is completely ludicrous for what we do.”
1 hour ago",,20200522-2130
https://www.buzzfeednews.com/article/danvergano/coronavirus-tips-spike-loop-protein-symptoms-death?origin=shp,The Coronavirus Has A Mysterious “Loop” That Lets It Quickly Attack Human Lungs. Here’s How It Works.,,20200522-2130
https://www.buzzfeednews.com/article/paulmcleod/coronavirus-states-reopening-back-to-work-lawsuits?origin=shp,No One Is Ready To Step In And Provide Safety Guidance As Businesses And Work Places Start To Reopen,,20200522-2130
https://www.buzzfeednews.com/article/craigsilverman/coronavirus-information-apocalypse?origin=shp,"The Information Apocalypse Is Already Here, And Reality Is Losing",,20200522-2130
https://www.buzzfeednews.com/article/maryanngeorgantopoulos/coronavirus-quaranteam-expanding-quarantine-circles?origin=shp,Tell Us: How Are You Expanding Your Quarantine Circle To Include More People?,,20200522-2130
https://bzfd.it/noc-show,The daily News O'Clock podcast is here.,,20200522-2130
https://www.buzzfeed.com/noradominick/tv-moments-of-week-5-22-20?origin=web-hf,23 TV Moments From This Week That We Can't Stop Talking About,,20200522-2130
https://www.buzzfeed.com/kristatorres/celebrity-kids-who-have-basically-became-adults?origin=web-hf,10 Famous Kids Who Have Basically Became Adults Since I Last Blinked My Eyes,,20200522-2130
https://www.buzzfeed.com/christopherhudspeth/reopening-in-america-photos-new-normal-the-future?origin=web-hf,16 Photos Of Things Opening Back Up In The US That Give An Idea Of What The Future Might Be Like,,20200522-2130
https://www.buzzfeed.com/kaylaboyd/puma-memorial-day-sale?origin=web-hf,This Weekend Puma Is Taking 30% Off Your Entire Order,,20200522-2130
https://www.buzzfeed.com/laurengarafano/celebrity-tiktoks-of-the-week-5-22-20?origin=web-hf,16 Celebrity TikToks You Probably Missed This Week,,20200522-2130
https://www.buzzfeed.com/victoriavouloumanos/stars-who-are-mixed-asian-pacific-islander?origin=shp,"34 Multiracial Celebs Who Are Actually Asian Or Pacific Islander
Relatable and inspirational icons, all of ‘em.",,20200522-2130
https://www.buzzfeed.com/sumedha_bharpilania/which-indian-comfort-food-are-you?origin=shp,"If You Were An Indian Comfort Food, Which One Would You Be?",,20200522-2130
https://www.buzzfeed.com/michellemkim/asian-male-celebs-thirst?origin=shp,21 Asian Male Celebs That Have Us Feeling Oh So Very Thirsty,,20200522-2130
https://www.buzzfeed.com/michellemkim/which-anime-best-boy-are-you?origin=shp,Quiz: Which Anime Best Boy Are You?,,20200522-2130
https://www.buzzfeed.com/badge/apahm2020,See all of our APAHM coverage here,,20200522-2130
/watch/video/106006,"""Normal People"" Stars Daisy Edgar-Jones and Paul Mescal Read Thirst Tweets
Daisy Edgar-Jones and Paul Mescal, stars of the hit Hulu series ""Normal People"", dive headfirst into the Twittersphere’s obsession with their on-screen romance, and learn that for a lot of people out there, Connell and Marianne are the ultimate OTP.",,20200522-2130
https://www.buzzfeed.com/lakenbrooks222/can-you-solve-this-disney-princess-murder-mystery-chhbh703ee?origin=web-hf,Solve This Pretend Disney Princess Murder Mystery To Prove You're A True Sleuth,,20200522-2130
https://www.buzzfeed.com/kebornholtz/lets-wfh-together-with-our-quarantine-today-new-5xqeak1tzg,"Let's WFH Together With Our ""Quarantine Today"" Newsletter",,20200522-2130
https://www.buzzfeed.com/ehisosifo1/daisy-edgar-jones-paul-mescal-normal-people-thirst-tweets?origin=web-hf,"Paul Mescal's Story About The ""Tiny Knickers"" He And Daisy Wore To Get Tan For ""Normal People"" Is Hilarious",,20200522-2130
https://www.buzzfeed.com/pablovaldivia/cheese-quiz-inner-age?origin=web-hf,"Rate 20 Cheeses From ""Yuck"" To ""Yum"" And We'll Reveal Your Inner Age",,20200522-2130
https://www.buzzfeednews.com/article/ikrd/parents-buy-printer-when-girl-asks-for-ink?origin=web-hf,These Parents Went Viral After They Bought Their Daughter A Whole New Printer Instead Of New Ink Cartridges,,20200522-2130
https://www.buzzfeed.com/jonmichaelpoff/costco-worker-kicked-out-customer-no-mask?origin=web-hf,This Video Of A Costco Worker Kicking Out A Guy For Not Wearing A Mask Is Going Viral Because It's So Wild,,20200522-2130
https://www.buzzfeed.com/lucyruth/which-quarantine-trend-should-you-try-next-ei0sgl61hv?origin=web-hf,Take This Personality Quiz To Reveal Which Quarantine Trend You Should Try,,20200522-2130
https://www.buzzfeed.com/hannahmarder/what-movies-about-mental-health-made-you-feel-seen,What Movies Got Mental Health Right?,,20200522-2130
/watch/video/105512,"BuzzFeed Presents: The Stay At Home Talent Show
We’re showcasing all of the wonderful talents people have sharpened during quarantine. 6 acts will perform live via video conference in front of 3 comedic judges and scored on a scale from 1-10. The highest score wins a sweet surprise! Tune in for beatboxing, food art, impressions, basketball trick shots, drumming, comedy and more!",,20200522-2130
https://www.buzzfeed.com/victoriagasparowicz/if-you-can-identify-18-out-of-20-of-these-gilmore-girls?origin=web-hf,"I Feel Like If You've Seen ""Gilmore Girls"" More Than Once Then You Can Identify At Least 18/20 Of These Characters",,20200522-2130
https://www.buzzfeed.com/morganmurrell/celebrity-instagrams-this-week-5-22-2020?origin=web-hf,18 Celebrity Instagrams You Probably Missed This Week,,20200522-2130
https://www.buzzfeed.com/andyneuenschwander/iphone-tricks-on-tiktok-blowing-my-mind-jessicawangofficial?origin=web-hf,These iPhone Tricks On TikTok Are Kinda Blowing My Mind Right Now,,20200522-2130
https://www.buzzfeed.com/kellymartinez/tired-of-video-meetings?origin=web-hf,"Zoom Fatigue Is Real, And You Probably Have It If You Relate To These 16 Tweets",,20200522-2130
https://www.buzzfeed.com/elenamgarcia/bedtime-accessories-thatll-help-you-get-a-better?origin=web-hf,39 Bedtime Accessories That'll Help You Get A Better Night's Rest,,20200522-2130
https://www.buzzfeed.com/mermaidbarbie/everyone-is-a-combination-of-a-disney-princess-and-7a2ivypbis?origin=web-hf,Everyone Is 50% A Disney Princess And 50% A Disney Villain — Here's Your Combo,,20200522-2130
https://www.buzzfeed.com/josieayre1/super-cute-animal-tweets-that-will-melt-your-heart?origin=web-hf,21 Wholesome Tweets About Animals That Prove How Ridiculous They Are,,20200522-2130
https://www.buzzfeed.com/daniellaemanuel/scary-tiktok-sandwich?origin=web-hf,"Everyone Is Terrified By This TikTok Sandwich, So I Decided To Try It",,20200522-2130
/watch/video/103685,"New Orleans Vlog : A Rat Came In And Pooped In Our Airbnb!!! | Jasmine Pak
If you guys are looking for what to do in New Orleans, feel free to use this as a guide! ... minus the rat in the Airbnb part haha.  Let me know if you want to see more travel vlogs in the future when we're all able to get out of quarantine!   My friends and I have been meeting up every few months in a different location since graduating college. Where should we go next? Follow me on Instagram! @jasminepak",,20200522-2130
https://www.buzzfeed.com/kristatorres/jason-derulos-tried-to-eat-corn-off-a-power-drill?origin=web-hf,Jason Derulo Tried To Eat Corn Off A Power Drill And Things Did Not Go Well,,20200522-2130
https://www.buzzfeed.com/genevievescarano/workout-essentials-get-on-sale-right-now?origin=web-hf,Just 27 Pieces Of Activewear You Can Get On Sale Right Now,,20200522-2130
https://www.buzzfeed.com/ehisosifo1/ryan-murphy-glee-reboot-instagram?origin=web-hf,"What Do Lea Michele, Ben Platt, And Beanie Feldstein Have In Common? They're The Stars Of Ryan Murphy's Ideal ""Glee"" Reboot",,20200522-2130
https://www.buzzfeed.com/mjs538/martha-stewart-posted-an-extremely-sexual-instagram-caption?origin=web-hf,"Martha Stewart Accidentally Posted An Extremely Sexual Instagram Caption About Chicken And I Guess She's Really Horny, Y'all",,20200522-2130
https://www.buzzfeed.com/hannahmarder/choose-from-these-aesthetic-photos-to-find-out-which?origin=web-hf,Pick Some Mermaid-Themed Pictures To Discover Which Fictional Mermaid You Are,,20200522-2130
https://www.buzzfeed.com/kaylayandoli/these-random-questions-will-reveal-the-decade-you-were-born?origin=web-hf,I Know The Decade You Were Born In Based On How You Answer These 15 Questions,,20200522-2130
https://www.buzzfeed.com/kirbybeaton/geography-quiz-fake-cities?origin=web-hf,Can You Pick Which 9 Cities Don't Actually Exist?,,20200522-2130
https://www.buzzfeed.com/sydrobinson1/show-us-your-high-school-sweetheart-parents?origin=web-hf,Show Us Old Pictures Of Your High School Sweetheart Parents,,20200522-2130
/watch/video/103929,"I Made The Crazy Tornado Omelet 
Who knew eggs could even be made this way - can Inga make the epic tornado omelet rice? Follow Inga for more fun food content: https://www.instagram.com/ingatylam/",,20200522-2130
https://www.buzzfeed.com/marietelling/pantry-staple-recipes-on-a-budget?origin=web-hf,8 Non-Perishables That Belong In Every Kitchen (And How To Turn Them Into Meals),,20200522-2130
https://www.buzzfeed.com/pablovaldivia/cats-being-rude?origin=web-hf,21 Cats Who Know They're Adorable Jerks And Are Proud Of It,,20200522-2130
https://www.buzzfeed.com/daves4/childhood-house-quiz?origin=web-hf,"Sorry, But If You're Over 30 It's Pretty Much Impossible To Pass This Quiz",,20200522-2130
https://www.buzzfeed.com/morgansloss1/celeb-quarantine-favorites?origin=web-hf,Time To Pick Which Famous People You'd Love To Spend Quarantine With,,20200522-2130
https://www.buzzfeed.com/isabellalouise/can-you-name-every-capital-in-this-a-z-country-qui-g98utjsi6?origin=web-hf,I Will Be Seriously Impressed If You Can Name The Capitals Of These 24 Countries,,20200522-2130
https://www.buzzfeed.com/hannahmarder/what-actor-from-a-teen-show-is-actually-amazing?origin=web-hf,What Actor From A Teen Drama Carried The Show On Their Back?,,20200522-2130
https://www.buzzfeednews.com/article/ryancbrooks/joe-biden-charlamagne-black-breakfast-club?origin=web-hf,"Joe Biden Told Charlamagne He ""Ain't Black"" If He's Having Trouble Deciding Whether To Vote For Him Or Trump",,20200522-2130
https://www.buzzfeednews.com/article/scaachikoul/selling-sunset-season-2-netflix-adam-divello?origin=web-hf,I Went To The Set Of A Reality TV Show And It's Not Like What You Might Think,,20200522-2130
/watch/video/104128,"We Wore Monochromatic Outfits For A Week
""This might be a once and done, video exclusive, your eyes only!""",,20200522-2130
https://www.buzzfeed.com/whitneyjefferson/new-movies-being-released-may-22-2020?origin=web-hf,Here Are All Of The New Movies Coming Out This Weekend,,20200522-2130
https://www.buzzfeednews.com/article/emaoconnor/animal-crossing-ramadan-2020-eid-celebration-coronavirus?origin=web-hf,"The Coronavirus Canceled Ramadan Celebrations Around The World, So This Game Developer Re-Created Them In “Animal Crossing”",,20200522-2130
https://www.buzzfeed.com/marinettestitch/can-you-guess-the-disney-princess-just-by-her-colo-epcyfshdi7?origin=web-hf,Guess The Disney Princess From Her Colour Palette And We'll Reveal How Much Of A Disney Stan You Are,,20200522-2130
https://www.buzzfeed.com/eleanorbate/kristen-bell-daughter-diapers-mom-shaming?origin=web-hf,"Kristen Bell Opened Up About Mom-Shaming And Revealed Her 5-Year-Old Daughter Is ""Still In Diapers""",,20200522-2130
https://www.buzzfeednews.com/article/davidmack/son-stabs-dad-murder-zoom-call?origin=web-hf,A Guy Was On A Zoom Call When His Son Allegedly Stabbed Him To Death,,20200522-2130
https://www.buzzfeed.com/lyapalater/things-famous-people-were-photographed-doing-this-week-5-22?origin=web-hf,16 Things Famous People Were Photographed Doing This Week,,20200522-2130
https://www.buzzfeed.com/emlyntravis/k-pop-news-522?origin=web-hf,"NCT 127 Performs New Song ""Punch"" At Live Concert, And 4 More K-Pop Stories You Need To Catch Up On",,20200522-2130
https://www.buzzfeed.com/valentinamustafa/we-can-guess-the-initials-of-your-soulmate-by-your-3xftdit82c?origin=web-hf,Wanna Know Your Future Soulmate's Initials? Just Tell Us Your Music Preferences To Find Out,,20200522-2130
https://www.buzzfeed.com/marvelhorcrux/sort-the-avengers-to-find-out-what-hogwarts-house-2aqu6d6aog?origin=web-hf,Where You Sort These Avengers Will Determine Which Hogwarts House You Belong In,,20200522-2130
https://www.buzzfeed.com/lakenbrooks222/eat-your-favorite-desserts-and-well-tell-you-whic-yf5ecuouc?origin=web-hf,Eat Your Favorite Desserts And We'll Tell You Which Disney Villain You Are,,20200522-2130
https://www.buzzfeed.com/elliewoodward/kristin-cavallaris-friend-kelly-henderson-instagram-drama?origin=web-hf,Kristin Cavallari's Ex-Best Friend Is Being Dragged In Her Instagram Comments Over Jay Cutler Again And This Time She’s Responded,,20200522-2130
https://www.buzzfeed.com/soothnessbyshubhamg/here-are-disney-movies-10-supporting-characters-9rq6ct7w5j?origin=web-hf,Most Disney Fans Will Not Be Able To Identify Which Movie These Supporting Characters Are From,,20200522-2130
https://www.buzzfeednews.com/article/davidmack/tiger-king-director-eric-goode-pays-restaurant-staff?origin=web-hf,"The Director Of ""Tiger King"" Has Now Paid Restaurant Staff He Laid Off Due To The Coronavirus Pandemic",,20200522-2130
https://www.buzzfeed.com/leonielove/are-you-a-disney-nerd-even-if-you-arent-you-can-bpsaewfmso?origin=web-hf,Only A True Disney Nerd Can Score At Least 6/7 On This Disney Movie Quiz,,20200522-2130
https://www.buzzfeed.com/morgansloss1/sorry-but-you-can-only-pick-one-movie-character-for-every?origin=web-hf,Let's See If You'd Pick The Same Movie Character For Every Letter Of The Alphabet As Everyone Else,,20200522-2130
https://www.buzzfeed.com/flienlikesunicorn/what-percent-unicorn-are-you-964u4ihd3e?origin=web-hf,Want To Know What % Unicorn You Are? Answer Some Sparkly Questions To Find Out,,20200522-2130
/watch/video/105061,"I Tried Boba Ice Cream From This Viral Ice Cream Shop
Follow Jasmine for more travel & food content! https://www.instagram.com/jasminepak/ ✨ Boba pints are only available online during Online Pint Drops. They will be available in-store at the opening of the Fairfax location in June! Check https://www.wanderlustcreamery.com/ for their latest updates for availability.",,20200522-2130
https://www.buzzfeed.com/sam_cleal/guess-the-celeb-by-their-parent-quiz?origin=web-hf,Here Are 16 Celebrity Parents – If You Can Match At Least Half To Their Child I'll Be Impressed,,20200522-2130
https://www.buzzfeed.com/laurengarafano/pick-one-hot-guy-per-teen-drama-poll?origin=web-hf,I Regret To Inform You That You Can Only Pick One Hot Guy Per TV Show,,20200522-2130
https://www.buzzfeed.com/kaylaboyd/laundry-tips-our-readers-actually-swear-by?origin=web-hf,17 Laundry Tips Our Readers Actually Swear By,,20200522-2130
https://www.buzzfeed.com/benhenry/demi-lovato-boyfriend-max-ehrich-old-tweet?origin=web-hf,Demi Lovato Shared An Old Tweet Her Boyfriend Posted In 2011 About Wanting To Date Her And The Whole Thing Is Super Cute,,20200522-2130
https://www.buzzfeed.com/terrycarter/jeannie-mai-quarantine-interview?origin=web-hf,Jeannie Mai Shared What She's Been Doing At Home And It Sounds Like Her Quarantine Has Been Lit,,20200522-2130
https://www.buzzfeed.com/frazyeah/plan-a-european-road-trip-and-ill-give-you-an-und-d9677ttbfw?origin=web-hf,We'll Give You An Underrated Netflix Movie To Watch Based On The European Road Trip You Plan,,20200522-2130
https://www.buzzfeed.com/sp177/if-you-can-name-all-10-of-these-animals-from-frien-f9ehybf6k8?origin=web-hf,"You Might Be Obsessed With ""Friends"" If You Can Pass This ""Jeopardy!"" Trivia Quiz About The Animals In The Show",,20200522-2130
https://www.buzzfeed.com/nusrat21/eloquii-sale-post-50-percent-off-sale?origin=web-hf,Eloquii Is Giving 50% Off On Items Already On Sale And Your Summer Wardrobe Is About To Be The Most Stylish It's Ever Been,,20200522-2130
/watch/video/102294,"We Didn't Use Toilet Paper For A Week 
Auri gets Steve to try reusable toilet paper, will he like it?",,20200522-2130
https://www.buzzfeed.com/malloryannp/bed-frames-thatll-basically-be-the-star-of-your-bedroom?origin=web-hf,29 Bed Frames That'll Basically Be The Star Of Your Bedroom,,20200522-2130
https://www.buzzfeed.com/hannahmarder/can-you-name-a-harry-potter-character-for-every-letter-of?origin=web-hf,"26 ""Harry Potter"" Characters Stand Between You And Acing This Quiz",,20200522-2130
https://www.buzzfeednews.com/article/danvergano/coronavirus-malaria-drug-trump-deadly-hydroxychloroquine?origin=web-hf,A New Study Says The Malaria Drug Touted (And Taken) By Trump Looks Deadly For Coronavirus Patients,,20200522-2130
https://www.buzzfeednews.com/article/joshbillinson/cats-fighting-chuck-e-cheeze-pizzeria?origin=web-hf,"Did You See These Cats Interrupt A News Broadcast? Plus, Chuck E. Cheese’s Delivery Secret!",,20200522-2130
https://www.buzzfeed.com/melanie_aman/backcountry-memorial-day-weekend-sale-up-to-50-off?origin=web-hf,Just FYI: Backcountry's Having A Huge Sale On Everything You Need For Summer,,20200522-2130
https://www.buzzfeed.com/whitneyjefferson/tuca-bertie-coming-back-to-adult-swim-2021?origin=web-hf,"Get Excited: ""Tuca And Bertie"" Is Returning With A Second Season",,20200522-2130
https://www.buzzfeednews.com/article/kadiagoba/small-business-loans-ppp-sba-inspector-general-report?origin=web-hf,Small Businesses Owned By Women And Minorities Are Struggling To Get Federal Loans During The Coronavirus Pandemic,,20200522-2130
https://www.buzzfeed.com/audreyworboys/17-popular-quizzes-this-week?origin=web-hf,"If You're Bored, These Excellent Quizzes Are The First Things You Should Do",,20200522-2130
/watch/video/99501,"Boricua From The Island vs The Mainland 
Love one another, Puerto Ricans from around the world!",,20200522-2130
https://www.buzzfeed.com/hanifahrahman/what-tv-show-inconsistency-will-you-never-forget?origin=web-hf,Tell Us The Most Annoying TV Inconsistency You Know,,20200522-2130
https://www.buzzfeed.com/katyherman/modcloth-memorial-day-sale?origin=web-hf,"It's Time To Treat Yourself, Because Everything At ModCloth Is At Least 30% Off For Memorial Day",,20200522-2130
https://www.buzzfeednews.com/article/tanyachen/are-shady-instagram-giveaways-the-new-mlms?origin=web-hf,These Controversial Loop Giveaways On Instagram Have Some Things In Common With MLMs,,20200522-2130
https://www.buzzfeednews.com/article/henrygomez/val-demings-joe-biden-vice-president?origin=web-hf,Val Demings Is On Joe Biden’s VP List. She Says She Has The “Real Life” Experience For The Job.,,20200522-2130
https://www.buzzfeed.com/almondmilk24/are-you-more-like-shrek-or-donkey-from-the-shrek-m-b2yysxzsot?origin=web-hf,This Personality Quiz Will Determine If You're More Like Shrek Or Donkey,,20200522-2130
https://www.buzzfeed.com/kylerichmond/really-hard-quiz-about-canada?origin=web-hf,This Random Knowledge Quiz On Canada Will Stump You By Level 25,,20200522-2130
https://www.buzzfeed.com/christyz23/take-this-quiz-to-see-how-you-will-blow-up-on-tikt-9km5keymm2?origin=web-hf,What Will You Be TikTok Famous For?,,20200522-2130
https://www.buzzfeed.com/jmihaly/home-long-run-benefits?origin=web-hf,31 Somewhat Random Things To Buy For Your Home That'll Benefit You In The Long Run,,20200522-2130
/watch/video/105540,"Camp Counselor Horror Stories
In honor of summer former camp counselors share their craziest, weirdest and funniest experiences from camp.",,20200522-2130
https://www.buzzfeednews.com,BuzzFeed NewsReporting on what you care about. We hold major institutions accountable and expose wrongdoing.,,20200522-2200
https://www.tasty.co,"BuzzFeed TastySearch, watch, and cook every single Tasty recipe and video ever - all in one place!",,20200522-2200
https://www.buzzfeed.com/goodful,"BuzzFeed GoodfulSelf care and ideas to help you live a healthier, happier life.",,20200522-2200
https://www.buzzfeed.com/bringme,"BuzzFeed Bring MeObsessed with travel? Discover unique things to do, places to eat, and sights to see in the best destinations around the world with Bring Me!",,20200522-2200
https://www.buzzfeed.com/asis,"BuzzFeed As IsSomething for everyone interested in hair, makeup, style, and body positivity.",,20200522-2200
https://www.buzzfeed.com/mjs538/ariana-grande-without-ponytail-in-lady-gaga-music-video?ref=hpsplash&origin=spl,Ariana Grande Was Almost Unrecognizable Without Her Ponytail In Lady Gaga’s New Music Video,,20200522-2200
https://www.buzzfeed.com/hbraga/kitchen-products-worth-investment?origin=hpp,38 Kitchen Products That Are Totally Worth The Investment,,20200522-2200
https://www.buzzfeed.com/newsletters?ref=hplego,"WTF Is Happening Today? BuzzFeed Newsletters Can Help!
We have newsletters to help you stay in the loop AND newsletters to help you forget! Try one today!",,20200522-2200
https://www.buzzfeed.com/daniellaemanuel/mistakes-movies-shows?origin=web-hf,18 Huge Errors In Movies And Shows That I'm Shocked No One Caught,,20200522-2200
https://www.buzzfeed.com/isabellalouise/lets-find-out-once-and-for-all-which-is-the-movie-19hl9k90o3?origin=web-hf,Would You Save The Same Movie In These Popular Franchises As Everyone Else?,,20200522-2200
https://www.buzzfeed.com/andrewziegler/quiz-party?origin=shp,"You Can Now Take BuzzFeed Quizzes In Real Time With Your Friends — You’re Welcome
Let’s get this party started.",,20200522-2200
https://www.buzzfeed.com/jenniferabidor/friends-a-to-z?origin=shp,"This ""Friends"" A–Z Quiz Will Reveal Which Main Character You Are",,20200522-2200
https://www.buzzfeed.com/sarahaspler/taste-in-disney-movies-age-quiz?origin=shp,Can We Accurately Guess Your Age Based On Your Taste In Disney Movies?,,20200522-2200
https://www.buzzfeed.com/andrewziegler/quiz-romantic-type?origin=shp,There Are Actually Only Four Romantic Types And We Can Accurately Guess Yours,,20200522-2200
https://www.buzzfeed.com/sarahaspler/everyone-has-a-fruit-that-matches-their-personalit?origin=shp,Everyone Has A Fruit That Matches Their Personality – Here’s Yours,,20200522-2200
https://www.buzzfeed.com/quizparty,Keep the quiz party going,,20200522-2200
https://www.buzzfeed.com/alanathellama/pick-between-these-shoes-and-well-tell-you-your-a-ctu0eiyqav?origin=web-hf,Fill Up Your Closet With New Shoes And We'll Accurately Guess Your Age,,20200522-2200
https://www.buzzfeed.com/stephenlaconte/found-sex-toys-boyfriends-drawer-advice-column?origin=web-hf,This Woman Found Multiple Sex Toys In Her Boyfriend's Sock Drawer — Should She Confront Him?,,20200522-2200
https://www.buzzfeed.com/maitlandquitmeyer/best-memorial-day-sales-deals-2020?origin=hshp,"All The Best Memorial Day Weekend Deals
The savings start now.",,20200522-2200
https://www.buzzfeed.com/kaylasuazo/all-the-best-memorial-day-mattress-sales-2020?origin=hshp,All Of The Best Memorial Day Mattress Sales,,20200522-2200
https://www.buzzfeed.com/emmalord9/best-deals-wayfair-memorial-day-sale?origin=hshp,All The Best Deals At Wayfair's Memorial Day Sale,,20200522-2200
https://www.buzzfeed.com/abbykass/zappos-memorial-day-sale?origin=hshp,You Can Save On *So* Many Popular Shoes During The Zappos Memorial Day Sale,,20200522-2200
https://www.buzzfeed.com/elenamgarcia/dyson-is-having-a-pretty-major-memorial-day-sale-no-better?origin=hshp,Dyson Is Having A Pretty Major Memorial Day Sale — No Better Time Than Now To Get Yourself A New Vacuum,,20200522-2200
https://www.buzzfeed.com/shopping?origin=hshp,See more great product recommendations,,20200522-2200
https://www.buzzfeed.com/kristatorres/celebrity-kids-who-have-basically-became-adults?origin=web-hf,10 Famous Kids Who Have Basically Became Adults Since I Last Blinked My Eyes,,20200522-2200
/watch/video/103886,"Ex-Cyber Criminal Answers Burning Questions About The Dark Web
Can you actually hire a hitman on the dark web...?",,20200522-2200
https://www.buzzfeed.com/noradominick/tv-moments-of-week-5-22-20?origin=web-hf,23 TV Moments From This Week That We Can't Stop Talking About,,20200522-2200
https://www.buzzfeednews.com/article/venessawong/low-wages-cut-hours-few-benefits-essential-work?origin=shp,"Low Wages, Cut Hours, Few Benefits: The Lopsided Rewards For Doing “Essential Work”
“The take-home pay is completely ludicrous for what we do.”
2 hours ago",,20200522-2200
https://www.buzzfeednews.com/article/danvergano/coronavirus-tips-spike-loop-protein-symptoms-death?origin=shp,The Coronavirus Has A Mysterious “Loop” That Lets It Quickly Attack Human Lungs. Here’s How It Works.,,20200522-2200
https://www.buzzfeednews.com/article/paulmcleod/coronavirus-states-reopening-back-to-work-lawsuits?origin=shp,No One Is Ready To Step In And Provide Safety Guidance As Businesses And Work Places Start To Reopen,,20200522-2200
https://www.buzzfeednews.com/article/craigsilverman/coronavirus-information-apocalypse?origin=shp,"The Information Apocalypse Is Already Here, And Reality Is Losing",,20200522-2200
https://www.buzzfeednews.com/article/maryanngeorgantopoulos/coronavirus-quaranteam-expanding-quarantine-circles?origin=shp,Tell Us: How Are You Expanding Your Quarantine Circle To Include More People?,,20200522-2200
https://bzfd.it/noc-show,The daily News O'Clock podcast is here.,,20200522-2200
https://www.buzzfeed.com/christopherhudspeth/reopening-in-america-photos-new-normal-the-future?origin=web-hf,16 Photos Of Things Opening Back Up In The US That Give An Idea Of What The Future Might Be Like,,20200522-2200
https://www.buzzfeed.com/lakenbrooks222/can-you-solve-this-disney-princess-murder-mystery-chhbh703ee?origin=web-hf,Solve This Pretend Disney Princess Murder Mystery To Prove You're A True Sleuth,,20200522-2200
https://www.buzzfeednews.com/article/katebubacz/most-powerful-photos-may-22?origin=web-hf,24 Of The Most Powerful Photos Of This Week,,20200522-2200
https://www.buzzfeed.com/ehisosifo1/daisy-edgar-jones-paul-mescal-normal-people-thirst-tweets?origin=web-hf,"We May Think The Italy Episode Of ""Normal People"" Is Sexy, But Paul Mescal And Daisy Edgar-Jones Disagree",,20200522-2200
https://www.buzzfeed.com/christopherhudspeth/how-well-do-you-actually-remember-the-twilight-baseball?origin=web-hf,"Try Not To Strike Out On This ""Twilight"" Baseball Scene Trivia Quiz",,20200522-2200
https://www.buzzfeed.com/victoriavouloumanos/stars-who-are-mixed-asian-pacific-islander?origin=shp,"34 Multiracial Celebs Who Are Actually Asian Or Pacific Islander
Relatable and inspirational icons, all of ‘em.",,20200522-2200
https://www.buzzfeed.com/sumedha_bharpilania/which-indian-comfort-food-are-you?origin=shp,"If You Were An Indian Comfort Food, Which One Would You Be?",,20200522-2200
https://www.buzzfeed.com/michellemkim/asian-male-celebs-thirst?origin=shp,21 Asian Male Celebs That Have Us Feeling Oh So Very Thirsty,,20200522-2200
https://www.buzzfeed.com/michellemkim/which-anime-best-boy-are-you?origin=shp,Quiz: Which Anime Best Boy Are You?,,20200522-2200
https://www.buzzfeed.com/badge/apahm2020,See all of our APAHM coverage here,,20200522-2200
/watch/video/106006,"""Normal People"" Stars Daisy Edgar-Jones and Paul Mescal Read Thirst Tweets
Daisy Edgar-Jones and Paul Mescal, stars of the hit Hulu series ""Normal People"", dive headfirst into the Twittersphere’s obsession with their on-screen romance, and learn that for a lot of people out there, Connell and Marianne are the ultimate OTP.",,20200522-2200
https://www.buzzfeed.com/laurengarafano/celebrity-tiktoks-of-the-week-5-22-20?origin=web-hf,"Jason Derulo Chipped His Teeth While Trying A Corn On The Cob Hack, And 15 More Things Celebs Did On TikTok This Week",,20200522-2200
https://www.buzzfeed.com/buzzfeedpromotions/get-the-best-summer-recipes-with-the-tasty-newsletter,Get The Best Spring Recipes With The Tasty Newsletter!,,20200522-2200
https://www.buzzfeednews.com/article/ikrd/parents-buy-printer-when-girl-asks-for-ink?origin=web-hf,These Parents Went Viral After They Bought Their Daughter A Whole New Printer Instead Of New Ink Cartridges,,20200522-2200
https://www.buzzfeed.com/morganmurrell/celebrity-instagrams-this-week-5-22-2020?origin=web-hf,18 Celebrity Instagrams You Probably Missed This Week,,20200522-2200
https://www.buzzfeed.com/pablovaldivia/cheese-quiz-inner-age?origin=web-hf,"Rate 20 Cheeses From ""Yuck"" To ""Yum"" And We'll Reveal Your Inner Age",,20200522-2200
https://www.buzzfeed.com/lucyruth/which-quarantine-trend-should-you-try-next-ei0sgl61hv?origin=web-hf,Take This Personality Quiz To Reveal Which Quarantine Trend You Should Try,,20200522-2200
https://www.buzzfeed.com/andyneuenschwander/iphone-tricks-on-tiktok-blowing-my-mind-jessicawangofficial?origin=web-hf,These iPhone Tricks On TikTok Are Kinda Blowing My Mind Right Now,,20200522-2200
https://www.buzzfeed.com/hannahmarder/what-actor-from-a-teen-show-is-actually-amazing,What Actor From A Teen Drama Carried The Show On Their Back?,,20200522-2200
/watch/video/105512,"BuzzFeed Presents: The Stay At Home Talent Show
We’re showcasing all of the wonderful talents people have sharpened during quarantine. 6 acts will perform live via video conference in front of 3 comedic judges and scored on a scale from 1-10. The highest score wins a sweet surprise! Tune in for beatboxing, food art, impressions, basketball trick shots, drumming, comedy and more!",,20200522-2200
https://www.buzzfeed.com/victoriagasparowicz/if-you-can-identify-18-out-of-20-of-these-gilmore-girls?origin=web-hf,"I Feel Like If You've Seen ""Gilmore Girls"" More Than Once Then You Can Identify At Least 18/20 Of These Characters",,20200522-2200
https://www.buzzfeed.com/jonmichaelpoff/costco-worker-kicked-out-customer-no-mask?origin=web-hf,This Video Of A Costco Worker Kicking Out A Guy For Not Wearing A Mask Is Going Viral Because It's So Wild,,20200522-2200
https://www.buzzfeed.com/kellymartinez/tired-of-video-meetings?origin=web-hf,"Zoom Fatigue Is Real, And You Probably Have It If You Relate To These 16 Tweets",,20200522-2200
https://www.buzzfeed.com/elenamgarcia/bedtime-accessories-thatll-help-you-get-a-better?origin=web-hf,39 Bedtime Accessories That'll Help You Get A Better Night's Rest,,20200522-2200
https://www.buzzfeed.com/josieayre1/super-cute-animal-tweets-that-will-melt-your-heart?origin=web-hf,21 Wholesome Tweets About Animals That Prove How Ridiculous They Are,,20200522-2200
https://www.buzzfeed.com/daniellaemanuel/scary-tiktok-sandwich?origin=web-hf,"Everyone Is Terrified By This TikTok Sandwich, So I Decided To Try It",,20200522-2200
https://www.buzzfeed.com/mermaidbarbie/everyone-is-a-combination-of-a-disney-princess-and-7a2ivypbis?origin=web-hf,Everyone Is 50% A Disney Princess And 50% A Disney Villain — Here's Your Combo,,20200522-2200
https://www.buzzfeednews.com/article/ariannarebolini/new-book-quiz-coronavirus-memorial-day-weekend?origin=web-hf,Which New Book Should You Read This Weekend?,,20200522-2200
/watch/video/103685,"New Orleans Vlog : A Rat Came In And Pooped In Our Airbnb!!! | Jasmine Pak
If you guys are looking for what to do in New Orleans, feel free to use this as a guide! ... minus the rat in the Airbnb part haha.  Let me know if you want to see more travel vlogs in the future when we're all able to get out of quarantine!   My friends and I have been meeting up every few months in a different location since graduating college. Where should we go next? Follow me on Instagram! @jasminepak",,20200522-2200
https://www.buzzfeed.com/genevievescarano/workout-essentials-get-on-sale-right-now?origin=web-hf,Just 27 Pieces Of Activewear You Can Get On Sale Right Now,,20200522-2200
https://www.buzzfeed.com/ehisosifo1/ryan-murphy-glee-reboot-instagram?origin=web-hf,"Everyone Wants In On Ryan Murphy's ~Potential~ ""Glee"" Reboot Starring Lea Michele, Beanie Feldstein, And Ben Platt",,20200522-2200
https://www.buzzfeed.com/mjs538/martha-stewart-posted-an-extremely-sexual-instagram-caption?origin=web-hf,"Martha Stewart Accidentally Posted An Extremely Sexual Instagram Caption About Chicken And I Guess She's Really Horny, Y'all",,20200522-2200
https://www.buzzfeed.com/kristatorres/jason-derulos-tried-to-eat-corn-off-a-power-drill?origin=web-hf,Jason Derulo Tried To Eat Corn Off A Power Drill And Things Did Not Go Well,,20200522-2200
https://www.buzzfeed.com/kaylayandoli/these-random-questions-will-reveal-the-decade-you-were-born?origin=web-hf,I Know The Decade You Were Born In Based On How You Answer These 15 Questions,,20200522-2200
https://www.buzzfeed.com/farrahpenn/phytophotodermatitis-sunlight-lime-photos?origin=web-hf,These Graphic Pictures Show What Can Happen If You Go Outside After Handling Limes,,20200522-2200
https://www.buzzfeed.com/hannahmarder/choose-from-these-aesthetic-photos-to-find-out-which?origin=web-hf,Which Fictional Mermaid Are You Based On Your Aesthetic?,,20200522-2200
https://www.buzzfeed.com/kirbybeaton/geography-quiz-fake-cities?origin=web-hf,Can You Pick Which 9 Cities Don't Actually Exist?,,20200522-2200
/watch/video/103929,"I Made The Crazy Tornado Omelet 
Who knew eggs could even be made this way - can Inga make the epic tornado omelet rice? Follow Inga for more fun food content: https://www.instagram.com/ingatylam/",,20200522-2200
https://www.buzzfeed.com/sydrobinson1/show-us-your-high-school-sweetheart-parents?origin=web-hf,Show Us Old Pictures Of Your High School Sweetheart Parents,,20200522-2200
https://www.buzzfeed.com/kaylaboyd/puma-memorial-day-sale?origin=web-hf,"If You Want To Replace Those Old Everyday Sneakers, Puma Is Offering 30% Off Your Entire Purchase",,20200522-2200
https://www.buzzfeed.com/marietelling/pantry-staple-recipes-on-a-budget?origin=web-hf,8 Non-Perishables That Belong In Every Kitchen (And How To Turn Them Into Meals),,20200522-2200
https://www.buzzfeed.com/morgansloss1/celeb-quarantine-favorites?origin=web-hf,Time To Pick Which Famous People You'd Love To Spend Quarantine With,,20200522-2200
https://www.buzzfeed.com/pablovaldivia/cats-being-rude?origin=web-hf,21 Cats Who Know They're Adorable Jerks And Are Proud Of It,,20200522-2200
https://www.buzzfeed.com/daves4/childhood-house-quiz?origin=web-hf,"Sorry, But If You're Over 30 It's Pretty Much Impossible To Pass This Quiz",,20200522-2200
https://www.buzzfeed.com/isabellalouise/can-you-name-every-capital-in-this-a-z-country-qui-g98utjsi6?origin=web-hf,I Will Be Seriously Impressed If You Can Name The Capitals Of These 24 Countries,,20200522-2200
https://www.buzzfeednews.com/article/scaachikoul/selling-sunset-season-2-netflix-adam-divello?origin=web-hf,I Went To The Set Of A Reality TV Show And It's Not Like What You Might Think,,20200522-2200
/watch/video/104128,"We Wore Monochromatic Outfits For A Week
""This might be a once and done, video exclusive, your eyes only!""",,20200522-2200
https://www.buzzfeednews.com/article/ryancbrooks/joe-biden-charlamagne-black-breakfast-club?origin=web-hf,"Joe Biden Told Charlamagne He ""Ain't Black"" If He's Having Trouble Deciding Whether To Vote For Him Or Trump",,20200522-2200
https://www.buzzfeed.com/whitneyjefferson/new-movies-being-released-may-22-2020?origin=web-hf,Here Are All Of The New Movies Coming Out This Weekend,,20200522-2200
https://www.buzzfeed.com/eleanorbate/kristen-bell-daughter-diapers-mom-shaming?origin=web-hf,"Kristen Bell Opened Up About Mom-Shaming And Revealed Her 5-Year-Old Daughter Is ""Still In Diapers""",,20200522-2200
https://www.buzzfeed.com/marinettestitch/can-you-guess-the-disney-princess-just-by-her-colo-epcyfshdi7?origin=web-hf,Guess The Disney Princess From Her Colour Palette And We'll Reveal How Much Of A Disney Stan You Are,,20200522-2200
https://www.buzzfeednews.com/article/davidmack/son-stabs-dad-murder-zoom-call?origin=web-hf,A Guy Was On A Zoom Call When His Son Allegedly Stabbed Him To Death,,20200522-2200
https://www.buzzfeed.com/lyapalater/things-famous-people-were-photographed-doing-this-week-5-22?origin=web-hf,16 Things Famous People Were Photographed Doing This Week,,20200522-2200
https://www.buzzfeednews.com/article/emaoconnor/animal-crossing-ramadan-2020-eid-celebration-coronavirus?origin=web-hf,"The Coronavirus Canceled Ramadan Celebrations Around The World, So This Game Developer Re-Created Them In “Animal Crossing”",,20200522-2200
https://www.buzzfeed.com/valentinamustafa/we-can-guess-the-initials-of-your-soulmate-by-your-3xftdit82c?origin=web-hf,Wanna Know Your Future Soulmate's Initials? Just Tell Us Your Music Preferences To Find Out,,20200522-2200
https://www.buzzfeed.com/marvelhorcrux/sort-the-avengers-to-find-out-what-hogwarts-house-2aqu6d6aog?origin=web-hf,Where You Sort These Avengers Will Determine Which Hogwarts House You Belong In,,20200522-2200
https://www.buzzfeed.com/lakenbrooks222/eat-your-favorite-desserts-and-well-tell-you-whic-yf5ecuouc?origin=web-hf,Eat Your Favorite Desserts And We'll Tell You Which Disney Villain You Are,,20200522-2200
https://www.buzzfeed.com/elliewoodward/kristin-cavallaris-friend-kelly-henderson-instagram-drama?origin=web-hf,Kristin Cavallari's Ex-Best Friend Is Being Dragged In Her Instagram Comments Over Jay Cutler Again And This Time She’s Responded,,20200522-2200
https://www.buzzfeed.com/emlyntravis/k-pop-news-522?origin=web-hf,"TXT Releases New Album ""The Dream Chapter: Eternity,"" And 4 Other K-Pop Stories You Need To Know",,20200522-2200
https://www.buzzfeed.com/soothnessbyshubhamg/here-are-disney-movies-10-supporting-characters-9rq6ct7w5j?origin=web-hf,Most Disney Fans Will Not Be Able To Identify Which Movie These Supporting Characters Are From,,20200522-2200
https://www.buzzfeednews.com/article/davidmack/tiger-king-director-eric-goode-pays-restaurant-staff?origin=web-hf,"The Director Of ""Tiger King"" Has Now Paid Restaurant Staff He Laid Off Due To The Coronavirus Pandemic",,20200522-2200
https://www.buzzfeed.com/leonielove/are-you-a-disney-nerd-even-if-you-arent-you-can-bpsaewfmso?origin=web-hf,Only A True Disney Nerd Can Score At Least 6/7 On This Disney Movie Quiz,,20200522-2200
https://www.buzzfeed.com/morgansloss1/sorry-but-you-can-only-pick-one-movie-character-for-every?origin=web-hf,Let's See If You'd Pick The Same Movie Character For Every Letter Of The Alphabet As Everyone Else,,20200522-2200
/watch/video/105061,"I Tried Boba Ice Cream From This Viral Ice Cream Shop
Follow Jasmine for more travel & food content! https://www.instagram.com/jasminepak/ ✨ Boba pints are only available online during Online Pint Drops. They will be available in-store at the opening of the Fairfax location in June! Check https://www.wanderlustcreamery.com/ for their latest updates for availability.",,20200522-2200
https://www.buzzfeed.com/sam_cleal/guess-the-celeb-by-their-parent-quiz?origin=web-hf,Here Are 16 Celebrity Parents – If You Can Match At Least Half To Their Child I'll Be Impressed,,20200522-2200
https://www.buzzfeed.com/laurengarafano/pick-one-hot-guy-per-teen-drama-poll?origin=web-hf,I Regret To Inform You That You Can Only Pick One Hot Guy Per TV Show,,20200522-2200
https://www.buzzfeed.com/flienlikesunicorn/what-percent-unicorn-are-you-964u4ihd3e?origin=web-hf,Want To Know What % Unicorn You Are? Answer Some Sparkly Questions To Find Out,,20200522-2200
https://www.buzzfeed.com/kaylaboyd/laundry-tips-our-readers-actually-swear-by?origin=web-hf,17 Laundry Tips Our Readers Actually Swear By,,20200522-2200
https://www.buzzfeed.com/benhenry/demi-lovato-boyfriend-max-ehrich-old-tweet?origin=web-hf,Demi Lovato Shared An Old Tweet Her Boyfriend Posted In 2011 About Wanting To Date Her And The Whole Thing Is Super Cute,,20200522-2200
https://www.buzzfeed.com/terrycarter/jeannie-mai-quarantine-interview?origin=web-hf,Jeannie Mai Shared What She's Been Doing At Home And It Sounds Like Her Quarantine Has Been Lit,,20200522-2200
https://www.buzzfeed.com/frazyeah/plan-a-european-road-trip-and-ill-give-you-an-und-d9677ttbfw?origin=web-hf,We'll Give You An Underrated Netflix Movie To Watch Based On The European Road Trip You Plan,,20200522-2200
https://www.buzzfeed.com/sp177/if-you-can-name-all-10-of-these-animals-from-frien-f9ehybf6k8?origin=web-hf,"You Might Be Obsessed With ""Friends"" If You Can Pass This ""Jeopardy!"" Trivia Quiz About The Animals In The Show",,20200522-2200
/watch/video/102294,"We Didn't Use Toilet Paper For A Week 
Auri gets Steve to try reusable toilet paper, will he like it?",,20200522-2200
https://www.buzzfeed.com/nusrat21/eloquii-sale-post-50-percent-off-sale?origin=web-hf,Eloquii Is Giving 50% Off On Items Already On Sale And Your Summer Wardrobe Is About To Be The Most Stylish It's Ever Been,,20200522-2200
https://www.buzzfeed.com/malloryannp/bed-frames-thatll-basically-be-the-star-of-your-bedroom?origin=web-hf,29 Bed Frames That'll Basically Be The Star Of Your Bedroom,,20200522-2200
https://www.buzzfeed.com/hannahmarder/can-you-name-a-harry-potter-character-for-every-letter-of?origin=web-hf,"26 ""Harry Potter"" Characters Stand Between You And Acing This Quiz",,20200522-2200
https://www.buzzfeednews.com/article/danvergano/coronavirus-malaria-drug-trump-deadly-hydroxychloroquine?origin=web-hf,A New Study Says The Malaria Drug Touted (And Taken) By Trump Looks Deadly For Coronavirus Patients,,20200522-2200
https://www.buzzfeednews.com/article/joshbillinson/cats-fighting-chuck-e-cheeze-pizzeria?origin=web-hf,"Did You See These Cats Interrupt A News Broadcast? Plus, Chuck E. Cheese’s Delivery Secret!",,20200522-2200
https://www.buzzfeed.com/melanie_aman/backcountry-memorial-day-weekend-sale-up-to-50-off?origin=web-hf,Just FYI: Backcountry's Having A Huge Sale On Everything You Need For Summer,,20200522-2200
https://www.buzzfeed.com/audreyworboys/17-popular-quizzes-this-week?origin=web-hf,"If You're Bored, These Excellent Quizzes Are The First Things You Should Do",,20200522-2200
https://www.buzzfeed.com/whitneyjefferson/tuca-bertie-coming-back-to-adult-swim-2021?origin=web-hf,"Get Excited: ""Tuca And Bertie"" Is Returning With A Second Season",,20200522-2200
/watch/video/99501,"Boricua From The Island vs The Mainland 
Love one another, Puerto Ricans from around the world!",,20200522-2200
https://www.buzzfeed.com/hanifahrahman/what-tv-show-inconsistency-will-you-never-forget?origin=web-hf,Tell Us The Most Annoying TV Inconsistency You Know,,20200522-2200
https://www.buzzfeednews.com/article/kadiagoba/small-business-loans-ppp-sba-inspector-general-report?origin=web-hf,Small Businesses Owned By Women And Minorities Are Struggling To Get Federal Loans During The Coronavirus Pandemic,,20200522-2200
https://www.buzzfeed.com/katyherman/modcloth-memorial-day-sale?origin=web-hf,"If You're Looking For Cute Summer Clothes, Everything At ModCloth Is 30%-40% Off For Memorial Day",,20200522-2200
https://www.buzzfeednews.com/article/tanyachen/are-shady-instagram-giveaways-the-new-mlms?origin=web-hf,These Controversial Loop Giveaways On Instagram Have Some Things In Common With MLMs,,20200522-2200
https://www.buzzfeednews.com/article/henrygomez/val-demings-joe-biden-vice-president?origin=web-hf,Val Demings Is On Joe Biden’s VP List. She Says She Has The “Real Life” Experience For The Job.,,20200522-2200
https://www.buzzfeed.com/almondmilk24/are-you-more-like-shrek-or-donkey-from-the-shrek-m-b2yysxzsot?origin=web-hf,This Personality Quiz Will Determine If You're More Like Shrek Or Donkey,,20200522-2200
https://www.buzzfeed.com/kylerichmond/really-hard-quiz-about-canada?origin=web-hf,This Random Knowledge Quiz On Canada Will Stump You By Level 25,,20200522-2200
https://www.buzzfeed.com/christyz23/take-this-quiz-to-see-how-you-will-blow-up-on-tikt-9km5keymm2?origin=web-hf,What Will You Be TikTok Famous For?,,20200522-2200
/watch/video/105540,"Camp Counselor Horror Stories
In honor of summer former camp counselors share their craziest, weirdest and funniest experiences from camp.",,20200522-2200
https://www.buzzfeednews.com,BuzzFeed NewsReporting on what you care about. We hold major institutions accountable and expose wrongdoing.,,20200522-2230
https://www.tasty.co,"BuzzFeed TastySearch, watch, and cook every single Tasty recipe and video ever - all in one place!",,20200522-2230
https://www.buzzfeed.com/goodful,"BuzzFeed GoodfulSelf care and ideas to help you live a healthier, happier life.",,20200522-2230
https://www.buzzfeed.com/bringme,"BuzzFeed Bring MeObsessed with travel? Discover unique things to do, places to eat, and sights to see in the best destinations around the world with Bring Me!",,20200522-2230
https://www.buzzfeed.com/asis,"BuzzFeed As IsSomething for everyone interested in hair, makeup, style, and body positivity.",,20200522-2230
https://www.buzzfeed.com/kristatorres/celebrity-kids-who-have-basically-became-adults?ref=hpsplash&origin=spl,10 Famous Kids Who Have Basically Become Adults Since I Last Blinked My Eyes,,20200522-2230
https://www.buzzfeed.com/hbraga/kitchen-products-worth-investment?origin=hpp,38 Kitchen Products That Are Totally Worth The Investment,,20200522-2230
https://www.buzzfeed.com/newsletters?ref=hplego,"WTF Is Happening Today? BuzzFeed Newsletters Can Help!
We have newsletters to help you stay in the loop AND newsletters to help you forget! Try one today!",,20200522-2230
https://www.buzzfeed.com/jennaguillaume/the-great-tv-series-funny-tweets-memes?origin=web-hf,21 Tweets That Perfectly And Hilariously Sum Up “The Great”,,20200522-2230
https://www.buzzfeed.com/daniellaemanuel/mistakes-movies-shows?origin=web-hf,18 Huge Errors In Movies And Shows That I'm Shocked No One Caught,,20200522-2230
https://www.buzzfeed.com/andrewziegler/quiz-party?origin=shp,"You Can Now Take BuzzFeed Quizzes In Real Time With Your Friends — You’re Welcome
Let’s get this party started.",,20200522-2230
https://www.buzzfeed.com/jenniferabidor/friends-a-to-z?origin=shp,"This ""Friends"" A–Z Quiz Will Reveal Which Main Character You Are",,20200522-2230
https://www.buzzfeed.com/sarahaspler/taste-in-disney-movies-age-quiz?origin=shp,Can We Accurately Guess Your Age Based On Your Taste In Disney Movies?,,20200522-2230
https://www.buzzfeed.com/andrewziegler/quiz-romantic-type?origin=shp,There Are Actually Only Four Romantic Types And We Can Accurately Guess Yours,,20200522-2230
https://www.buzzfeed.com/sarahaspler/everyone-has-a-fruit-that-matches-their-personalit?origin=shp,Everyone Has A Fruit That Matches Their Personality – Here’s Yours,,20200522-2230
https://www.buzzfeed.com/quizparty,Keep the quiz party going,,20200522-2230
https://www.buzzfeed.com/edblueflower/only-someone-who-has-watched-mean-girls-more-tha-e90nbx7llw?origin=web-hf,"If You're A True ""Mean Girls"" Fan, You Should Get At Least 11/14 On This Quotes Quiz",,20200522-2230
https://www.buzzfeednews.com/article/skbaer/coronavirus-public-bathrooms-safety?origin=web-hf,Here's What Public Health Experts Have To Say About Using Public Restrooms During The Coronavirus Pandemic,,20200522-2230
https://www.buzzfeed.com/maitlandquitmeyer/best-memorial-day-sales-deals-2020?origin=hshp,"All The Best Memorial Day Weekend Deals
The savings start now.",,20200522-2230
https://www.buzzfeed.com/kaylasuazo/all-the-best-memorial-day-mattress-sales-2020?origin=hshp,All Of The Best Memorial Day Mattress Sales,,20200522-2230
https://www.buzzfeed.com/emmalord9/best-deals-wayfair-memorial-day-sale?origin=hshp,All The Best Deals At Wayfair's Memorial Day Sale,,20200522-2230
https://www.buzzfeed.com/abbykass/zappos-memorial-day-sale?origin=hshp,You Can Save On *So* Many Popular Shoes During The Zappos Memorial Day Sale,,20200522-2230
https://www.buzzfeed.com/elenamgarcia/dyson-is-having-a-pretty-major-memorial-day-sale-no-better?origin=hshp,Dyson Is Having A Pretty Major Memorial Day Sale — No Better Time Than Now To Get Yourself A New Vacuum,,20200522-2230
https://www.buzzfeed.com/shopping?origin=hshp,See more great product recommendations,,20200522-2230
https://www.buzzfeed.com/mjs538/ariana-grande-without-ponytail-in-lady-gaga-music-video?origin=web-hf,Ariana Grande Took Down Her Ponytail And Lady Gaga Put Hers Up In The Gayest Moment Of 2020,,20200522-2230
/watch/video/103886,"Ex-Cyber Criminal Answers Burning Questions About The Dark Web
Can you actually hire a hitman on the dark web...?",,20200522-2230
https://www.buzzfeed.com/alanathellama/pick-between-these-shoes-and-well-tell-you-your-a-ctu0eiyqav?origin=web-hf,Fill Up Your Closet With New Shoes And We'll Accurately Guess Your Age,,20200522-2230
https://www.buzzfeednews.com/article/ariannarebolini/best-summer-books-brit-bennett-summer-reading?origin=shp,"29 Summer Books You Won’t Be Able To Put Down
From a Zadie Smith–approved debut to bestselling author Brit Bennett’s second novel.",,20200522-2230
https://www.buzzfeednews.com/article/ariannarebolini/new-book-quiz-coronavirus-memorial-day-weekend?origin=shp,Which New Book Should You Read This Weekend?,,20200522-2230
https://www.buzzfeednews.com/article/ariannarebolini/quarantine-books-reading-powells-independent-bookstore?origin=shp,31 Terrific Books Recommended By 31 Terrific Writers,,20200522-2230
https://www.buzzfeednews.com/article/tomiobaro/five-great-books-that-came-out-more-than-10-years-ago?origin=shp,Five Classic Books We Couldn't Put Down,,20200522-2230
https://www.buzzfeednews.com/article/ariannarebolini/book-adaptations-netflix-quarantine-streaming?origin=shp,32 Book Adaptations You Can Stream On Netflix Right Now,,20200522-2230
https://bzfd.it/noc-show,The daily News O'Clock podcast is here.,,20200522-2230
https://www.buzzfeed.com/stephenlaconte/found-sex-toys-boyfriends-drawer-advice-column?origin=web-hf,This Woman Found Multiple Sex Toys In Her Boyfriend's Sock Drawer — Should She Confront Him?,,20200522-2230
https://www.buzzfeed.com/noradominick/tv-moments-of-week-5-22-20?origin=web-hf,23 TV Moments From This Week That We Can't Stop Talking About,,20200522-2230
https://www.buzzfeed.com/isabellalouise/lets-find-out-once-and-for-all-which-is-the-movie-19hl9k90o3?origin=web-hf,Would You Save The Same Movie In These Popular Franchises As Everyone Else?,,20200522-2230
https://www.buzzfeed.com/christopherhudspeth/reopening-in-america-photos-new-normal-the-future?origin=web-hf,16 Photos Of Things Opening Back Up In The US That Give An Idea Of What The Future Might Be Like,,20200522-2230
https://www.buzzfeed.com/ehisosifo1/daisy-edgar-jones-paul-mescal-normal-people-thirst-tweets?origin=web-hf,"We May Think The Italy Episode Of ""Normal People"" Is Sexy, But Paul Mescal And Daisy Edgar-Jones Disagree",,20200522-2230
https://www.buzzfeed.com/victoriavouloumanos/stars-who-are-mixed-asian-pacific-islander?origin=shp,"34 Multiracial Celebs Who Are Actually Asian Or Pacific Islander
Relatable and inspirational icons, all of ‘em.",,20200522-2230
https://www.buzzfeed.com/sumedha_bharpilania/which-indian-comfort-food-are-you?origin=shp,"If You Were An Indian Comfort Food, Which One Would You Be?",,20200522-2230
https://www.buzzfeed.com/michellemkim/asian-male-celebs-thirst?origin=shp,21 Asian Male Celebs That Have Us Feeling Oh So Very Thirsty,,20200522-2230
https://www.buzzfeed.com/michellemkim/which-anime-best-boy-are-you?origin=shp,Quiz: Which Anime Best Boy Are You?,,20200522-2230
https://www.buzzfeed.com/badge/apahm2020,See all of our APAHM coverage here,,20200522-2230
/watch/video/106006,"""Normal People"" Stars Daisy Edgar-Jones and Paul Mescal Read Thirst Tweets
Daisy Edgar-Jones and Paul Mescal, stars of the hit Hulu series ""Normal People"", dive headfirst into the Twittersphere’s obsession with their on-screen romance, and learn that for a lot of people out there, Connell and Marianne are the ultimate OTP.",,20200522-2230
https://www.buzzfeed.com/lakenbrooks222/can-you-solve-this-disney-princess-murder-mystery-chhbh703ee?origin=web-hf,Solve This Pretend Disney Princess Murder Mystery To Prove You're A True Sleuth,,20200522-2230
https://www.buzzfeed.com/kebornholtz/dont-miss-any-of-our-oscars-coverage-with-our-oscars-guide,Find The Next Show To Binge On With Our TV & Movies Newsletter!,,20200522-2230
https://www.buzzfeednews.com/article/ikrd/parents-buy-printer-when-girl-asks-for-ink?origin=web-hf,These Parents Went Viral After They Bought Their Daughter A Whole New Printer Instead Of New Ink Cartridges,,20200522-2230
https://www.buzzfeednews.com/article/katebubacz/most-powerful-photos-may-22?origin=web-hf,24 Of The Most Powerful Photos Of This Week,,20200522-2230
https://www.buzzfeed.com/laurengarafano/celebrity-tiktoks-of-the-week-5-22-20?origin=web-hf,"Jason Derulo Chipped His Teeth While Trying A Corn On The Cob Hack, And 15 More Things Celebs Did On TikTok This Week",,20200522-2230
https://www.buzzfeed.com/morganmurrell/celebrity-instagrams-this-week-5-22-2020?origin=web-hf,18 Celebrity Instagrams You Probably Missed This Week,,20200522-2230
https://www.buzzfeed.com/pablovaldivia/cheese-quiz-inner-age?origin=web-hf,"Rate 20 Cheeses From ""Yuck"" To ""Yum"" And We'll Reveal Your Inner Age",,20200522-2230
https://www.buzzfeed.com/hannahmarder/what-movies-about-mental-health-made-you-feel-seen,What Movies Got Mental Health Right?,,20200522-2230
/watch/video/105512,"BuzzFeed Presents: The Stay At Home Talent Show
We’re showcasing all of the wonderful talents people have sharpened during quarantine. 6 acts will perform live via video conference in front of 3 comedic judges and scored on a scale from 1-10. The highest score wins a sweet surprise! Tune in for beatboxing, food art, impressions, basketball trick shots, drumming, comedy and more!",,20200522-2230
https://www.buzzfeed.com/newsoclock/news-oclock-issa-rae-insecure-lovebirds-pandemic?origin=web-hf,News O'Clock: Issa Rae Won't Let The Pandemic Slow Her Down,,20200522-2230
https://www.buzzfeed.com/kellymartinez/tired-of-video-meetings?origin=web-hf,"Zoom Fatigue Is Real, And You Probably Have It If You Relate To These 16 Tweets",,20200522-2230
https://www.buzzfeed.com/andyneuenschwander/iphone-tricks-on-tiktok-blowing-my-mind-jessicawangofficial?origin=web-hf,These iPhone Tricks On TikTok Are Kinda Blowing My Mind Right Now,,20200522-2230
https://www.buzzfeed.com/victoriagasparowicz/if-you-can-identify-18-out-of-20-of-these-gilmore-girls?origin=web-hf,"I Feel Like If You've Seen ""Gilmore Girls"" More Than Once Then You Can Identify At Least 18/20 Of These Characters",,20200522-2230
https://www.buzzfeed.com/elenamgarcia/bedtime-accessories-thatll-help-you-get-a-better?origin=web-hf,39 Bedtime Accessories That'll Help You Get A Better Night's Rest,,20200522-2230
https://www.buzzfeed.com/lucyruth/which-quarantine-trend-should-you-try-next-ei0sgl61hv?origin=web-hf,Take This Personality Quiz To Reveal Which Quarantine Trend You Should Try,,20200522-2230
https://www.buzzfeed.com/jonmichaelpoff/costco-worker-kicked-out-customer-no-mask?origin=web-hf,This Video Of A Costco Worker Kicking Out A Guy For Not Wearing A Mask Is Going Viral Because It's So Wild,,20200522-2230
https://www.buzzfeed.com/josieayre1/super-cute-animal-tweets-that-will-melt-your-heart?origin=web-hf,21 Wholesome Tweets About Animals That Prove How Ridiculous They Are,,20200522-2230
/watch/video/103685,"New Orleans Vlog : A Rat Came In And Pooped In Our Airbnb!!! | Jasmine Pak
If you guys are looking for what to do in New Orleans, feel free to use this as a guide! ... minus the rat in the Airbnb part haha.  Let me know if you want to see more travel vlogs in the future when we're all able to get out of quarantine!   My friends and I have been meeting up every few months in a different location since graduating college. Where should we go next? Follow me on Instagram! @jasminepak",,20200522-2230
https://www.buzzfeed.com/daniellaemanuel/scary-tiktok-sandwich?origin=web-hf,"Everyone Is Terrified By This TikTok Sandwich, So I Decided To Try It",,20200522-2230
https://www.buzzfeed.com/christopherhudspeth/how-well-do-you-actually-remember-the-twilight-baseball?origin=web-hf,"If You've Seen ""Twilight,"" Come See How Well You Remember The Unforgettable Baseball Scene",,20200522-2230
https://www.buzzfeed.com/mermaidbarbie/everyone-is-a-combination-of-a-disney-princess-and-7a2ivypbis?origin=web-hf,Everyone Is 50% A Disney Princess And 50% A Disney Villain — Here's Your Combo,,20200522-2230
https://www.buzzfeed.com/genevievescarano/workout-essentials-get-on-sale-right-now?origin=web-hf,Just 27 Pieces Of Activewear You Can Get On Sale Right Now,,20200522-2230
https://www.buzzfeed.com/mjs538/martha-stewart-posted-an-extremely-sexual-instagram-caption?origin=web-hf,"Martha Stewart Accidentally Posted An Extremely Sexual Instagram Caption About Chicken And I Guess She's Really Horny, Y'all",,20200522-2230
https://www.buzzfeednews.com/article/venessawong/low-wages-cut-hours-few-benefits-essential-work?origin=web-hf,“I Am Only Earning $300 A Week”: Here’s What People Are Making For Essential Work,,20200522-2230
https://www.buzzfeed.com/ehisosifo1/ryan-murphy-glee-reboot-instagram?origin=web-hf,"Ryan Murphy Reimagined The Pilot Of “Glee” With Ben Platt, Beanie Feldstein, And Lea Michele And I Would Like To See It",,20200522-2230
https://www.buzzfeednews.com/article/danvergano/coronavirus-tips-spike-loop-protein-symptoms-death?origin=web-hf,The Coronavirus Has A Mysterious “Loop” That Lets It Quickly Attack Human Lungs. Here’s How It Works.,,20200522-2230
/watch/video/103929,"I Made The Crazy Tornado Omelet 
Who knew eggs could even be made this way - can Inga make the epic tornado omelet rice? Follow Inga for more fun food content: https://www.instagram.com/ingatylam/",,20200522-2230
https://www.buzzfeed.com/kaylayandoli/these-random-questions-will-reveal-the-decade-you-were-born?origin=web-hf,I Know The Decade You Were Born In Based On How You Answer These 15 Questions,,20200522-2230
https://www.buzzfeed.com/farrahpenn/phytophotodermatitis-sunlight-lime-photos?origin=web-hf,These Graphic Pictures Show What Can Happen If You Go Outside After Handling Limes,,20200522-2230
https://www.buzzfeed.com/hannahmarder/choose-from-these-aesthetic-photos-to-find-out-which?origin=web-hf,Choose From These Aesthetic Photos To Find Out Which Fictional Mermaid You Are,,20200522-2230
https://www.buzzfeed.com/kirbybeaton/geography-quiz-fake-cities?origin=web-hf,Can You Pick Which 9 Cities Don't Actually Exist?,,20200522-2230
https://www.buzzfeed.com/sydrobinson1/show-us-your-high-school-sweetheart-parents?origin=web-hf,Show Us Old Pictures Of Your High School Sweetheart Parents,,20200522-2230
https://www.buzzfeed.com/kristatorres/jason-derulos-tried-to-eat-corn-off-a-power-drill?origin=web-hf,Jason Derulo Tried To Eat Corn Off A Power Drill And Things Did Not Go Well,,20200522-2230
https://www.buzzfeed.com/marietelling/pantry-staple-recipes-on-a-budget?origin=web-hf,8 Non-Perishables That Belong In Every Kitchen (And How To Turn Them Into Meals),,20200522-2230
https://www.buzzfeed.com/morgansloss1/celeb-quarantine-favorites?origin=web-hf,Time To Pick Which Famous People You'd Love To Spend Quarantine With,,20200522-2230
/watch/video/104128,"We Wore Monochromatic Outfits For A Week
""This might be a once and done, video exclusive, your eyes only!""",,20200522-2230
https://www.buzzfeed.com/pablovaldivia/cats-being-rude?origin=web-hf,21 Cats Who Know They're Adorable Jerks And Are Proud Of It,,20200522-2230
https://www.buzzfeednews.com/article/scaachikoul/selling-sunset-season-2-netflix-adam-divello?origin=web-hf,I Went To The Set Of A Reality TV Show And It's Not Like What You Might Think,,20200522-2230
https://www.buzzfeed.com/daves4/childhood-house-quiz?origin=web-hf,"Sorry, But It's Pretty Much Impossible To Pass This Quiz If You're Over 30",,20200522-2230
https://www.buzzfeed.com/isabellalouise/can-you-name-every-capital-in-this-a-z-country-qui-g98utjsi6?origin=web-hf,I Will Be Seriously Impressed If You Can Name The Capitals Of These 24 Countries,,20200522-2230
https://www.buzzfeednews.com/article/ryancbrooks/joe-biden-charlamagne-black-breakfast-club?origin=web-hf,"Joe Biden Told Charlamagne He ""Ain't Black"" If He's Having Trouble Deciding Whether To Vote For Him Or Trump",,20200522-2230
https://www.buzzfeed.com/hannahmarder/what-actor-from-a-teen-show-is-actually-amazing?origin=web-hf,What Actor From A Teen Drama Carried The Show On Their Back?,,20200522-2230
https://www.buzzfeed.com/kaylaboyd/puma-memorial-day-sale?origin=web-hf,This Weekend Puma Is Taking 30% Off Your Entire Order,,20200522-2230
https://www.buzzfeed.com/whitneyjefferson/new-movies-being-released-may-22-2020?origin=web-hf,Here Are All Of The New Movies Coming Out This Weekend,,20200522-2230
https://www.buzzfeed.com/eleanorbate/kristen-bell-daughter-diapers-mom-shaming?origin=web-hf,"Kristen Bell Opened Up About Mom-Shaming And Revealed Her 5-Year-Old Daughter Is ""Still In Diapers""",,20200522-2230
https://www.buzzfeednews.com/article/davidmack/son-stabs-dad-murder-zoom-call?origin=web-hf,A Guy Was On A Zoom Call When His Son Allegedly Stabbed Him To Death,,20200522-2230
https://www.buzzfeed.com/marinettestitch/can-you-guess-the-disney-princess-just-by-her-colo-epcyfshdi7?origin=web-hf,Guess The Disney Princess From Her Colour Palette And We'll Reveal How Much Of A Disney Stan You Are,,20200522-2230
https://www.buzzfeed.com/lyapalater/things-famous-people-were-photographed-doing-this-week-5-22?origin=web-hf,16 Things Famous People Were Photographed Doing This Week,,20200522-2230
https://www.buzzfeed.com/valentinamustafa/we-can-guess-the-initials-of-your-soulmate-by-your-3xftdit82c?origin=web-hf,Wanna Know Your Future Soulmate's Initials? Just Tell Us Your Music Preferences To Find Out,,20200522-2230
https://www.buzzfeednews.com/article/emaoconnor/animal-crossing-ramadan-2020-eid-celebration-coronavirus?origin=web-hf,"The Coronavirus Canceled Ramadan Celebrations Around The World, So This Game Developer Re-Created Them In “Animal Crossing”",,20200522-2230
https://www.buzzfeed.com/marvelhorcrux/sort-the-avengers-to-find-out-what-hogwarts-house-2aqu6d6aog?origin=web-hf,Where You Sort These Avengers Will Determine Which Hogwarts House You Belong In,,20200522-2230
https://www.buzzfeed.com/lakenbrooks222/eat-your-favorite-desserts-and-well-tell-you-whic-yf5ecuouc?origin=web-hf,Eat Your Favorite Desserts And We'll Tell You Which Disney Villain You Are,,20200522-2230
/watch/video/105061,"I Tried Boba Ice Cream From This Viral Ice Cream Shop
Follow Jasmine for more travel & food content! https://www.instagram.com/jasminepak/ ✨ Boba pints are only available online during Online Pint Drops. They will be available in-store at the opening of the Fairfax location in June! Check https://www.wanderlustcreamery.com/ for their latest updates for availability.",,20200522-2230
https://www.buzzfeed.com/elliewoodward/kristin-cavallaris-friend-kelly-henderson-instagram-drama?origin=web-hf,Kristin Cavallari's Ex-Best Friend Is Being Dragged In Her Instagram Comments Over Jay Cutler Again And This Time She’s Responded,,20200522-2230
https://www.buzzfeed.com/soothnessbyshubhamg/here-are-disney-movies-10-supporting-characters-9rq6ct7w5j?origin=web-hf,Most Disney Fans Will Not Be Able To Identify Which Movie These Supporting Characters Are From,,20200522-2230
https://www.buzzfeed.com/emlyntravis/k-pop-news-522?origin=web-hf,"BTS's Suga Releases Second Mixtape ""D-2,"" And 4 Other K-Pop Headlines You Need To Read",,20200522-2230
https://www.buzzfeednews.com/article/paulmcleod/coronavirus-states-reopening-back-to-work-lawsuits?origin=web-hf,No One Is Ready To Step In And Provide Safety Guidance As Businesses And Work Places Start To Reopen,,20200522-2230
https://www.buzzfeednews.com/article/maryanngeorgantopoulos/coronavirus-quaranteam-expanding-quarantine-circles?origin=web-hf,Tell Us: How Are You Expanding Your Quarantine Circle To Include More People?,,20200522-2230
https://www.buzzfeednews.com/article/davidmack/tiger-king-director-eric-goode-pays-restaurant-staff?origin=web-hf,"The Director Of ""Tiger King"" Has Now Paid Restaurant Staff He Laid Off Due To The Coronavirus Pandemic",,20200522-2230
https://www.buzzfeed.com/leonielove/are-you-a-disney-nerd-even-if-you-arent-you-can-bpsaewfmso?origin=web-hf,Only A True Disney Nerd Can Score At Least 6/7 On This Disney Movie Quiz,,20200522-2230
https://www.buzzfeed.com/morgansloss1/sorry-but-you-can-only-pick-one-movie-character-for-every?origin=web-hf,Let's See If You'd Pick The Same Movie Character For Every Letter Of The Alphabet As Everyone Else,,20200522-2230
/watch/video/102294,"We Didn't Use Toilet Paper For A Week 
Auri gets Steve to try reusable toilet paper, will he like it?",,20200522-2230
https://www.buzzfeed.com/sam_cleal/guess-the-celeb-by-their-parent-quiz?origin=web-hf,Here Are 16 Celebrity Parents – If You Can Match At Least Half To Their Child I'll Be Impressed,,20200522-2230
https://www.buzzfeed.com/laurengarafano/pick-one-hot-guy-per-teen-drama-poll?origin=web-hf,I Regret To Inform You That You Can Only Pick One Hot Guy Per TV Show,,20200522-2230
https://www.buzzfeed.com/flienlikesunicorn/what-percent-unicorn-are-you-964u4ihd3e?origin=web-hf,Want To Know What % Unicorn You Are? Answer Some Sparkly Questions To Find Out,,20200522-2230
https://www.buzzfeed.com/kaylaboyd/laundry-tips-our-readers-actually-swear-by?origin=web-hf,17 Laundry Tips Our Readers Actually Swear By,,20200522-2230
https://www.buzzfeed.com/benhenry/demi-lovato-boyfriend-max-ehrich-old-tweet?origin=web-hf,Demi Lovato Shared An Old Tweet Her Boyfriend Posted In 2011 About Wanting To Date Her And The Whole Thing Is Super Cute,,20200522-2230
https://www.buzzfeed.com/terrycarter/jeannie-mai-quarantine-interview?origin=web-hf,Jeannie Mai Shared What She's Been Doing At Home And It Sounds Like Her Quarantine Has Been Lit,,20200522-2230
https://www.buzzfeed.com/frazyeah/plan-a-european-road-trip-and-ill-give-you-an-und-d9677ttbfw?origin=web-hf,We'll Give You An Underrated Netflix Movie To Watch Based On The European Road Trip You Plan,,20200522-2230
https://www.buzzfeed.com/sp177/if-you-can-name-all-10-of-these-animals-from-frien-f9ehybf6k8?origin=web-hf,"You Might Be Obsessed With ""Friends"" If You Can Pass This ""Jeopardy!"" Trivia Quiz About The Animals In The Show",,20200522-2230
/watch/video/99501,"Boricua From The Island vs The Mainland 
Love one another, Puerto Ricans from around the world!",,20200522-2230
https://www.buzzfeed.com/nusrat21/eloquii-sale-post-50-percent-off-sale?origin=web-hf,Eloquii Is Giving 50% Off On Items Already On Sale And Your Summer Wardrobe Is About To Be The Most Stylish It's Ever Been,,20200522-2230
https://www.buzzfeed.com/malloryannp/bed-frames-thatll-basically-be-the-star-of-your-bedroom?origin=web-hf,29 Bed Frames That'll Basically Be The Star Of Your Bedroom,,20200522-2230
https://www.buzzfeed.com/hannahmarder/can-you-name-a-harry-potter-character-for-every-letter-of?origin=web-hf,"26 ""Harry Potter"" Characters Stand Between You And Acing This Quiz",,20200522-2230
https://www.buzzfeednews.com/article/danvergano/coronavirus-malaria-drug-trump-deadly-hydroxychloroquine?origin=web-hf,A New Study Says The Malaria Drug Touted (And Taken) By Trump Looks Deadly For Coronavirus Patients,,20200522-2230
https://www.buzzfeednews.com/article/joshbillinson/cats-fighting-chuck-e-cheeze-pizzeria?origin=web-hf,"Did You See These Cats Interrupt A News Broadcast? Plus, Chuck E. Cheese’s Delivery Secret!",,20200522-2230
https://www.buzzfeed.com/melanie_aman/backcountry-memorial-day-weekend-sale-up-to-50-off?origin=web-hf,Just FYI: Backcountry's Having A Huge Sale On Everything You Need For Summer,,20200522-2230
https://www.buzzfeed.com/audreyworboys/17-popular-quizzes-this-week?origin=web-hf,"If You're Bored, These Excellent Quizzes Are The First Things You Should Do",,20200522-2230
https://www.buzzfeed.com/whitneyjefferson/tuca-bertie-coming-back-to-adult-swim-2021?origin=web-hf,"Get Excited: ""Tuca And Bertie"" Is Returning With A Second Season",,20200522-2230
https://www.buzzfeednews.com,BuzzFeed NewsReporting on what you care about. We hold major institutions accountable and expose wrongdoing.,,20200522-2300
https://www.tasty.co,"BuzzFeed TastySearch, watch, and cook every single Tasty recipe and video ever - all in one place!",,20200522-2300
https://www.buzzfeed.com/goodful,"BuzzFeed GoodfulSelf care and ideas to help you live a healthier, happier life.",,20200522-2300
https://www.buzzfeed.com/bringme,"BuzzFeed Bring MeObsessed with travel? Discover unique things to do, places to eat, and sights to see in the best destinations around the world with Bring Me!",,20200522-2300
https://www.buzzfeed.com/asis,"BuzzFeed As IsSomething for everyone interested in hair, makeup, style, and body positivity.",,20200522-2300
https://www.buzzfeed.com/kristatorres/celebrity-kids-who-have-basically-became-adults?ref=hpsplash&origin=spl,10 Famous Kids Who Have Basically Become Adults Since I Last Blinked My Eyes,,20200522-2300
https://www.buzzfeed.com/hbraga/kitchen-products-worth-investment?origin=hpp,38 Kitchen Products That Are Totally Worth The Investment,,20200522-2300
https://www.buzzfeed.com/newsletters?ref=hplego,"WTF Is Happening Today? BuzzFeed Newsletters Can Help!
We have newsletters to help you stay in the loop AND newsletters to help you forget! Try one today!",,20200522-2300
https://www.buzzfeed.com/kristatorres/i-didnt-know-i-was-pregnant?origin=web-hf,I Got Pregnant After Taking The Morning After Pill And Didn't Know It For Six Months,,20200522-2300
https://www.buzzfeed.com/caseyrackham/describe-the-movie-in-three-words-twitter?origin=web-hf,"People Are Describing Their Favorite Films With Only Three Words And, Y'all, It's So Good",,20200522-2300
https://www.buzzfeed.com/andrewziegler/quiz-party?origin=shp,"You Can Now Take BuzzFeed Quizzes In Real Time With Your Friends — You’re Welcome
Let’s get this party started.",,20200522-2300
https://www.buzzfeed.com/jenniferabidor/friends-a-to-z?origin=shp,"This ""Friends"" A–Z Quiz Will Reveal Which Main Character You Are",,20200522-2300
https://www.buzzfeed.com/sarahaspler/taste-in-disney-movies-age-quiz?origin=shp,Can We Accurately Guess Your Age Based On Your Taste In Disney Movies?,,20200522-2300
https://www.buzzfeed.com/andrewziegler/quiz-romantic-type?origin=shp,There Are Actually Only Four Romantic Types And We Can Accurately Guess Yours,,20200522-2300
https://www.buzzfeed.com/sarahaspler/everyone-has-a-fruit-that-matches-their-personalit?origin=shp,Everyone Has A Fruit That Matches Their Personality – Here’s Yours,,20200522-2300
https://www.buzzfeed.com/quizparty,Keep the quiz party going,,20200522-2300
https://www.buzzfeed.com/daniellaemanuel/mistakes-movies-shows?origin=web-hf,18 Huge Errors In Movies And Shows That I'm Shocked No One Caught,,20200522-2300
https://www.buzzfeed.com/jennaguillaume/the-great-tv-series-funny-tweets-memes?origin=web-hf,"Just 21 Very Funny Tweets About Hulu's ""The Great""",,20200522-2300
https://www.buzzfeed.com/maitlandquitmeyer/best-memorial-day-sales-deals-2020?origin=hshp,"All The Best Memorial Day Weekend Deals
The savings start now.",,20200522-2300
https://www.buzzfeed.com/kaylasuazo/all-the-best-memorial-day-mattress-sales-2020?origin=hshp,All Of The Best Memorial Day Mattress Sales,,20200522-2300
https://www.buzzfeed.com/emmalord9/best-deals-wayfair-memorial-day-sale?origin=hshp,All The Best Deals At Wayfair's Memorial Day Sale,,20200522-2300
https://www.buzzfeed.com/abbykass/zappos-memorial-day-sale?origin=hshp,You Can Save On *So* Many Popular Shoes During The Zappos Memorial Day Sale,,20200522-2300
https://www.buzzfeed.com/elenamgarcia/dyson-is-having-a-pretty-major-memorial-day-sale-no-better?origin=hshp,Dyson Is Having A Pretty Major Memorial Day Sale — No Better Time Than Now To Get Yourself A New Vacuum,,20200522-2300
https://www.buzzfeed.com/shopping?origin=hshp,See more great product recommendations,,20200522-2300
https://www.buzzfeed.com/mjs538/ariana-grande-without-ponytail-in-lady-gaga-music-video?origin=web-hf,Ariana Grande Took Down Her Ponytail And Lady Gaga Put Hers Up In The Gayest Moment Of 2020,,20200522-2300
/watch/video/103886,"Ex-Cyber Criminal Answers Burning Questions About The Dark Web
Can you actually hire a hitman on the dark web...?",,20200522-2300
https://www.buzzfeed.com/alanathellama/pick-between-these-shoes-and-well-tell-you-your-a-ctu0eiyqav?origin=web-hf,Fill Up Your Closet With New Shoes And We'll Accurately Guess Your Age,,20200522-2300
https://www.buzzfeednews.com/article/ariannarebolini/best-summer-books-brit-bennett-summer-reading?origin=shp,"29 Summer Books You Won’t Be Able To Put Down
From a Zadie Smith–approved debut to bestselling author Brit Bennett’s second novel.",,20200522-2300
https://www.buzzfeednews.com/article/ariannarebolini/new-book-quiz-coronavirus-memorial-day-weekend?origin=shp,Which New Book Should You Read This Weekend?,,20200522-2300
https://www.buzzfeednews.com/article/ariannarebolini/quarantine-books-reading-powells-independent-bookstore?origin=shp,31 Terrific Books Recommended By 31 Terrific Writers,,20200522-2300
https://www.buzzfeednews.com/article/tomiobaro/five-great-books-that-came-out-more-than-10-years-ago?origin=shp,Five Classic Books We Couldn't Put Down,,20200522-2300
https://www.buzzfeednews.com/article/ariannarebolini/book-adaptations-netflix-quarantine-streaming?origin=shp,32 Book Adaptations You Can Stream On Netflix Right Now,,20200522-2300
https://bzfd.it/noc-show,The daily News O'Clock podcast is here.,,20200522-2300
https://www.buzzfeed.com/apa369/6-riverdale-characters-that-dont-get-enough-lov-cwcmkpmt0w?origin=web-hf,"6 ""Riverdale"" Characters Who Deserve WAY More Love And Respect Than They Get",,20200522-2300
https://www.buzzfeed.com/stephenlaconte/found-sex-toys-boyfriends-drawer-advice-column?origin=web-hf,This Woman Found Multiple Sex Toys In Her Boyfriend's Sock Drawer — Should She Confront Him?,,20200522-2300
https://www.buzzfeed.com/noradominick/tv-moments-of-week-5-22-20?origin=web-hf,23 TV Moments From This Week That We Can't Stop Talking About,,20200522-2300
https://www.buzzfeednews.com/article/skbaer/coronavirus-public-bathrooms-safety?origin=web-hf,Is It Safe To Use Public Restrooms During The Coronavirus Pandemic? This Is What Experts Say,,20200522-2300
https://www.buzzfeed.com/christopherhudspeth/reopening-in-america-photos-new-normal-the-future?origin=web-hf,16 Photos Of Things Opening Back Up In The US That Give An Idea Of What The Future Might Be Like,,20200522-2300
https://www.buzzfeed.com/victoriavouloumanos/stars-who-are-mixed-asian-pacific-islander?origin=shp,"34 Multiracial Celebs Who Are Actually Asian Or Pacific Islander
Relatable and inspirational icons, all of ‘em.",,20200522-2300
https://www.buzzfeed.com/sumedha_bharpilania/which-indian-comfort-food-are-you?origin=shp,"If You Were An Indian Comfort Food, Which One Would You Be?",,20200522-2300
https://www.buzzfeed.com/michellemkim/asian-male-celebs-thirst?origin=shp,21 Asian Male Celebs That Have Us Feeling Oh So Very Thirsty,,20200522-2300
https://www.buzzfeed.com/michellemkim/which-anime-best-boy-are-you?origin=shp,Quiz: Which Anime Best Boy Are You?,,20200522-2300
https://www.buzzfeed.com/badge/apahm2020,See all of our APAHM coverage here,,20200522-2300
/watch/video/106006,"""Normal People"" Stars Daisy Edgar-Jones and Paul Mescal Read Thirst Tweets
Daisy Edgar-Jones and Paul Mescal, stars of the hit Hulu series ""Normal People"", dive headfirst into the Twittersphere’s obsession with their on-screen romance, and learn that for a lot of people out there, Connell and Marianne are the ultimate OTP.",,20200522-2300
https://www.buzzfeed.com/edblueflower/only-someone-who-has-watched-mean-girls-more-tha-e90nbx7llw?origin=web-hf,"Can You Finish These Iconic ""Mean Girls"" Quotes?",,20200522-2300
https://www.buzzfeed.com/buzzfeedresearch/civicscience-main3-buzz,Let Your Voice Be Heard. Tell Us Your Opinions!,,20200522-2300
https://www.buzzfeed.com/isabellalouise/lets-find-out-once-and-for-all-which-is-the-movie-19hl9k90o3?origin=web-hf,It's Time To Vote On The Best Movie In These Popular Franchises,,20200522-2300
https://www.buzzfeed.com/ehisosifo1/daisy-edgar-jones-paul-mescal-normal-people-thirst-tweets?origin=web-hf,"We May Think The Italy Episode Of ""Normal People"" Is Sexy, But Paul Mescal And Daisy Edgar-Jones Disagree",,20200522-2300
https://www.buzzfeed.com/lakenbrooks222/can-you-solve-this-disney-princess-murder-mystery-chhbh703ee?origin=web-hf,Solve This Pretend Disney Princess Murder Mystery To Prove You're A True Sleuth,,20200522-2300
https://www.buzzfeed.com/laurengarafano/celebrity-tiktoks-of-the-week-5-22-20?origin=web-hf,"Jason Derulo Chipped His Teeth While Trying A Corn On The Cob Hack, And 15 More Things Celebs Did On TikTok This Week",,20200522-2300
https://www.buzzfeednews.com/article/ikrd/parents-buy-printer-when-girl-asks-for-ink?origin=web-hf,These Parents Went Viral After They Bought Their Daughter A Whole New Printer Instead Of New Ink Cartridges,,20200522-2300
https://www.buzzfeed.com/sydrobinson1/show-us-your-high-school-sweetheart-parents,Show Us Old Pictures Of Your High School Sweetheart Parents,,20200522-2300
/watch/video/105512,"BuzzFeed Presents: The Stay At Home Talent Show
We’re showcasing all of the wonderful talents people have sharpened during quarantine. 6 acts will perform live via video conference in front of 3 comedic judges and scored on a scale from 1-10. The highest score wins a sweet surprise! Tune in for beatboxing, food art, impressions, basketball trick shots, drumming, comedy and more!",,20200522-2300
https://www.buzzfeednews.com/article/katebubacz/most-powerful-photos-may-22?origin=web-hf,24 Of The Most Powerful Photos Of This Week,,20200522-2300
https://www.buzzfeed.com/morganmurrell/celebrity-instagrams-this-week-5-22-2020?origin=web-hf,18 Celebrity Instagrams You Probably Missed This Week,,20200522-2300
https://www.buzzfeed.com/kellymartinez/tired-of-video-meetings?origin=web-hf,"Zoom Fatigue Is Real, And You Probably Have It If You Relate To These 16 Tweets",,20200522-2300
https://www.buzzfeed.com/andyneuenschwander/iphone-tricks-on-tiktok-blowing-my-mind-jessicawangofficial?origin=web-hf,These iPhone Tricks On TikTok Are Kinda Blowing My Mind Right Now,,20200522-2300
https://www.buzzfeed.com/elenamgarcia/bedtime-accessories-thatll-help-you-get-a-better?origin=web-hf,39 Bedtime Accessories That'll Help You Get A Better Night's Rest,,20200522-2300
https://www.buzzfeed.com/pablovaldivia/cheese-quiz-inner-age?origin=web-hf,"Rate 20 Cheeses From ""Yuck"" To ""Yum"" And We'll Reveal Your Inner Age",,20200522-2300
https://www.buzzfeed.com/victoriagasparowicz/if-you-can-identify-18-out-of-20-of-these-gilmore-girls?origin=web-hf,"I Feel Like If You've Seen ""Gilmore Girls"" More Than Once Then You Can Identify At Least 18/20 Of These Characters",,20200522-2300
https://www.buzzfeed.com/lucyruth/which-quarantine-trend-should-you-try-next-ei0sgl61hv?origin=web-hf,Take This Personality Quiz To Reveal Which Quarantine Trend You Should Try,,20200522-2300
/watch/video/103685,"New Orleans Vlog : A Rat Came In And Pooped In Our Airbnb!!! | Jasmine Pak
If you guys are looking for what to do in New Orleans, feel free to use this as a guide! ... minus the rat in the Airbnb part haha.  Let me know if you want to see more travel vlogs in the future when we're all able to get out of quarantine!   My friends and I have been meeting up every few months in a different location since graduating college. Where should we go next? Follow me on Instagram! @jasminepak",,20200522-2300
https://www.buzzfeed.com/josieayre1/super-cute-animal-tweets-that-will-melt-your-heart?origin=web-hf,21 Wholesome Tweets About Animals That Prove How Ridiculous They Are,,20200522-2300
https://www.buzzfeed.com/daniellaemanuel/scary-tiktok-sandwich?origin=web-hf,"Everyone Is Terrified By This TikTok Sandwich, So I Decided To Try It",,20200522-2300
https://www.buzzfeed.com/jonmichaelpoff/costco-worker-kicked-out-customer-no-mask?origin=web-hf,This Video Of A Costco Worker Kicking Out A Guy For Not Wearing A Mask Is Going Viral Because It's So Wild,,20200522-2300
https://www.buzzfeed.com/mermaidbarbie/everyone-is-a-combination-of-a-disney-princess-and-7a2ivypbis?origin=web-hf,Everyone Is 50% A Disney Princess And 50% A Disney Villain — Here's Your Combo,,20200522-2300
https://www.buzzfeed.com/christopherhudspeth/how-well-do-you-actually-remember-the-twilight-baseball?origin=web-hf,"Only True ""Twilight"" Fans Can Hit A Home Run On This Baseball Scene Quiz",,20200522-2300
https://www.buzzfeed.com/genevievescarano/workout-essentials-get-on-sale-right-now?origin=web-hf,Just 27 Pieces Of Activewear You Can Get On Sale Right Now,,20200522-2300
https://www.buzzfeed.com/mjs538/martha-stewart-posted-an-extremely-sexual-instagram-caption?origin=web-hf,"Martha Stewart Accidentally Posted An Extremely Sexual Instagram Caption About Chicken And I Guess She's Really Horny, Y'all",,20200522-2300
https://www.buzzfeed.com/ehisosifo1/ryan-murphy-glee-reboot-instagram?origin=web-hf,"What Do Lea Michele, Ben Platt, And Beanie Feldstein Have In Common? They're The Stars Of Ryan Murphy's Ideal ""Glee"" Reboot",,20200522-2300
/watch/video/103929,"I Made The Crazy Tornado Omelet 
Who knew eggs could even be made this way - can Inga make the epic tornado omelet rice? Follow Inga for more fun food content: https://www.instagram.com/ingatylam/",,20200522-2300
https://www.buzzfeed.com/kaylayandoli/these-random-questions-will-reveal-the-decade-you-were-born?origin=web-hf,I Know The Decade You Were Born In Based On How You Answer These 15 Questions,,20200522-2300
https://www.buzzfeed.com/farrahpenn/phytophotodermatitis-sunlight-lime-photos?origin=web-hf,These Graphic Pictures Show What Can Happen If You Go Outside After Handling Limes,,20200522-2300
https://www.buzzfeednews.com/article/venessawong/low-wages-cut-hours-few-benefits-essential-work?origin=web-hf,“I Am Only Earning $300 A Week”: Here’s What People Are Making For Essential Work,,20200522-2300
https://www.buzzfeed.com/hannahmarder/choose-from-these-aesthetic-photos-to-find-out-which?origin=web-hf,Choose From These Aesthetic Photos To Find Out Which Fictional Mermaid You Are,,20200522-2300
https://www.buzzfeed.com/kirbybeaton/geography-quiz-fake-cities?origin=web-hf,Can You Pick Which 9 Cities Don't Actually Exist?,,20200522-2300
https://www.buzzfeed.com/newsoclock/news-oclock-issa-rae-insecure-lovebirds-pandemic?origin=web-hf,News O'Clock: Issa Rae Won't Let The Pandemic Slow Her Down,,20200522-2300
https://www.buzzfeednews.com/article/scaachikoul/selling-sunset-season-2-netflix-adam-divello?origin=web-hf,I Went To The Set Of A Reality TV Show And It's Not Like What You Might Think,,20200522-2300
https://www.buzzfeed.com/marietelling/pantry-staple-recipes-on-a-budget?origin=web-hf,8 Non-Perishables That Belong In Every Kitchen (And How To Turn Them Into Meals),,20200522-2300
/watch/video/104128,"We Wore Monochromatic Outfits For A Week
""This might be a once and done, video exclusive, your eyes only!""",,20200522-2300
https://www.buzzfeed.com/morgansloss1/celeb-quarantine-favorites?origin=web-hf,Time To Pick Which Famous People You'd Love To Spend Quarantine With,,20200522-2300
https://www.buzzfeed.com/kristatorres/jason-derulos-tried-to-eat-corn-off-a-power-drill?origin=web-hf,Jason Derulo Tried To Eat Corn Off A Power Drill And Things Did Not Go Well,,20200522-2300
https://www.buzzfeed.com/pablovaldivia/cats-being-rude?origin=web-hf,21 Cats Who Know They're Adorable Jerks And Are Proud Of It,,20200522-2300
https://www.buzzfeed.com/daves4/childhood-house-quiz?origin=web-hf,"Sorry, But It's Pretty Much Impossible To Pass This Quiz If You're Over 30",,20200522-2300
https://www.buzzfeed.com/isabellalouise/can-you-name-every-capital-in-this-a-z-country-qui-g98utjsi6?origin=web-hf,I Will Be Seriously Impressed If You Can Name The Capitals Of These 24 Countries,,20200522-2300
https://www.buzzfeednews.com/article/ryancbrooks/joe-biden-charlamagne-black-breakfast-club?origin=web-hf,"Joe Biden Told Charlamagne He ""Ain't Black"" If He's Having Trouble Deciding Whether To Vote For Him Or Trump",,20200522-2300
https://www.buzzfeed.com/hannahmarder/what-actor-from-a-teen-show-is-actually-amazing?origin=web-hf,What Actor From A Teen Drama Carried The Show On Their Back?,,20200522-2300
https://www.buzzfeed.com/whitneyjefferson/new-movies-being-released-may-22-2020?origin=web-hf,Here Are All Of The New Movies Coming Out This Weekend,,20200522-2300
https://www.buzzfeednews.com/article/danvergano/coronavirus-tips-spike-loop-protein-symptoms-death?origin=web-hf,The Coronavirus Has A Mysterious “Loop” That Lets It Quickly Attack Human Lungs. Here’s How It Works.,,20200522-2300
https://www.buzzfeed.com/eleanorbate/kristen-bell-daughter-diapers-mom-shaming?origin=web-hf,"Kristen Bell Opened Up About Mom-Shaming And Revealed Her 5-Year-Old Daughter Is ""Still In Diapers""",,20200522-2300
https://www.buzzfeednews.com/article/davidmack/son-stabs-dad-murder-zoom-call?origin=web-hf,A Guy Was On A Zoom Call When His Son Allegedly Stabbed Him To Death,,20200522-2300
https://www.buzzfeed.com/marinettestitch/can-you-guess-the-disney-princess-just-by-her-colo-epcyfshdi7?origin=web-hf,Guess The Disney Princess From Her Colour Palette And We'll Reveal How Much Of A Disney Stan You Are,,20200522-2300
https://www.buzzfeed.com/lyapalater/things-famous-people-were-photographed-doing-this-week-5-22?origin=web-hf,16 Things Famous People Were Photographed Doing This Week,,20200522-2300
https://www.buzzfeed.com/kaylaboyd/puma-memorial-day-sale?origin=web-hf,"If You Want To Replace Those Old Everyday Sneakers, Puma Is Offering 30% Off Your Entire Purchase",,20200522-2300
https://www.buzzfeed.com/valentinamustafa/we-can-guess-the-initials-of-your-soulmate-by-your-3xftdit82c?origin=web-hf,Wanna Know Your Future Soulmate's Initials? Just Tell Us Your Music Preferences To Find Out,,20200522-2300
https://www.buzzfeed.com/lakenbrooks222/eat-your-favorite-desserts-and-well-tell-you-whic-yf5ecuouc?origin=web-hf,Eat Your Favorite Desserts And We'll Tell You Which Disney Villain You Are,,20200522-2300
/watch/video/105061,"I Tried Boba Ice Cream From This Viral Ice Cream Shop
Follow Jasmine for more travel & food content! https://www.instagram.com/jasminepak/ ✨ Boba pints are only available online during Online Pint Drops. They will be available in-store at the opening of the Fairfax location in June! Check https://www.wanderlustcreamery.com/ for their latest updates for availability.",,20200522-2300
https://www.buzzfeed.com/marvelhorcrux/sort-the-avengers-to-find-out-what-hogwarts-house-2aqu6d6aog?origin=web-hf,Where You Sort These Avengers Will Determine Which Hogwarts House You Belong In,,20200522-2300
https://www.buzzfeednews.com/article/emaoconnor/animal-crossing-ramadan-2020-eid-celebration-coronavirus?origin=web-hf,"The Coronavirus Canceled Ramadan Celebrations Around The World, So This Game Developer Re-Created Them In “Animal Crossing”",,20200522-2300
https://www.buzzfeed.com/elliewoodward/kristin-cavallaris-friend-kelly-henderson-instagram-drama?origin=web-hf,Kristin Cavallari's Ex-Best Friend Is Being Dragged In Her Instagram Comments Over Jay Cutler Again And This Time She’s Responded,,20200522-2300
https://www.buzzfeed.com/soothnessbyshubhamg/here-are-disney-movies-10-supporting-characters-9rq6ct7w5j?origin=web-hf,Most Disney Fans Will Not Be Able To Identify Which Movie These Supporting Characters Are From,,20200522-2300
https://www.buzzfeed.com/emlyntravis/k-pop-news-522?origin=web-hf,"NCT 127 Performs New Song ""Punch"" At Live Concert, And 4 More K-Pop Stories You Need To Catch Up On",,20200522-2300
https://www.buzzfeednews.com/article/paulmcleod/coronavirus-states-reopening-back-to-work-lawsuits?origin=web-hf,No One Is Ready To Step In And Provide Safety Guidance As Businesses And Work Places Start To Reopen,,20200522-2300
https://www.buzzfeednews.com/article/maryanngeorgantopoulos/coronavirus-quaranteam-expanding-quarantine-circles?origin=web-hf,Tell Us: How Are You Expanding Your Quarantine Circle To Include More People?,,20200522-2300
https://www.buzzfeednews.com/article/davidmack/tiger-king-director-eric-goode-pays-restaurant-staff?origin=web-hf,"The Director Of ""Tiger King"" Has Now Paid Restaurant Staff He Laid Off Due To The Coronavirus Pandemic",,20200522-2300
/watch/video/102294,"We Didn't Use Toilet Paper For A Week 
Auri gets Steve to try reusable toilet paper, will he like it?",,20200522-2300
https://www.buzzfeed.com/leonielove/are-you-a-disney-nerd-even-if-you-arent-you-can-bpsaewfmso?origin=web-hf,Only A True Disney Nerd Can Score At Least 6/7 On This Disney Movie Quiz,,20200522-2300
https://www.buzzfeed.com/morgansloss1/sorry-but-you-can-only-pick-one-movie-character-for-every?origin=web-hf,Let's See If You'd Pick The Same Movie Character For Every Letter Of The Alphabet As Everyone Else,,20200522-2300
https://www.buzzfeed.com/sam_cleal/guess-the-celeb-by-their-parent-quiz?origin=web-hf,Here Are 16 Celebrity Parents – If You Can Match At Least Half To Their Child I'll Be Impressed,,20200522-2300
https://www.buzzfeed.com/laurengarafano/pick-one-hot-guy-per-teen-drama-poll?origin=web-hf,I Regret To Inform You That You Can Only Pick One Hot Guy Per TV Show,,20200522-2300
https://www.buzzfeed.com/flienlikesunicorn/what-percent-unicorn-are-you-964u4ihd3e?origin=web-hf,Want To Know What % Unicorn You Are? Answer Some Sparkly Questions To Find Out,,20200522-2300
https://www.buzzfeed.com/kaylaboyd/laundry-tips-our-readers-actually-swear-by?origin=web-hf,17 Laundry Tips Our Readers Actually Swear By,,20200522-2300
https://www.buzzfeed.com/benhenry/demi-lovato-boyfriend-max-ehrich-old-tweet?origin=web-hf,Demi Lovato Shared An Old Tweet Her Boyfriend Posted In 2011 About Wanting To Date Her And The Whole Thing Is Super Cute,,20200522-2300
https://www.buzzfeed.com/terrycarter/jeannie-mai-quarantine-interview?origin=web-hf,Jeannie Mai Shared What She's Been Doing At Home And It Sounds Like Her Quarantine Has Been Lit,,20200522-2300
/watch/video/99501,"Boricua From The Island vs The Mainland 
Love one another, Puerto Ricans from around the world!",,20200522-2300
https://www.buzzfeed.com/frazyeah/plan-a-european-road-trip-and-ill-give-you-an-und-d9677ttbfw?origin=web-hf,We'll Give You An Underrated Netflix Movie To Watch Based On The European Road Trip You Plan,,20200522-2300
https://www.buzzfeed.com/sp177/if-you-can-name-all-10-of-these-animals-from-frien-f9ehybf6k8?origin=web-hf,"You Might Be Obsessed With ""Friends"" If You Can Pass This ""Jeopardy!"" Trivia Quiz About The Animals In The Show",,20200522-2300
https://www.buzzfeed.com/nusrat21/eloquii-sale-post-50-percent-off-sale?origin=web-hf,Eloquii Is Giving 50% Off On Items Already On Sale And Your Summer Wardrobe Is About To Be The Most Stylish It's Ever Been,,20200522-2300
https://www.buzzfeed.com/malloryannp/bed-frames-thatll-basically-be-the-star-of-your-bedroom?origin=web-hf,29 Bed Frames That'll Basically Be The Star Of Your Bedroom,,20200522-2300
https://www.buzzfeed.com/hannahmarder/can-you-name-a-harry-potter-character-for-every-letter-of?origin=web-hf,"26 ""Harry Potter"" Characters Stand Between You And Acing This Quiz",,20200522-2300
https://www.buzzfeednews.com/article/danvergano/coronavirus-malaria-drug-trump-deadly-hydroxychloroquine?origin=web-hf,A New Study Says The Malaria Drug Touted (And Taken) By Trump Looks Deadly For Coronavirus Patients,,20200522-2300
https://www.buzzfeednews.com/article/joshbillinson/cats-fighting-chuck-e-cheeze-pizzeria?origin=web-hf,"Did You See These Cats Interrupt A News Broadcast? Plus, Chuck E. Cheese’s Delivery Secret!",,20200522-2300
https://www.buzzfeed.com/melanie_aman/backcountry-memorial-day-weekend-sale-up-to-50-off?origin=web-hf,Just FYI: Backcountry's Having A Huge Sale On Everything You Need For Summer,,20200522-2300
https://www.buzzfeednews.com,BuzzFeed NewsReporting on what you care about. We hold major institutions accountable and expose wrongdoing.,,20200522-2330
https://www.tasty.co,"BuzzFeed TastySearch, watch, and cook every single Tasty recipe and video ever - all in one place!",,20200522-2330
https://www.buzzfeed.com/goodful,"BuzzFeed GoodfulSelf care and ideas to help you live a healthier, happier life.",,20200522-2330
https://www.buzzfeed.com/bringme,"BuzzFeed Bring MeObsessed with travel? Discover unique things to do, places to eat, and sights to see in the best destinations around the world with Bring Me!",,20200522-2330
https://www.buzzfeed.com/asis,"BuzzFeed As IsSomething for everyone interested in hair, makeup, style, and body positivity.",,20200522-2330
https://www.buzzfeed.com/lyapalater/things-famous-people-were-photographed-doing-this-week-5-22?ref=hpsplash&origin=spl,16 Things Famous People Were Photographed Doing This Week,,20200522-2330
https://www.buzzfeed.com/hbraga/kitchen-products-worth-investment?origin=hpp,38 Kitchen Products That Are Totally Worth The Investment,,20200522-2330
https://www.buzzfeed.com/newsletters?ref=hplego,"WTF Is Happening Today? BuzzFeed Newsletters Can Help!
We have newsletters to help you stay in the loop AND newsletters to help you forget! Try one today!",,20200522-2330
https://www.buzzfeed.com/kristatorres/i-didnt-know-i-was-pregnant?origin=web-hf,I Got Pregnant After Taking The Morning After Pill And Didn't Know It For Six Months,,20200522-2330
https://www.buzzfeed.com/daniellaemanuel/things-every-single-dad-does?origin=web-hf,Why Does Every Dad Do These 19 Things?,,20200522-2330
https://www.buzzfeed.com/andrewziegler/quiz-party?origin=shp,"You Can Now Take BuzzFeed Quizzes In Real Time With Your Friends — You’re Welcome
Let’s get this party started.",,20200522-2330
https://www.buzzfeed.com/jenniferabidor/friends-a-to-z?origin=shp,"This ""Friends"" A–Z Quiz Will Reveal Which Main Character You Are",,20200522-2330
https://www.buzzfeed.com/sarahaspler/taste-in-disney-movies-age-quiz?origin=shp,Can We Accurately Guess Your Age Based On Your Taste In Disney Movies?,,20200522-2330
https://www.buzzfeed.com/andrewziegler/quiz-romantic-type?origin=shp,There Are Actually Only Four Romantic Types And We Can Accurately Guess Yours,,20200522-2330
https://www.buzzfeed.com/sarahaspler/everyone-has-a-fruit-that-matches-their-personalit?origin=shp,Everyone Has A Fruit That Matches Their Personality – Here’s Yours,,20200522-2330
https://www.buzzfeed.com/quizparty,Keep the quiz party going,,20200522-2330
https://www.buzzfeed.com/kathryn09/are-you-a-main-character-8dp9p36iy6?origin=web-hf,You're Either A Main Character Or A Supporting Character — Take This Quiz And We'll Reveal Which One,,20200522-2330
https://www.buzzfeed.com/daniellaemanuel/mistakes-movies-shows?origin=web-hf,18 Huge Errors In Movies And Shows That I'm Shocked No One Caught,,20200522-2330
https://www.buzzfeed.com/maitlandquitmeyer/best-memorial-day-sales-deals-2020?origin=hshp,"All The Best Memorial Day Weekend Deals
The savings start now.",,20200522-2330
https://www.buzzfeed.com/kaylasuazo/all-the-best-memorial-day-mattress-sales-2020?origin=hshp,All Of The Best Memorial Day Mattress Sales,,20200522-2330
https://www.buzzfeed.com/emmalord9/best-deals-wayfair-memorial-day-sale?origin=hshp,All The Best Deals At Wayfair's Memorial Day Sale,,20200522-2330
https://www.buzzfeed.com/abbykass/zappos-memorial-day-sale?origin=hshp,You Can Save On *So* Many Popular Shoes During The Zappos Memorial Day Sale,,20200522-2330
https://www.buzzfeed.com/elenamgarcia/dyson-is-having-a-pretty-major-memorial-day-sale-no-better?origin=hshp,Dyson Is Having A Pretty Major Memorial Day Sale — No Better Time Than Now To Get Yourself A New Vacuum,,20200522-2330
https://www.buzzfeed.com/shopping?origin=hshp,See more great product recommendations,,20200522-2330
https://www.buzzfeed.com/caseyrackham/describe-the-movie-in-three-words-twitter?origin=web-hf,Can You Guess These Famous Films With Nothing But Three-Word Hints?,,20200522-2330
/watch/video/103886,"Ex-Cyber Criminal Answers Burning Questions About The Dark Web
Can you actually hire a hitman on the dark web...?",,20200522-2330
https://www.buzzfeed.com/jennaguillaume/the-great-tv-series-funny-tweets-memes?origin=web-hf,"People Are Addicted To ""The Great"" And Making Excellent Memes",,20200522-2330
https://www.buzzfeednews.com/article/ariannarebolini/best-summer-books-brit-bennett-summer-reading?origin=shp,"29 Summer Books You Won’t Be Able To Put Down
From a Zadie Smith–approved debut to bestselling author Brit Bennett’s second novel.",,20200522-2330
https://www.buzzfeednews.com/article/ariannarebolini/new-book-quiz-coronavirus-memorial-day-weekend?origin=shp,Which New Book Should You Read This Weekend?,,20200522-2330
https://www.buzzfeednews.com/article/ariannarebolini/quarantine-books-reading-powells-independent-bookstore?origin=shp,31 Terrific Books Recommended By 31 Terrific Writers,,20200522-2330
https://www.buzzfeednews.com/article/tomiobaro/five-great-books-that-came-out-more-than-10-years-ago?origin=shp,Five Classic Books We Couldn't Put Down,,20200522-2330
https://www.buzzfeednews.com/article/ariannarebolini/book-adaptations-netflix-quarantine-streaming?origin=shp,32 Book Adaptations You Can Stream On Netflix Right Now,,20200522-2330
https://bzfd.it/noc-show,The daily News O'Clock podcast is here.,,20200522-2330
https://www.buzzfeed.com/mjs538/ariana-grande-without-ponytail-in-lady-gaga-music-video?origin=web-hf,Ariana Grande Took Down Her Ponytail And Lady Gaga Put Hers Up In The Gayest Moment Of 2020,,20200522-2330
https://www.buzzfeed.com/alanathellama/pick-between-these-shoes-and-well-tell-you-your-a-ctu0eiyqav?origin=web-hf,Fill Up Your Closet With New Shoes And We'll Accurately Guess Your Age,,20200522-2330
https://www.buzzfeed.com/kristatorres/celebrity-kids-who-have-basically-became-adults?origin=web-hf,10 Famous Kids Who Have Basically Became Adults Since I Last Blinked My Eyes,,20200522-2330
https://www.buzzfeed.com/stephenlaconte/found-sex-toys-boyfriends-drawer-advice-column?origin=web-hf,This Woman Found Multiple Sex Toys In Her Boyfriend's Sock Drawer — Should She Confront Him?,,20200522-2330
https://www.buzzfeed.com/noradominick/tv-moments-of-week-5-22-20?origin=web-hf,23 TV Moments From This Week That We Can't Stop Talking About,,20200522-2330
https://www.buzzfeed.com/victoriavouloumanos/stars-who-are-mixed-asian-pacific-islander?origin=shp,"34 Multiracial Celebs Who Are Actually Asian Or Pacific Islander
Relatable and inspirational icons, all of ‘em.",,20200522-2330
https://www.buzzfeed.com/sumedha_bharpilania/which-indian-comfort-food-are-you?origin=shp,"If You Were An Indian Comfort Food, Which One Would You Be?",,20200522-2330
https://www.buzzfeed.com/michellemkim/asian-male-celebs-thirst?origin=shp,21 Asian Male Celebs That Have Us Feeling Oh So Very Thirsty,,20200522-2330
https://www.buzzfeed.com/michellemkim/which-anime-best-boy-are-you?origin=shp,Quiz: Which Anime Best Boy Are You?,,20200522-2330
https://www.buzzfeed.com/badge/apahm2020,See all of our APAHM coverage here,,20200522-2330
/watch/video/106006,"""Normal People"" Stars Daisy Edgar-Jones and Paul Mescal Read Thirst Tweets
Daisy Edgar-Jones and Paul Mescal, stars of the hit Hulu series ""Normal People"", dive headfirst into the Twittersphere’s obsession with their on-screen romance, and learn that for a lot of people out there, Connell and Marianne are the ultimate OTP.",,20200522-2330
https://www.buzzfeednews.com/article/skbaer/coronavirus-public-bathrooms-safety?origin=web-hf,Here's What Public Health Experts Have To Say About Using Public Restrooms During The Coronavirus Pandemic,,20200522-2330
https://www.buzzfeed.com/buzzfeedresearch/civicscience-main3-buzz,Let Your Voice Be Heard. Tell Us Your Opinions!,,20200522-2330
https://www.buzzfeed.com/christopherhudspeth/reopening-in-america-photos-new-normal-the-future?origin=web-hf,16 Photos Of Things Opening Back Up In The US That Give An Idea Of What The Future Might Be Like,,20200522-2330
https://www.buzzfeed.com/ehisosifo1/daisy-edgar-jones-paul-mescal-normal-people-thirst-tweets?origin=web-hf,"We May Think The Italy Episode Of ""Normal People"" Is Sexy, But Paul Mescal And Daisy Edgar-Jones Disagree",,20200522-2330
https://www.buzzfeed.com/isabellalouise/lets-find-out-once-and-for-all-which-is-the-movie-19hl9k90o3?origin=web-hf,Would You Save The Same Movie In These Popular Franchises As Everyone Else?,,20200522-2330
https://www.buzzfeed.com/apa369/6-riverdale-characters-that-dont-get-enough-lov-cwcmkpmt0w?origin=web-hf,"These 6 ""Riverdale"" Characters Are Underrated, And Here Are The Extremely Valid Reasons Why",,20200522-2330
https://www.buzzfeed.com/edblueflower/only-someone-who-has-watched-mean-girls-more-tha-e90nbx7llw?origin=web-hf,"Only Someone Who Has Watched ""Mean Girls"" More Than Four Times Will Ace This Quiz",,20200522-2330
https://www.buzzfeed.com/sydrobinson1/show-us-your-high-school-sweetheart-parents,Show Us Old Pictures Of Your High School Sweetheart Parents,,20200522-2330
/watch/video/105512,"BuzzFeed Presents: The Stay At Home Talent Show
We’re showcasing all of the wonderful talents people have sharpened during quarantine. 6 acts will perform live via video conference in front of 3 comedic judges and scored on a scale from 1-10. The highest score wins a sweet surprise! Tune in for beatboxing, food art, impressions, basketball trick shots, drumming, comedy and more!",,20200522-2330
https://www.buzzfeed.com/laurengarafano/celebrity-tiktoks-of-the-week-5-22-20?origin=web-hf,"Jason Derulo Chipped His Teeth While Trying A Corn On The Cob Hack, And 15 More Things Celebs Did On TikTok This Week",,20200522-2330
https://www.buzzfeed.com/lakenbrooks222/can-you-solve-this-disney-princess-murder-mystery-chhbh703ee?origin=web-hf,Solve This Pretend Disney Princess Murder Mystery To Prove You're A True Sleuth,,20200522-2330
https://www.buzzfeednews.com/article/ikrd/parents-buy-printer-when-girl-asks-for-ink?origin=web-hf,These Parents Went Viral After They Bought Their Daughter A Whole New Printer Instead Of New Ink Cartridges,,20200522-2330
https://www.buzzfeed.com/morganmurrell/celebrity-instagrams-this-week-5-22-2020?origin=web-hf,18 Celebrity Instagrams You Probably Missed This Week,,20200522-2330
https://www.buzzfeednews.com/article/katebubacz/most-powerful-photos-may-22?origin=web-hf,24 Of The Most Powerful Photos Of This Week,,20200522-2330
https://www.buzzfeed.com/kellymartinez/tired-of-video-meetings?origin=web-hf,"Zoom Fatigue Is Real, And You Probably Have It If You Relate To These 16 Tweets",,20200522-2330
https://www.buzzfeed.com/elenamgarcia/bedtime-accessories-thatll-help-you-get-a-better?origin=web-hf,39 Bedtime Accessories That'll Help You Get A Better Night's Rest,,20200522-2330
https://www.buzzfeed.com/andyneuenschwander/iphone-tricks-on-tiktok-blowing-my-mind-jessicawangofficial?origin=web-hf,These iPhone Tricks On TikTok Are Kinda Blowing My Mind Right Now,,20200522-2330
/watch/video/103685,"New Orleans Vlog : A Rat Came In And Pooped In Our Airbnb!!! | Jasmine Pak
If you guys are looking for what to do in New Orleans, feel free to use this as a guide! ... minus the rat in the Airbnb part haha.  Let me know if you want to see more travel vlogs in the future when we're all able to get out of quarantine!   My friends and I have been meeting up every few months in a different location since graduating college. Where should we go next? Follow me on Instagram! @jasminepak",,20200522-2330
https://www.buzzfeed.com/pablovaldivia/cheese-quiz-inner-age?origin=web-hf,"Rate 20 Cheeses From ""Yuck"" To ""Yum"" And We'll Reveal Your Inner Age",,20200522-2330
https://www.buzzfeed.com/victoriagasparowicz/if-you-can-identify-18-out-of-20-of-these-gilmore-girls?origin=web-hf,"I Feel Like If You've Seen ""Gilmore Girls"" More Than Once Then You Can Identify At Least 18/20 Of These Characters",,20200522-2330
https://www.buzzfeed.com/lucyruth/which-quarantine-trend-should-you-try-next-ei0sgl61hv?origin=web-hf,Take This Personality Quiz To Reveal Which Quarantine Trend You Should Try,,20200522-2330
https://www.buzzfeed.com/josieayre1/super-cute-animal-tweets-that-will-melt-your-heart?origin=web-hf,21 Wholesome Tweets About Animals That Prove How Ridiculous They Are,,20200522-2330
https://www.buzzfeed.com/daniellaemanuel/scary-tiktok-sandwich?origin=web-hf,"Everyone Is Terrified By This TikTok Sandwich, So I Decided To Try It",,20200522-2330
https://www.buzzfeed.com/jonmichaelpoff/costco-worker-kicked-out-customer-no-mask?origin=web-hf,This Video Of A Costco Worker Kicking Out A Guy For Not Wearing A Mask Is Going Viral Because It's So Wild,,20200522-2330
https://www.buzzfeed.com/mermaidbarbie/everyone-is-a-combination-of-a-disney-princess-and-7a2ivypbis?origin=web-hf,Everyone Is 50% A Disney Princess And 50% A Disney Villain — Here's Your Combo,,20200522-2330
https://www.buzzfeed.com/christopherhudspeth/how-well-do-you-actually-remember-the-twilight-baseball?origin=web-hf,"Only True ""Twilight"" Fans Can Hit A Home Run On This Baseball Scene Quiz",,20200522-2330
/watch/video/103929,"I Made The Crazy Tornado Omelet 
Who knew eggs could even be made this way - can Inga make the epic tornado omelet rice? Follow Inga for more fun food content: https://www.instagram.com/ingatylam/",,20200522-2330
https://www.buzzfeed.com/genevievescarano/workout-essentials-get-on-sale-right-now?origin=web-hf,Just 27 Pieces Of Activewear You Can Get On Sale Right Now,,20200522-2330
https://www.buzzfeed.com/mjs538/martha-stewart-posted-an-extremely-sexual-instagram-caption?origin=web-hf,"Martha Stewart Accidentally Posted An Extremely Sexual Instagram Caption About Chicken And I Guess She's Really Horny, Y'all",,20200522-2330
https://www.buzzfeed.com/kaylayandoli/these-random-questions-will-reveal-the-decade-you-were-born?origin=web-hf,I Know The Decade You Were Born In Based On How You Answer These 15 Questions,,20200522-2330
https://www.buzzfeed.com/farrahpenn/phytophotodermatitis-sunlight-lime-photos?origin=web-hf,These Graphic Pictures Show What Can Happen If You Go Outside After Handling Limes,,20200522-2330
https://www.buzzfeed.com/ehisosifo1/ryan-murphy-glee-reboot-instagram?origin=web-hf,"Everyone Wants In On Ryan Murphy's ~Potential~ ""Glee"" Reboot Starring Lea Michele, Beanie Feldstein, And Ben Platt",,20200522-2330
https://www.buzzfeednews.com/article/venessawong/low-wages-cut-hours-few-benefits-essential-work?origin=web-hf,“I Am Only Earning $300 A Week”: Here’s What People Are Making For Essential Work,,20200522-2330
https://www.buzzfeed.com/hannahmarder/choose-from-these-aesthetic-photos-to-find-out-which?origin=web-hf,Choose From These Aesthetic Photos To Find Out Which Fictional Mermaid You Are,,20200522-2330
https://www.buzzfeed.com/kirbybeaton/geography-quiz-fake-cities?origin=web-hf,Can You Pick Which 9 Cities Don't Actually Exist?,,20200522-2330
/watch/video/104128,"We Wore Monochromatic Outfits For A Week
""This might be a once and done, video exclusive, your eyes only!""",,20200522-2330
https://www.buzzfeednews.com/article/scaachikoul/selling-sunset-season-2-netflix-adam-divello?origin=web-hf,I Went To The Set Of A Reality TV Show And It's Not Like What You Might Think,,20200522-2330
https://www.buzzfeed.com/morgansloss1/celeb-quarantine-favorites?origin=web-hf,Time To Pick Which Famous People You'd Love To Spend Quarantine With,,20200522-2330
https://www.buzzfeed.com/marietelling/pantry-staple-recipes-on-a-budget?origin=web-hf,8 Non-Perishables That Belong In Every Kitchen (And How To Turn Them Into Meals),,20200522-2330
https://www.buzzfeed.com/pablovaldivia/cats-being-rude?origin=web-hf,21 Cats Who Know They're Adorable Jerks And Are Proud Of It,,20200522-2330
https://www.buzzfeed.com/daves4/childhood-house-quiz?origin=web-hf,"Sorry, But If You're Over 30 You're Going To Have An Impossible Time Passing This Quiz",,20200522-2330
https://www.buzzfeed.com/kristatorres/jason-derulos-tried-to-eat-corn-off-a-power-drill?origin=web-hf,Jason Derulo Tried To Eat Corn Off A Power Drill And Things Did Not Go Well,,20200522-2330
https://www.buzzfeed.com/isabellalouise/can-you-name-every-capital-in-this-a-z-country-qui-g98utjsi6?origin=web-hf,I Will Be Seriously Impressed If You Can Name The Capitals Of These 24 Countries,,20200522-2330
https://www.buzzfeednews.com/article/ryancbrooks/joe-biden-charlamagne-black-breakfast-club?origin=web-hf,"Joe Biden Told Charlamagne He ""Ain't Black"" If He's Having Trouble Deciding Whether To Vote For Him Or Trump",,20200522-2330
https://www.buzzfeed.com/hannahmarder/what-actor-from-a-teen-show-is-actually-amazing?origin=web-hf,What Actor From A Teen Drama Carried The Show On Their Back?,,20200522-2330
https://www.buzzfeed.com/newsoclock/news-oclock-issa-rae-insecure-lovebirds-pandemic?origin=web-hf,News O'Clock: Issa Rae Won't Let The Pandemic Slow Her Down,,20200522-2330
https://www.buzzfeed.com/whitneyjefferson/new-movies-being-released-may-22-2020?origin=web-hf,Here Are All Of The New Movies Coming Out This Weekend,,20200522-2330
https://www.buzzfeed.com/eleanorbate/kristen-bell-daughter-diapers-mom-shaming?origin=web-hf,"Kristen Bell Opened Up About Mom-Shaming And Revealed Her 5-Year-Old Daughter Is ""Still In Diapers""",,20200522-2330
https://www.buzzfeednews.com/article/davidmack/son-stabs-dad-murder-zoom-call?origin=web-hf,A Guy Was On A Zoom Call When His Son Allegedly Stabbed Him To Death,,20200522-2330
https://www.buzzfeed.com/marinettestitch/can-you-guess-the-disney-princess-just-by-her-colo-epcyfshdi7?origin=web-hf,Guess The Disney Princess From Her Colour Palette And We'll Reveal How Much Of A Disney Stan You Are,,20200522-2330
https://www.buzzfeednews.com/article/danvergano/coronavirus-tips-spike-loop-protein-symptoms-death?origin=web-hf,The Coronavirus Has A Mysterious “Loop” That Lets It Quickly Attack Human Lungs. Here’s How It Works.,,20200522-2330
https://www.buzzfeed.com/kaylaboyd/puma-memorial-day-sale?origin=web-hf,Puma Is Taking 30% Off Your Entire Order So It's Time To Revamp Your Workout Wardrobe,,20200522-2330
/watch/video/105061,"I Tried Boba Ice Cream From This Viral Ice Cream Shop
Follow Jasmine for more travel & food content! https://www.instagram.com/jasminepak/ ✨ Boba pints are only available online during Online Pint Drops. They will be available in-store at the opening of the Fairfax location in June! Check https://www.wanderlustcreamery.com/ for their latest updates for availability.",,20200522-2330
https://www.buzzfeed.com/valentinamustafa/we-can-guess-the-initials-of-your-soulmate-by-your-3xftdit82c?origin=web-hf,Wanna Know Your Future Soulmate's Initials? Just Tell Us Your Music Preferences To Find Out,,20200522-2330
https://www.buzzfeed.com/lakenbrooks222/eat-your-favorite-desserts-and-well-tell-you-whic-yf5ecuouc?origin=web-hf,Eat Your Favorite Desserts And We'll Tell You Which Disney Villain You Are,,20200522-2330
https://www.buzzfeed.com/marvelhorcrux/sort-the-avengers-to-find-out-what-hogwarts-house-2aqu6d6aog?origin=web-hf,Where You Sort These Avengers Will Determine Which Hogwarts House You Belong In,,20200522-2330
https://www.buzzfeed.com/elliewoodward/kristin-cavallaris-friend-kelly-henderson-instagram-drama?origin=web-hf,Kristin Cavallari's Ex-Best Friend Is Being Dragged In Her Instagram Comments Over Jay Cutler Again And This Time She’s Responded,,20200522-2330
https://www.buzzfeednews.com/article/emaoconnor/animal-crossing-ramadan-2020-eid-celebration-coronavirus?origin=web-hf,"The Coronavirus Canceled Ramadan Celebrations Around The World, So This Game Developer Re-Created Them In “Animal Crossing”",,20200522-2330
https://www.buzzfeed.com/soothnessbyshubhamg/here-are-disney-movies-10-supporting-characters-9rq6ct7w5j?origin=web-hf,Most Disney Fans Will Not Be Able To Identify Which Movie These Supporting Characters Are From,,20200522-2330
https://www.buzzfeed.com/emlyntravis/k-pop-news-522?origin=web-hf,"BTS's Suga Releases Second Mixtape ""D-2,"" And 4 Other K-Pop Headlines You Need To Read",,20200522-2330
https://www.buzzfeed.com/leonielove/are-you-a-disney-nerd-even-if-you-arent-you-can-bpsaewfmso?origin=web-hf,Only A True Disney Nerd Can Score At Least 6/7 On This Disney Movie Quiz,,20200522-2330
/watch/video/102294,"We Didn't Use Toilet Paper For A Week 
Auri gets Steve to try reusable toilet paper, will he like it?",,20200522-2330
https://www.buzzfeednews.com/article/paulmcleod/coronavirus-states-reopening-back-to-work-lawsuits?origin=web-hf,No One Is Ready To Step In And Provide Safety Guidance As Businesses And Work Places Start To Reopen,,20200522-2330
https://www.buzzfeed.com/sam_cleal/guess-the-celeb-by-their-parent-quiz?origin=web-hf,Here Are 16 Celebrity Parents – If You Can Match At Least Half To Their Child I'll Be Impressed,,20200522-2330
https://www.buzzfeed.com/morgansloss1/sorry-but-you-can-only-pick-one-movie-character-for-every?origin=web-hf,Let's See If You'd Pick The Same Movie Character For Every Letter Of The Alphabet As Everyone Else,,20200522-2330
https://www.buzzfeednews.com/article/davidmack/tiger-king-director-eric-goode-pays-restaurant-staff?origin=web-hf,"The Director Of ""Tiger King"" Has Now Paid Restaurant Staff He Laid Off Due To The Coronavirus Pandemic",,20200522-2330
https://www.buzzfeed.com/laurengarafano/pick-one-hot-guy-per-teen-drama-poll?origin=web-hf,I Regret To Inform You That You Can Only Pick One Hot Guy Per TV Show,,20200522-2330
https://www.buzzfeednews.com/article/maryanngeorgantopoulos/coronavirus-quaranteam-expanding-quarantine-circles?origin=web-hf,Tell Us: How Are You Expanding Your Quarantine Circle To Include More People?,,20200522-2330
https://www.buzzfeed.com/flienlikesunicorn/what-percent-unicorn-are-you-964u4ihd3e?origin=web-hf,Want To Know What % Unicorn You Are? Answer Some Sparkly Questions To Find Out,,20200522-2330
https://www.buzzfeed.com/kaylaboyd/laundry-tips-our-readers-actually-swear-by?origin=web-hf,17 Laundry Tips Our Readers Actually Swear By,,20200522-2330
/watch/video/99501,"Boricua From The Island vs The Mainland 
Love one another, Puerto Ricans from around the world!",,20200522-2330
https://www.buzzfeed.com/benhenry/demi-lovato-boyfriend-max-ehrich-old-tweet?origin=web-hf,Demi Lovato Shared An Old Tweet Her Boyfriend Posted In 2011 About Wanting To Date Her And The Whole Thing Is Super Cute,,20200522-2330
https://www.buzzfeed.com/terrycarter/jeannie-mai-quarantine-interview?origin=web-hf,Jeannie Mai Shared What She's Been Doing At Home And It Sounds Like Her Quarantine Has Been Lit,,20200522-2330
https://www.buzzfeed.com/frazyeah/plan-a-european-road-trip-and-ill-give-you-an-und-d9677ttbfw?origin=web-hf,We'll Give You An Underrated Netflix Movie To Watch Based On The European Road Trip You Plan,,20200522-2330
https://www.buzzfeed.com/sp177/if-you-can-name-all-10-of-these-animals-from-frien-f9ehybf6k8?origin=web-hf,"You Might Be Obsessed With ""Friends"" If You Can Pass This ""Jeopardy!"" Trivia Quiz About The Animals In The Show",,20200522-2330
https://www.buzzfeed.com/nusrat21/eloquii-sale-post-50-percent-off-sale?origin=web-hf,Eloquii Is Giving 50% Off On Items Already On Sale And Your Summer Wardrobe Is About To Be The Most Stylish It's Ever Been,,20200522-2330
https://www.buzzfeed.com/malloryannp/bed-frames-thatll-basically-be-the-star-of-your-bedroom?origin=web-hf,29 Bed Frames That'll Basically Be The Star Of Your Bedroom,,20200522-2330
https://www.buzzfeed.com/hannahmarder/can-you-name-a-harry-potter-character-for-every-letter-of?origin=web-hf,"26 ""Harry Potter"" Characters Stand Between You And Acing This Quiz",,20200522-2330
https://www.buzzfeednews.com/article/danvergano/coronavirus-malaria-drug-trump-deadly-hydroxychloroquine?origin=web-hf,A New Study Says The Malaria Drug Touted (And Taken) By Trump Looks Deadly For Coronavirus Patients,,20200522-2330
/watch/video/105540,"Camp Counselor Horror Stories
In honor of summer former camp counselors share their craziest, weirdest and funniest experiences from camp.",,20200522-2330
